AF3,AF4,F3,F4,F7,F8,FC5,FC6,O1,O2,P7,P8,T7,T8,time
-0.0002756776770678912,0.00012782048023099766,-0.00036554356612551877,-0.0003877323698366218,-0.0015204286213945288,0.00025353134844136255,0.0002545052183839204,0.0002834265838635921,0.0006971145921497538,-0.0002218298234289907,0.0006666105437695175,-0.000625223179866484,0.0008891788023885701,0.00022424766847609933,0.0
-0.00027567767706702663,0.00012782048023148024,-0.0003655435661246542,-0.0003877323698361855,-0.0015204286213945277,0.00025353134844199285,0.00025450521838434113,0.00028342658386402834,0.00069711459214978,-0.00022182982342850812,0.0006666105437695653,-0.0006252231798660476,0.0008891788023894346,0.00022424766847614714,0.0078125
-0.0002756776770655802,0.00012782048023261987,-0.0003655435661232077,-0.00038773236983509984,-0.0015204286213930283,0.00025353134844307337,0.00025450521838560255,0.00028342658386511406,0.000697114592150898,-0.00022182982342736844,0.0006666105437709043,-0.000625223179864962,0.0008891788023908812,0.00022424766847748608,0.015625
-0.0002756776770655205,0.0001278204802328335,-0.00036554356612314806,-0.0003877323698349166,-0.0015204286213929216,0.0002535313484433052,0.00025450521838554904,0.0002834265838652973,0.0006971145921511553,-0.00022182982342715485,0.0006666105437710237,-0.0006252231798647787,0.0008891788023909407,0.0002242476684776056,0.0234375
-0.00027567767706649743,0.00012782048023185955,-0.000365543566124125,-0.0003877323698359383,-0.0015204286213939132,0.000253531348442155,0.0002545052183846678,0.00028342658386427554,0.0006971145921500111,-0.0002218298234281288,0.0006666105437699717,-0.0006252231798658005,0.000889178802389964,0.0002242476684765536,0.03125
-0.00027567767706655397,0.00012782048023188858,-0.0003655435661241815,-0.00038773236983584425,-0.0015204286213938662,0.0002535313484424322,0.00025450521838473746,0.0002834265838643696,0.0006971145921502241,-0.00022182982342809973,0.0006666105437700913,-0.0006252231798657064,0.0008891788023899074,0.00022424766847667314,0.0390625
-0.0002756776770653972,0.0001278204802331436,-0.00036554356612302467,-0.0003877323698347306,-0.0015204286213925356,0.00025353134844356354,0.0002545052183858085,0.0002834265838654833,0.0006971145921516778,-0.00022182982342684471,0.000666610543771526,-0.0006252231798645928,0.0008891788023910642,0.00022424766847810773,0.046875
-0.00027567767706548673,0.00012782048023298574,-0.00036554356612311423,-0.00038773236983476547,-0.0015204286213926098,0.0002535313484435133,0.00025450521838582313,0.0002834265838654484,0.0006971145921514055,-0.00022182982342700255,0.000666610543771478,-0.0006252231798646276,0.0008891788023909745,0.0002242476684780599,0.0546875
-0.00027567767706728537,0.00012782048023154524,-0.00036554356612491287,-0.00038773236983621304,-0.0015204286213944692,0.0002535313484419351,0.00025450521838431847,0.00028342658386400085,0.0006971145921499963,-0.00022182982342844307,0.0006666105437701391,-0.0006252231798660752,0.000889178802389176,0.00022424766847672095,0.0625
-0.0002756776770684776,0.00012782048023027192,-0.00036554356612610516,-0.000387732369837499,-0.0015204286213955376,0.0002535313484408121,0.00025450521838304323,0.00028342658386271483,0.0006971145921485298,-0.0002218298234297164,0.0006666105437686657,-0.0006252231798673612,0.0008891788023879838,0.00022424766847524752,0.0703125
-0.00027567767706804973,0.00012782048023061835,-0.00036554356612567723,-0.0003877323698372091,-0.0015204286213945848,0.00025353134844076835,0.0002545052183832408,0.00028342658386300474,0.0006971145921486318,-0.00022182982342936993,0.0006666105437691828,-0.0006252231798670713,0.0008891788023884116,0.00022424766847576458,0.078125
-0.0002756776770656506,0.00012782048023294134,-0.00036554356612327816,-0.00038773236983447517,-0.0015204286213926065,0.0002535313484435406,0.0002545052183857309,0.0002834265838657387,0.0006971145921521023,-0.00022182982342704697,0.0006666105437716694,-0.0006252231798643373,0.0008891788023908107,0.00022424766847825117,0.0859375
-0.00027567767706471175,0.00012782048023406647,-0.0003655435661223393,-0.0003877323698336265,-0.0015204286213919653,0.0002535313484443999,0.00025450521838692235,0.0002834265838665874,0.0006971145921523134,-0.00022182982342592187,0.0006666105437726258,-0.0006252231798634886,0.0008891788023917495,0.00022424766847920757,0.09375
-0.0002756776770651746,0.00012782048023323825,-0.00036554356612280214,-0.0003877323698343292,-0.0015204286213927052,0.00025353134844387877,0.0002545052183861427,0.0002834265838658847,0.0006971145921519163,-0.0002218298234267501,0.000666610543771765,-0.0006252231798641913,0.0008891788023912867,0.00022424766847834682,0.1015625
-0.0002756776770662303,0.00012782048023223934,-0.00036554356612385783,-0.00038773236983562784,-0.001520428621393655,0.0002535313484426654,0.00025450521838500423,0.000283426583864586,0.0006971145921503952,-0.000221829823427749,0.0006666105437703782,-0.0006252231798654901,0.0008891788023902311,0.00022424766847696005,0.109375
-0.0002756776770670097,0.00012782048023161002,-0.0003655435661246372,-0.0003877323698360921,-0.0015204286213945453,0.00025353134844192953,0.0002545052183840597,0.0002834265838641218,0.0006971145921496898,-0.0002218298234283783,0.0006666105437696609,-0.0006252231798659542,0.0008891788023894517,0.00022424766847624277,0.1171875
-0.0002756776770660695,0.00012782048023239997,-0.000365543566123697,-0.0003877323698354781,-0.0015204286213932742,0.00025353134844278654,0.00025450521838499664,0.00028342658386473573,0.0006971145921507942,-0.0002218298234275884,0.000666610543770713,-0.0006252231798653403,0.0008891788023903919,0.0002242476684772948,0.125
-0.00027567767706565576,0.0001278204802324379,-0.0003655435661232833,-0.000387732369835152,-0.0015204286213930847,0.00025353134844285853,0.00025450521838537313,0.00028342658386506186,0.0006971145921507164,-0.00022182982342755042,0.0006666105437708086,-0.0006252231798650141,0.0008891788023908055,0.00022424766847739042,0.1328125
-0.0002756776770665156,0.0001278204802317206,-0.00036554356612414314,-0.00038773236983583005,-0.0015204286213941099,0.00025353134844248936,0.0002545052183848328,0.0002834265838643838,0.0006971145921502239,-0.0002218298234282677,0.0006666105437701391,-0.0006252231798656922,0.0008891788023899456,0.00022424766847672095,0.140625
-0.00027567767706687305,0.00012782048023165382,-0.0003655435661245006,-0.00038773236983607204,-0.001520428621393993,0.00025353134844201226,0.0002545052183846027,0.0002834265838641418,0.0006971145921498981,-0.00022182982342833454,0.0006666105437698523,-0.0006252231798659342,0.0008891788023895884,0.00022424766847643405,0.1484375
-0.00027567767706633626,0.00012782048023249692,-0.0003655435661239638,-0.0003877323698354542,-0.001520428621393568,0.0002535313484425506,0.00025450521838507785,0.00028342658386475963,0.0006971145921504689,-0.0002218298234274914,0.000666610543770426,-0.0006252231798653163,0.000889178802390125,0.0002242476684770079,0.15625
-0.0002756776770669363,0.00012782048023138843,-0.0003655435661245638,-0.00038773236983675005,-0.0015204286213945264,0.00025353134844161295,0.0002545052183840914,0.0002834265838634638,0.0006971145921494824,-0.00022182982342859988,0.0006666105437694697,-0.0006252231798666122,0.0008891788023895251,0.0002242476684760515,0.1640625
-0.00027567767706690335,0.00012782048023162257,-0.0003655435661245309,-0.0003877323698361616,-0.001520428621394222,0.00025353134844202565,0.0002545052183844394,0.0002834265838640523,0.0006971145921499261,-0.00022182982342836577,0.0006666105437699001,-0.0006252231798660237,0.0008891788023895579,0.00022424766847648186,0.171875
-0.0002756776770658018,0.00012782048023307597,-0.00036554356612342935,-0.00038773236983472606,-0.0015204286213926325,0.00025353134844373836,0.0002545052183858458,0.0002834265838654878,0.0006971145921519063,-0.00022182982342691234,0.000666610543771765,-0.0006252231798645882,0.0008891788023906596,0.00022424766847834682,0.1796875
-0.0002756776770644963,0.00012782048023424897,-0.0003655435661221238,-0.0003877323698335745,-0.0015204286213915449,0.00025353134844482083,0.00025450521838698144,0.00028342658386663937,0.0006971145921529463,-0.00022182982342573937,0.0006666105437727692,-0.0006252231798634367,0.000889178802391965,0.000224247668479351,0.1875
-0.00027567767706480477,0.0001278204802333757,-0.0003655435661224323,-0.0003877323698334234,-0.0015204286213918688,0.00025353134844441355,0.0002545052183864137,0.00028342658386679045,0.0006971145921521873,-0.00022182982342661261,0.0006666105437720997,-0.0006252231798632855,0.0008891788023916565,0.00022424766847868154,0.1953125
-0.0002756776770665306,0.00012782048023177625,-0.00036554356612415815,-0.0003877323698357554,-0.001520428621393722,0.0002535313484424003,0.00025450521838494216,0.0002834265838644585,0.0006971145921505246,-0.00022182982342821208,0.0006666105437705217,-0.0006252231798656176,0.0008891788023899308,0.00022424766847710352,0.203125
-0.00027567767706810454,0.0001278204802303014,-0.0003655435661257321,-0.00038773236983738316,-0.0015204286213951895,0.0002535313484410487,0.0002545052183833777,0.00028342658386283073,0.0006971145921489122,-0.00022182982342968687,0.0006666105437688959,-0.0006252231798672453,0.0008891788023883568,0.00022424766847547767,0.2109375
-0.0002756776770679057,0.00012782048023021826,-0.00036554356612553325,-0.0003877323698368661,-0.001520428621395322,0.00025353134844113205,0.00025450521838321546,0.00028342658386334773,0.0006971145921489412,-0.00022182982342977008,0.0006666105437689556,-0.0006252231798667282,0.0008891788023885556,0.00022424766847553744,0.21875
-0.00027567767706729773,0.0001278204802309128,-0.0003655435661249253,-0.00038773236983662574,-0.0015204286213948127,0.0002535313484416623,0.0002545052183838951,0.0002834265838635881,0.0006971145921493817,-0.0002218298234290755,0.000666610543769374,-0.0006252231798664879,0.0008891788023891636,0.00022424766847595586,0.2265625
-0.00027567767706620464,0.00012782048023211905,-0.00036554356612383213,-0.0003877323698355627,-0.001520428621393331,0.00025353134844252807,0.00025450521838484447,0.00028342658386465116,0.0006971145921505224,-0.00022182982342786929,0.0006666105437705217,-0.0006252231798654248,0.0008891788023902567,0.00022424766847710352,0.234375
-0.00027567767706532817,0.0001278204802330975,-0.0003655435661229557,-0.0003877323698347206,-0.001520428621392639,0.0002535313484435546,0.00025450521838595285,0.00028342658386549326,0.0006971145921514395,-0.0002218298234268908,0.0006666105437713586,-0.0006252231798645828,0.0008891788023911332,0.00022424766847794036,0.2421875
-0.00027567767706590627,0.0001278204802326033,-0.0003655435661235338,-0.0003877323698349427,-0.001520428621393231,0.00025353134844315495,0.00025450521838548524,0.00028342658386527116,0.0006971145921510676,-0.00022182982342738503,0.0006666105437709043,-0.0006252231798648049,0.000889178802390555,0.00022424766847748608,0.25
-0.0002756776770667199,0.00012782048023174733,-0.0003655435661243474,-0.0003877323698359924,-0.0015204286213940522,0.00025353134844218476,0.00025450521838448284,0.00028342658386422144,0.0006971145921501488,-0.000221829823428241,0.0006666105437700913,-0.0006252231798658546,0.0008891788023897415,0.00022424766847667314,0.2578125
-0.00027567767706607063,0.0001278204802324116,-0.0003655435661236982,-0.0003877323698352795,-0.0015204286213933416,0.0002535313484429081,0.0002545052183852268,0.0002834265838649344,0.000697114592150809,-0.00022182982342757671,0.0006666105437708565,-0.0006252231798651416,0.0008891788023903906,0.00022424766847743826,0.265625
-0.00027567767706649043,0.00012782048023200011,-0.00036554356612411793,-0.0003877323698357255,-0.0015204286213938135,0.0002535313484424664,0.0002545052183849373,0.0002834265838644884,0.0006971145921505196,-0.00022182982342798822,0.00066661054377045,-0.0006252231798655875,0.0008891788023899709,0.0002242476684770318,0.2734375
-0.0002756776770660298,0.00012782048023252132,-0.00036554356612365736,-0.00038773236983509257,-0.001520428621393103,0.00025353134844310026,0.00025450521838533394,0.00028342658386512127,0.0006971145921509761,-0.00022182982342746702,0.0006666105437710477,-0.0006252231798649547,0.0008891788023904316,0.00022424766847762952,0.28125
-0.00027567767706474964,0.00012782048023383664,-0.0003655435661223772,-0.0003877323698338453,-0.001520428621391926,0.0002535313484443613,0.00025450521838665834,0.0002834265838663686,0.0006971145921522226,-0.00022182982342615167,0.0006666105437720997,-0.0006252231798637074,0.0008891788023917116,0.00022424766847868154,0.2890625
-0.0002756776770651716,0.0001278204802333962,-0.00036554356612279916,-0.0003877323698342445,-0.0015204286213924365,0.0002535313484439248,0.0002545052183860875,0.0002834265838659694,0.0006971145921517654,-0.00022182982342659212,0.0006666105437716694,-0.0006252231798641066,0.0008891788023912897,0.00022424766847825117,0.296875
-0.0002756776770666421,0.0001278204802318989,-0.0003655435661242696,-0.00038773236983574185,-0.00152042862139388,0.00025353134844242447,0.0002545052183846649,0.00028342658386447205,0.0006971145921503309,-0.0002218298234280894,0.0006666105437702826,-0.000625223179865604,0.0008891788023898192,0.00022424766847686442,0.3046875
-0.0002756776770673417,0.0001278204802312221,-0.0003655435661249692,-0.00038773236983645845,-0.0015204286213945188,0.00025353134844172776,0.000254505218384017,0.00028342658386375545,0.0006971145921496023,-0.00022182982342876622,0.0006666105437696012,-0.0006252231798663206,0.0008891788023891197,0.000224247668476183,0.3125
-0.0002756776770672934,0.000127820480231215,-0.00036554356612492094,-0.000387732369836443,-0.0015204286213944878,0.00025353134844173373,0.0002545052183840726,0.0002834265838637709,0.000697114592149643,-0.00022182982342877335,0.0006666105437696131,-0.0006252231798663051,0.0008891788023891678,0.00022424766847619495,0.3203125
-0.0002756776770664656,0.00012782048023215732,-0.00036554356612409315,-0.0003877323698355173,-0.0015204286213935912,0.0002535313484425725,0.0002545052183849828,0.00028342658386469653,0.0006971145921504695,-0.00022182982342783099,0.0006666105437705217,-0.0006252231798653795,0.0008891788023899957,0.00022424766847710352,0.328125
-0.0002756776770674176,0.00012782048023104753,-0.00036554356612504514,-0.0003877323698366477,-0.0015204286213946175,0.0002535313484415164,0.00025450521838397966,0.00028342658386356614,0.0006971145921494902,-0.00022182982342894083,0.0006666105437694697,-0.0006252231798665099,0.0008891788023890437,0.0002242476684760515,0.3359375
-0.0002756776770668083,0.00012782048023163005,-0.00036554356612443587,-0.00038773236983607264,-0.0015204286213942094,0.0002535313484421014,0.00025450521838429755,0.0002834265838641412,0.0006971145921499277,-0.00022182982342835826,0.0006666105437700435,-0.0006252231798659348,0.000889178802389653,0.00022424766847662533,0.34375
-0.0002756776770658157,0.00012782048023264486,-0.0003655435661234432,-0.000387732369835134,-0.0015204286213933039,0.0002535313484430317,0.00025450521838523484,0.0002834265838650799,0.0006971145921509607,-0.00022182982342734345,0.0006666105437709281,-0.0006252231798649961,0.0008891788023906456,0.00022424766847750998,0.3515625
-0.000275677677065905,0.00012782048023240688,-0.0003655435661235325,-0.00038773236983524826,-0.0015204286213933403,0.00025353134844291236,0.00025450521838517727,0.0002834265838649656,0.0006971145921507715,-0.00022182982342758143,0.0006666105437707608,-0.0006252231798651105,0.0008891788023905564,0.0002242476684773426,0.359375
-0.0002756776770671314,0.00012782048023140052,-0.00036554356612475896,-0.00038773236983612983,-0.0015204286213941673,0.0002535313484419659,0.0002545052183843879,0.00028342658386408407,0.0006971145921499224,-0.0002218298234285878,0.0006666105437698045,-0.000625223179865992,0.0008891788023893298,0.00022424766847638623,0.3671875
-0.0002756776770669488,0.00012782048023153526,-0.00036554356612457633,-0.00038773236983603734,-0.0015204286213939809,0.00025353134844215033,0.00025450521838464867,0.0002834265838641765,0.0006971145921503505,-0.00022182982342845305,0.000666610543770163,-0.0006252231798658995,0.0008891788023895125,0.00022424766847674486,0.375
-0.0002756776770664404,0.0001278204802323216,-0.00036554356612406795,-0.0003877323698352768,-0.0015204286213933652,0.0002535313484428992,0.0002545052183851948,0.0002834265838649371,0.0006971145921508727,-0.0002218298234276667,0.0006666105437709043,-0.0006252231798651389,0.000889178802390021,0.00022424766847748608,0.3828125
-0.0002756776770661618,0.00012782048023245914,-0.0003655435661237893,-0.00038773236983528784,-0.0015204286213932965,0.00025353134844300235,0.00025450521838523945,0.000283426583864926,0.0006971145921508696,-0.00022182982342752917,0.0006666105437708086,-0.00062522317986515,0.0008891788023902995,0.00022424766847739042,0.390625
-0.000275677677066381,0.0001278204802318699,-0.00036554356612400853,-0.00038773236983575973,-0.0015204286213938,0.00025353134844252774,0.00025450521838475936,0.00028342658386445416,0.000697114592150294,-0.0002218298234281184,0.000666610543770187,-0.0006252231798656218,0.0008891788023900804,0.0002242476684767688,0.3984375
-0.00027567767706652817,0.0001278204802319082,-0.0003655435661241557,-0.0003877323698359496,-0.0015204286213939577,0.0002535313484423963,0.0002545052183845535,0.0002834265838642643,0.0006971145921501836,-0.0002218298234280801,0.0006666105437701391,-0.0006252231798658116,0.0008891788023899332,0.00022424766847672095,0.40625
-0.00027567767706626584,0.0001278204802323312,-0.0003655435661238934,-0.00038773236983551693,-0.0015204286213935235,0.00025353134844277695,0.00025450521838504527,0.0002834265838646969,0.0006971145921505081,-0.00022182982342765713,0.0006666105437704978,-0.000625223179865379,0.0008891788023901954,0.0002242476684770796,0.4140625
-0.00027567767706682654,0.00012782048023182732,-0.0003655435661244541,-0.00038773236983594,-0.0015204286213941311,0.0002535313484422331,0.0002545052183846905,0.00028342658386427386,0.000697114592150047,-0.000221829823428161,0.0006666105437700435,-0.0006252231798658022,0.0008891788023896349,0.00022424766847662533,0.421875
-0.00027567767706715733,0.00012782048023153564,-0.0003655435661247848,-0.0003877323698361301,-0.00152042862139416,0.0002535313484419385,0.0002545052183844496,0.0002834265838640838,0.0006971145921499662,-0.0002218298234284527,0.0006666105437699479,-0.0006252231798659923,0.000889178802389304,0.0002242476684765297,0.4296875
-0.00027567767706611747,0.00012782048023227528,-0.000365543566123745,-0.00038773236983522094,-0.0015204286213934,0.00025353134844283473,0.000254505218385296,0.00028342658386499295,0.000697114592150974,-0.00022182982342771303,0.0006666105437709043,-0.0006252231798650831,0.000889178802390344,0.00022424766847748608,0.4375
-0.0002756776770659287,0.00012782048023258317,-0.00036554356612355626,-0.0003877323698351372,-0.0015204286213931616,0.00025353134844310785,0.0002545052183853502,0.00028342658386507665,0.000697114592151076,-0.00022182982342740514,0.0006666105437710477,-0.0006252231798649994,0.0008891788023905326,0.00022424766847762952,0.4453125
-0.0002756776770660971,0.00012782048023224918,-0.0003655435661237246,-0.00038773236983534,-0.0015204286213934568,0.00025353134844269693,0.00025450521838505074,0.00028342658386487385,0.0006971145921505928,-0.00022182982342773913,0.0006666105437706174,-0.0006252231798652022,0.0008891788023903642,0.00022424766847719917,0.453125
-0.0002756776770667567,0.0001278204802317722,-0.00036554356612438426,-0.000387732369835977,-0.0015204286213939874,0.00025353134844221777,0.0002545052183845511,0.00028342658386423683,0.0006971145921501334,-0.0002218298234282161,0.0006666105437700435,-0.0006252231798658392,0.0008891788023897045,0.00022424766847662533,0.4609375
-0.00027567767706645905,0.00012782048023189495,-0.00036554356612408654,-0.0003877323698358643,-0.0015204286213938822,0.0002535313484423318,0.00025450521838457196,0.0002834265838643496,0.0006971145921502498,-0.00022182982342809334,0.0006666105437703304,-0.0006252231798657264,0.0008891788023900023,0.00022424766847691223,0.46875
-0.0002756776770671194,0.00012782048023145652,-0.00036554356612474693,-0.0003877323698362977,-0.0015204286213943744,0.00025353134844190075,0.00025450521838416956,0.0002834265838639162,0.0006971145921499581,-0.0002218298234285318,0.0006666105437699479,-0.0006252231798661598,0.0008891788023893419,0.0002242476684765297,0.4765625
-0.0002756776770666596,0.0001278204802320729,-0.0003655435661242871,-0.00038773236983555146,-0.001520428621393707,0.00025353134844255604,0.00025450521838495376,0.00028342658386466244,0.0006971145921506317,-0.00022182982342791542,0.0006666105437705695,-0.0006252231798654135,0.0008891788023898016,0.00022424766847715133,0.484375
-0.0002756776770660685,0.0001278204802324704,-0.00036554356612369607,-0.00038773236983518934,-0.0015204286213931564,0.00025353134844300626,0.0002545052183854367,0.0002834265838650245,0.0006971145921509712,-0.00022182982342751792,0.0006666105437709521,-0.0006252231798650514,0.0008891788023903926,0.0002242476684775339,0.4921875
-0.00027567767706613964,0.00012782048023233454,-0.0003655435661237672,-0.0003877323698352872,-0.0015204286213933752,0.00025353134844284086,0.00025450521838518415,0.00028342658386492666,0.0006971145921506469,-0.00022182982342765377,0.0006666105437706771,-0.0006252231798651493,0.0008891788023903217,0.00022424766847725894,0.5
-0.00027567767706603334,0.00012782048023236964,-0.0003655435661236609,-0.0003877323698352506,-0.0015204286213933553,0.0002535313484429401,0.0002545052183851933,0.0002834265838649633,0.0006971145921507995,-0.0002218298234276187,0.0006666105437707488,-0.0006252231798651127,0.000889178802390428,0.00022424766847733066,0.5078125
-0.0002756776770672628,0.00012782048023122784,-0.0003655435661248903,-0.0003877323698365711,-0.001520428621394389,0.0002535313484417974,0.0002545052183839901,0.00028342658386364274,0.0006971145921496778,-0.00022182982342876053,0.0006666105437695773,-0.0006252231798664332,0.0008891788023891985,0.0002242476684761591,0.515625
-0.00027567767706700034,0.00012782048023153453,-0.00036554356612462783,-0.0003877323698362183,-0.001520428621394279,0.0002535313484420009,0.0002545052183843111,0.00028342658386399554,0.0006971145921497978,-0.0002218298234284538,0.0006666105437698045,-0.0006252231798660804,0.000889178802389461,0.00022424766847638623,0.5234375
-0.0002756776770666946,0.00012782048023181843,-0.0003655435661243221,-0.00038773236983578483,-0.001520428621393865,0.0002535313484424933,0.0002545052183847064,0.000283426583864429,0.0006971145921502409,-0.00022182982342816988,0.000666610543770187,-0.0006252231798656471,0.0008891788023897667,0.0002242476684767688,0.53125
-0.0002756776770661408,0.00012782048023237855,-0.0003655435661237683,-0.0003877323698353905,-0.001520428621393356,0.00025353134844293237,0.0002545052183851869,0.0002834265838648234,0.0006971145921508409,-0.00022182982342760978,0.0006666105437707608,-0.0006252231798652526,0.0008891788023903205,0.0002242476684773426,0.5390625
-0.0002756776770657911,0.00012782048023291106,-0.00036554356612341867,-0.00038773236983496133,-0.0015204286213928548,0.0002535313484435687,0.00025450521838585506,0.00028342658386525257,0.0006971145921514792,-0.00022182982342707722,0.0006666105437713346,-0.0006252231798648235,0.0008891788023906701,0.00022424766847791645,0.546875
-0.00027567767706533733,0.00012782048023320466,-0.0003655435661229649,-0.00038773236983472915,-0.0015204286213927106,0.00025353134844368,0.0002545052183859638,0.00028342658386548475,0.0006971145921515222,-0.00022182982342678367,0.0006666105437715738,-0.0006252231798645913,0.0008891788023911239,0.00022424766847815554,0.5546875
-0.000275677677065107,0.00012782048023366092,-0.0003655435661227345,-0.0003877323698340643,-0.0015204286213924092,0.0002535313484440588,0.0002545052183860573,0.0002834265838661496,0.0006971145921517591,-0.0002218298234263274,0.0006666105437717172,-0.0006252231798639264,0.0008891788023913543,0.000224247668478299,0.5625
-0.00027567767706508076,0.0001278204802334473,-0.0003655435661227083,-0.000387732369834267,-0.001520428621392437,0.0002535313484439681,0.00025450521838619214,0.00028342658386594684,0.0006971145921517938,-0.00022182982342654098,0.0006666105437716216,-0.0006252231798641292,0.0008891788023913805,0.00022424766847820336,0.5703125
-0.0002756776770663004,0.00012782048023231386,-0.0003655435661239279,-0.00038773236983532047,-0.0015204286213934656,0.00025353134844276133,0.0002545052183851556,0.00028342658386489337,0.0006971145921506183,-0.00022182982342767445,0.0006666105437706174,-0.0006252231798651826,0.0008891788023901608,0.00022424766847719917,0.578125
-0.0002756776770675289,0.00012782048023119176,-0.00036554356612515643,-0.0003877323698366359,-0.001520428621394648,0.0002535313484416987,0.0002545052183838693,0.00028342658386357796,0.0006971145921496668,-0.00022182982342879658,0.0006666105437694697,-0.000625223179866498,0.0008891788023889323,0.0002242476684760515,0.5859375
-0.00027567767706870443,0.00012782048022969426,-0.000365543566126332,-0.0003877323698380097,-0.0015204286213955857,0.00025353134844018245,0.000254505218382606,0.0002834265838622041,0.0006971145921483078,-0.0002218298234302941,0.0006666105437682264,-0.0006252231798678718,0.0008891788023877568,0.0002242476684748082,0.59375
-0.0002756776770677691,0.00012782048023066562,-0.0003655435661253966,-0.0003877323698370164,-0.0015204286213949944,0.0002535313484412447,0.00025450521838359114,0.00028342658386319746,0.0006971145921490778,-0.00022182982342932269,0.0006666105437690871,-0.0006252231798668786,0.0008891788023886923,0.00022424766847566895,0.6015625
-0.0002756776770658526,0.00012782048023272488,-0.00036554356612348015,-0.00038773236983498523,-0.001520428621393065,0.0002535313484432032,0.00025450521838549976,0.0002834265838652286,0.0006971145921511419,-0.00022182982342726346,0.0006666105437710955,-0.0006252231798648474,0.0008891788023906088,0.00022424766847767736,0.609375
-0.0002756776770656048,0.0001278204802327744,-0.00036554356612323235,-0.0003877323698348404,-0.001520428621392947,0.0002535313484432988,0.00025450521838561637,0.0002834265838653735,0.0006971145921512704,-0.0002218298234272139,0.0006666105437712868,-0.0006252231798647025,0.0008891788023908565,0.00022424766847786864,0.6171875
-0.00027567767706661035,0.0001278204802316508,-0.00036554356612423784,-0.00038773236983599246,-0.001520428621393971,0.0002535313484421413,0.00025450521838459153,0.0002834265838642214,0.0006971145921501738,-0.00022182982342833753,0.0006666105437700913,-0.0006252231798658546,0.000889178802389851,0.00022424766847667314,0.625
-0.00027567767706737276,0.00012782048023102824,-0.00036554356612500025,-0.000387732369836713,-0.001520428621394768,0.00025353134844158687,0.000254505218383963,0.0002834265838635008,0.0006971145921495215,-0.00022182982342896005,0.0006666105437694218,-0.0006252231798665751,0.0008891788023890887,0.00022424766847600367,0.6328125
-0.0002756776770665161,0.0001278204802320133,-0.0003655435661241436,-0.0003877323698356408,-0.0015204286213936881,0.0002535313484425223,0.0002545052183848281,0.0002834265838645731,0.0006971145921503865,-0.00022182982342797505,0.0006666105437704022,-0.000625223179865503,0.0008891788023899453,0.00022424766847698398,0.640625
-0.00027567767706521346,0.00012782048023327535,-0.00036554356612284095,-0.00038773236983441603,-0.0015204286213923949,0.0002535313484438732,0.00025450521838613223,0.0002834265838657978,0.0006971145921516906,-0.00022182982342671293,0.0006666105437716694,-0.0006252231798642783,0.0008891788023912479,0.00022424766847825117,0.6484375
-0.0002756776770653675,0.0001278204802331832,-0.000365543566122995,-0.00038773236983450954,-0.0015204286213926328,0.00025353134844386353,0.0002545052183862186,0.00028342658386570435,0.0006971145921514184,-0.00022182982342680511,0.000666610543771478,-0.0006252231798643716,0.0008891788023910937,0.0002242476684780599,0.65625
-0.0002756776770654086,0.00012782048023306271,-0.0003655435661230361,-0.0003877323698346961,-0.0015204286213930632,0.00025353134844330116,0.00025450521838581315,0.00028342658386551776,0.0006971145921516944,-0.0002218298234269256,0.000666610543771478,-0.0006252231798645582,0.0008891788023910526,0.0002242476684780599,0.6640625
-0.0002756776770651094,0.0001278204802331985,-0.00036554356612273687,-0.0003877323698343319,-0.0015204286213923634,0.00025353134844386245,0.0002545052183859318,0.000283426583865882,0.0006971145921517055,-0.0002218298234267898,0.0006666105437716694,-0.000625223179864194,0.0008891788023913518,0.00022424766847825117,0.671875
-0.0002756776770653772,0.00012782048023314178,-0.0003655435661230047,-0.0003877323698345608,-0.0015204286213926436,0.0002535313484435744,0.00025450521838588406,0.000283426583865653,0.0006971145921515141,-0.00022182982342684653,0.0006666105437714661,-0.000625223179864423,0.0008891788023910841,0.00022424766847804794,0.6796875
-0.0002756776770676696,0.00012782048023103978,-0.0003655435661252971,-0.00038773236983673037,-0.0015204286213946787,0.00025353134844148203,0.0002545052183838624,0.00028342658386348353,0.0006971145921495164,-0.00022182982342894853,0.0006666105437694697,-0.0006252231798665925,0.0008891788023887917,0.0002242476684760515,0.6875
-0.0002756776770687931,0.00012782048022999355,-0.00036554356612642067,-0.0003877323698376384,-0.0015204286213955727,0.0002535313484405358,0.00025450521838297124,0.00028342658386257545,0.0006971145921485536,-0.00022182982342999476,0.0006666105437685133,-0.0006252231798675005,0.0008891788023876682,0.0002242476684750951,0.6953125
-0.00027567767706812053,0.0001278204802307021,-0.000365543566125748,-0.00038773236983696667,-0.0015204286213952153,0.000253531348441236,0.0002545052183834416,0.0002834265838632472,0.0006971145921491674,-0.0002218298234292862,0.0006666105437690871,-0.0006252231798668287,0.0008891788023883408,0.00022424766847566895,0.703125
-0.0002756776770665445,0.0001278204802319959,-0.00036554356612417203,-0.00038773236983568585,-0.0015204286213937263,0.0002535313484424841,0.0002545052183848035,0.000283426583864528,0.0006971145921503978,-0.00022182982342799242,0.0006666105437702826,-0.0006252231798655481,0.0008891788023899167,0.00022424766847686442,0.7109375
-0.00027567767706549926,0.00012782048023303257,-0.00036554356612312675,-0.00038773236983481035,-0.001520428621392903,0.00025353134844336626,0.0002545052183857111,0.00028342658386540354,0.0006971145921512456,-0.00022182982342695576,0.000666610543771227,-0.0006252231798646726,0.0008891788023909621,0.00022424766847780884,0.71875
-0.0002756776770657089,0.00012782048023264055,-0.00036554356612333644,-0.00038773236983502763,-0.0015204286213931684,0.00025353134844315707,0.0002545052183854701,0.0002834265838651862,0.0006971145921510045,-0.00022182982342734776,0.0006666105437708565,-0.0006252231798648897,0.0008891788023907525,0.00022424766847743826,0.7265625
-0.00027567767706628633,0.00012782048023191926,-0.0003655435661239139,-0.0003877323698357376,-0.0015204286213936907,0.00025353134844229616,0.0002545052183848335,0.0002834265838644762,0.0006971145921503202,-0.00022182982342806905,0.0006666105437702348,-0.0006252231798655998,0.000889178802390175,0.0002242476684768166,0.734375
-0.00027567767706583276,0.00012782048023271005,-0.0003655435661234603,-0.0003877323698351286,-0.0015204286213929908,0.00025353134844304155,0.00025450521838537324,0.0002834265838650853,0.0006971145921510033,-0.00022182982342727826,0.0006666105437708803,-0.0006252231798649907,0.0008891788023906286,0.00022424766847746217,0.7421875
-0.0002756776770662387,0.00012782048023222197,-0.00036554356612386623,-0.0003877323698351905,-0.0015204286213934038,0.0002535313484427538,0.00025450521838525544,0.00028342658386502337,0.0006971145921507929,-0.00022182982342776637,0.000666610543770713,-0.0006252231798650527,0.0008891788023902227,0.0002242476684772948,0.75
-0.00027567767706574396,0.00012782048023293342,-0.0003655435661233715,-0.0003877323698345466,-0.0015204286213928093,0.0002535313484436265,0.0002545052183856295,0.0002834265838656672,0.0006971145921514508,-0.00022182982342705491,0.000666610543771478,-0.0006252231798644088,0.0008891788023907174,0.0002242476684780599,0.7578125
-0.00027567767706665025,0.00012782048023201426,-0.0003655435661242778,-0.0003877323698357448,-0.0015204286213937148,0.0002535313484424273,0.00025450521838495436,0.000283426583864469,0.0006971145921505845,-0.00022182982342797402,0.0006666105437705695,-0.000625223179865607,0.000889178802389811,0.00022424766847715133,0.765625
-0.0002756776770668895,0.00012782048023163222,-0.00036554356612451697,-0.0003877323698360077,-0.0015204286213941034,0.00025353134844208083,0.00025450521838445253,0.00028342658386420615,0.0006971145921499989,-0.00022182982342835612,0.0006666105437699479,-0.0006252231798658699,0.0008891788023895719,0.0002242476684765297,0.7734375
-0.0002756776770666197,0.00012782048023190102,-0.0003655435661242473,-0.0003877323698357751,-0.0015204286213939876,0.0002535313484424136,0.00025450521838473453,0.00028342658386443876,0.0006971145921501495,-0.00022182982342808726,0.0006666105437701391,-0.0006252231798656372,0.0008891788023898417,0.00022424766847672095,0.78125
-0.0002756776770665708,0.00012782048023161696,-0.0003655435661241983,-0.0003877323698359462,-0.0015204286213938948,0.0002535313484423896,0.0002545052183845987,0.0002834265838642676,0.0006971145921501027,-0.00022182982342837133,0.0006666105437700435,-0.0006252231798658083,0.0008891788023898906,0.00022424766847662533,0.7890625
-0.00027567767706711147,0.00012782048023148344,-0.000365543566124739,-0.00038773236983623657,-0.0015204286213942367,0.00025353134844194867,0.00025450521838431045,0.0002834265838639773,0.0006971145921499658,-0.0002218298234285049,0.0006666105437699239,-0.0006252231798660987,0.0008891788023893499,0.00022424766847650577,0.796875
-0.000275677677066618,0.000127820480232085,-0.00036554356612424554,-0.0003877323698357465,-0.00152042862139375,0.0002535313484424451,0.00025450521838486773,0.00028342658386446733,0.0006971145921504262,-0.00022182982342790333,0.0006666105437705217,-0.0006252231798656087,0.0008891788023898433,0.00022424766847710352,0.8046875
-0.00027567767706620876,0.00012782048023247405,-0.0003655435661238363,-0.00038773236983527607,-0.0015204286213933227,0.00025353134844289794,0.0002545052183851478,0.00028342658386493777,0.0006971145921507361,-0.00022182982342751426,0.0006666105437708086,-0.0006252231798651382,0.0008891788023902526,0.00022424766847739042,0.8125
-0.0002756776770662495,0.00012782048023224224,-0.00036554356612387707,-0.00038773236983543534,-0.0015204286213935205,0.0002535313484427759,0.0002545052183850823,0.0002834265838647785,0.0006971145921506407,-0.0002218298234277461,0.0006666105437706412,-0.0006252231798652975,0.0008891788023902117,0.00022424766847722308,0.8203125
-0.00027567767706660504,0.00012782048023184822,-0.0003655435661242326,-0.00038773236983585466,-0.0015204286213939258,0.00025353134844228613,0.00025450521838465566,0.0002834265838643592,0.0006971145921501864,-0.0002218298234281401,0.0006666105437701511,-0.0006252231798657168,0.0008891788023898562,0.0002242476684767329,0.828125
-0.0002756776770666592,0.00012782048023192902,-0.00036554356612428674,-0.0003877323698358852,-0.001520428621394013,0.0002535313484422057,0.00025450521838449845,0.0002834265838643287,0.0006971145921500568,-0.0002218298234280593,0.0006666105437700435,-0.0006252231798657474,0.0008891788023898022,0.00022424766847662533,0.8359375
-0.00027567767706641703,0.0001278204802320254,-0.0003655435661240446,-0.00038773236983573035,-0.0015204286213937725,0.0002535313484423741,0.0002545052183846702,0.0002834265838644835,0.0006971145921502524,-0.0002218298234279629,0.0006666105437703782,-0.0006252231798655925,0.0008891788023900443,0.00022424766847696005,0.84375
-0.00027567767706577226,0.0001278204802325984,-0.0003655435661233998,-0.00038773236983508834,-0.0015204286213931894,0.0002535313484430777,0.0002545052183853535,0.0002834265838651255,0.0006971145921509598,-0.0002218298234273899,0.0006666105437709521,-0.0006252231798649505,0.0008891788023906892,0.0002242476684775339,0.8515625
-0.00027567767706631935,0.00012782048023215852,-0.0003655435661239469,-0.00038773236983552864,-0.0015204286213936979,0.0002535313484425362,0.00025450521838491153,0.0002834265838646852,0.0006971145921503325,-0.00022182982342782977,0.0006666105437704081,-0.0006252231798653909,0.000889178802390142,0.00022424766847698994,0.859375
-0.00027567767706586247,0.00012782048023251533,-0.00036554356612349,-0.0003877323698351464,-0.0015204286213931447,0.00025353134844305244,0.00025450521838533394,0.0002834265838650675,0.0006971145921509401,-0.00022182982342747298,0.0006666105437709521,-0.0006252231798650085,0.0008891788023905989,0.0002242476684775339,0.8671875
-0.00027567767706533923,0.00012782048023320697,-0.0003655435661229668,-0.00038773236983447653,-0.001520428621392584,0.00025353134844370855,0.00025450521838599855,0.0002834265838657373,0.0006971145921516167,-0.00022182982342678134,0.000666610543771526,-0.0006252231798643388,0.0008891788023911221,0.00022424766847810773,0.875
-0.00027567767706621906,0.00012782048023233912,-0.0003655435661238466,-0.00038773236983513014,-0.0015204286213932054,0.00025353134844305954,0.00025450521838519136,0.0002834265838650837,0.000697114592150965,-0.00022182982342764925,0.0006666105437708565,-0.0006252231798649923,0.0008891788023902423,0.00022424766847743826,0.8828125
-0.0002756776770669043,0.00012782048023165997,-0.0003655435661245318,-0.00038773236983596015,-0.0015204286213938618,0.000253531348442344,0.0002545052183845136,0.0002834265838642537,0.0006971145921501915,-0.00022182982342832834,0.0006666105437699479,-0.0006252231798658224,0.0008891788023895569,0.0002242476684765297,0.890625
-0.00027567767706701947,0.00012782048023154364,-0.00036554356612464696,-0.0003877323698361089,-0.0015204286213941424,0.00025353134844207384,0.000254505218384359,0.000283426583864105,0.0006971145921498936,-0.00022182982342844464,0.0006666105437699479,-0.000625223179865971,0.0008891788023894419,0.0002242476684765297,0.8984375
-0.0002756776770663954,0.00012782048023210775,-0.00036554356612402295,-0.00038773236983545274,-0.0015204286213935723,0.000253531348442593,0.0002545052183850584,0.00028342658386476115,0.0006971145921504972,-0.0002218298234278806,0.0006666105437705217,-0.0006252231798653149,0.000889178802390066,0.00022424766847710352,0.90625
-0.0002756776770669504,0.00012782048023163983,-0.0003655435661245779,-0.0003877323698362133,-0.0015204286213943731,0.00025353134844203037,0.00025450521838446137,0.00028342658386400053,0.0006971145921498524,-0.0002218298234283485,0.0006666105437699957,-0.0006252231798660754,0.000889178802389511,0.00022424766847657751,0.9140625
-0.0002756776770679536,0.00012782048023044054,-0.00036554356612558117,-0.0003877323698372717,-0.0015204286213951407,0.0002535313484408916,0.0002545052183834248,0.00028342658386294213,0.0006971145921490789,-0.00022182982342954782,0.0006666105437689437,-0.0006252231798671338,0.0008891788023885078,0.00022424766847552549,0.921875
-0.00027567767706749495,0.00012782048023095183,-0.0003655435661251225,-0.00038773236983669714,-0.0015204286213946143,0.00025353134844149406,0.00025450521838385617,0.0002834265838635167,0.0006971145921494743,-0.0002218298234290365,0.0006666105437694877,-0.0006252231798665592,0.0008891788023889664,0.00022424766847606943,0.9296875
-0.00027567767706596964,0.00012782048023249383,-0.0003655435661235972,-0.00038773236983513046,-0.0015204286213931547,0.00025353134844311446,0.00025450521838535676,0.0002834265838650834,0.0006971145921510348,-0.00022182982342749448,0.0006666105437710477,-0.0006252231798649926,0.0008891788023904916,0.00022424766847762952,0.9375
-0.00027567767706537474,0.00012782048023317826,-0.0003655435661230023,-0.0003877323698345637,-0.0015204286213926404,0.0002535313484436661,0.0002545052183859258,0.0002834265838656502,0.000697114592151556,-0.00022182982342681007,0.0006666105437714901,-0.0006252231798644259,0.0008891788023910866,0.00022424766847807184,0.9453125
-0.0002756776770656307,0.00012782048023280145,-0.0003655435661232582,-0.0003877323698349397,-0.0015204286213928722,0.0002535313484432661,0.00025450521838559734,0.00028342658386527414,0.0006971145921511079,-0.00022182982342718686,0.0006666105437709999,-0.0006252231798648018,0.0008891788023908307,0.0002242476684775817,0.953125
-0.00027567767706601393,0.0001278204802323666,-0.0003655435661236414,-0.000387732369835317,-0.0015204286213934095,0.0002535313484427082,0.0002545052183851327,0.0002834265838648969,0.0006971145921504759,-0.00022182982342762174,0.0006666105437705217,-0.0006252231798651791,0.0008891788023904474,0.00022424766847710352,0.9609375
-0.00027567767706607795,0.00012782048023233665,-0.0003655435661237055,-0.0003877323698354636,-0.0015204286213935001,0.0002535313484428512,0.0002545052183850896,0.0002834265838647503,0.0006971145921506719,-0.00022182982342765166,0.0006666105437705217,-0.0006252231798653257,0.0008891788023903833,0.00022424766847710352,0.96875
-0.00027567767706567013,0.00012782048023284956,-0.0003655435661232977,-0.00038773236983487584,-0.0015204286213929706,0.00025353134844331715,0.00025450521838553614,0.00028342658386533806,0.0006971145921511394,-0.00022182982342713878,0.0006666105437711433,-0.000625223179864738,0.0008891788023907911,0.00022424766847772517,0.9765625
-0.00027567767706596015,0.0001278204802325808,-0.0003655435661235877,-0.0003877323698351374,-0.001520428621393134,0.0002535313484430487,0.00025450521838545716,0.00028342658386507644,0.0006971145921509946,-0.00022182982342740747,0.0006666105437710955,-0.0006252231798649995,0.0008891788023905012,0.00022424766847767736,0.984375
-0.00027567767706707943,0.00012782048023148444,-0.000365543566124707,-0.0003877323698361718,-0.001520428621394075,0.0002535313484420032,0.00025450521838444625,0.00028342658386404205,0.0006971145921499508,-0.00022182982342850387,0.0006666105437700435,-0.0006252231798660339,0.000889178802389382,0.00022424766847662533,0.9921875
-0.00027567767706658617,0.00012782048023197626,-0.0003655435661242137,-0.00038773236983557656,-0.0015204286213936309,0.0002535313484426595,0.00025450521838486,0.0002834265838646373,0.0006971145921505857,-0.00022182982342801205,0.0006666105437705217,-0.0006252231798654387,0.000889178802389875,0.00022424766847710352,1.0
-0.00027567767706528665,0.00012782048023338434,-0.0003655435661229142,-0.00038773236983430495,-0.001520428621392401,0.00025353134844396496,0.00025450521838616443,0.00028342658386590894,0.0006971145921517616,-0.000221829823426604,0.0006666105437718606,-0.000625223179864167,0.0008891788023911746,0.00022424766847844245,1.0078125
-0.0002756776770660906,0.00012782048023241672,-0.00036554356612371813,-0.0003877323698353081,-0.001520428621393312,0.00025353134844278204,0.00025450521838538413,0.0002834265838649058,0.0006971145921508469,-0.00022182982342757156,0.0006666105437708565,-0.0006252231798651702,0.0008891788023903709,0.00022424766847743826,1.015625
-0.00027567767706719294,0.00012782048023126456,-0.0003655435661248205,-0.00038773236983650507,-0.001520428621394453,0.0002535313484418148,0.0002545052183841353,0.00028342658386370877,0.0006971145921498372,-0.00022182982342872377,0.0006666105437696609,-0.0006252231798663672,0.0008891788023892683,0.00022424766847624277,1.0234375
-0.00027567767706805044,0.00012782048023022107,-0.00036554356612567793,-0.00038773236983762077,-0.0015204286213954526,0.00025353134844078136,0.00025450521838320657,0.0002834265838625931,0.0006971145921487412,-0.00022182982342976724,0.0006666105437682264,-0.0006252231798674829,0.0008891788023884108,0.0002242476684748082,1.03125
-0.00027567767706747066,0.000127820480230974,-0.0003655435661250982,-0.00038773236983662585,-0.001520428621394817,0.0002535313484415652,0.00025450521838377155,0.00028342658386358804,0.0006971145921492701,-0.0002218298234290143,0.0006666105437692784,-0.000625223179866488,0.0008891788023889906,0.0002242476684758602,1.0390625
-0.00027567767706585054,0.00012782048023252292,-0.0003655435661234781,-0.00038773236983512694,-0.0015204286213931462,0.00025353134844310925,0.0002545052183854775,0.00028342658386508695,0.0006971145921509881,-0.0002218298234274654,0.0006666105437709043,-0.0006252231798649891,0.0008891788023906109,0.00022424766847748608,1.046875
-0.00027567767706552506,0.00012782048023303786,-0.0003655435661231526,-0.0003877323698344711,-0.0015204286213926002,0.00025353134844361596,0.0002545052183857816,0.0002834265838657428,0.0006971145921513878,-0.00022182982342695048,0.0006666105437713346,-0.0006252231798643332,0.0008891788023909363,0.00022424766847791645,1.0546875
-0.00027567767706589824,0.00012782048023301693,-0.00036554356612352574,-0.00038773236983488354,-0.0015204286213929535,0.00025353134844335114,0.0002545052183854652,0.00028342658386533036,0.0006971145921512986,-0.00022182982342697135,0.0006666105437710955,-0.0006252231798647457,0.0008891788023905631,0.00022424766847767736,1.0625
-0.0002756776770660317,0.000127820480232546,-0.0003655435661236592,-0.00038773236983514906,-0.0015204286213932516,0.0002535313484429635,0.0002545052183853894,0.00028342658386506484,0.0006971145921509119,-0.00022182982342744233,0.0006666105437709521,-0.0006252231798650112,0.0008891788023904296,0.0002242476684775339,1.0703125
-0.0002756776770656736,0.00012782048023288832,-0.00036554356612330114,-0.00038773236983486554,-0.0015204286213928884,0.0002535313484433612,0.00025450521838571064,0.0002834265838653483,0.0006971145921513407,-0.00022182982342710002,0.0006666105437713107,-0.0006252231798647278,0.0008891788023907877,0.00022424766847789254,1.078125
-0.0002756776770655308,0.00012782048023307903,-0.00036554356612315835,-0.00038773236983461146,-0.001520428621392727,0.0002535313484435491,0.0002545052183858378,0.0002834265838656024,0.0006971145921514919,-0.0002218298234269093,0.000666610543771478,-0.0006252231798644736,0.0008891788023909304,0.0002242476684780599,1.0859375
-0.0002756776770658857,0.0001278204802328653,-0.00036554356612351327,-0.00038773236983479116,-0.00152042862139308,0.0002535313484433495,0.00025450521838561626,0.00028342658386542273,0.0006971145921512524,-0.000221829823427123,0.000666610543771239,-0.0006252231798646533,0.0008891788023905755,0.0002242476684778208,1.09375
-0.00027567767706617645,0.00012782048023246898,-0.000365543566123804,-0.00038773236983528756,-0.001520428621393381,0.00025353134844297693,0.0002545052183851865,0.00028342658386492633,0.0006971145921507688,-0.00022182982342751936,0.0006666105437707608,-0.0006252231798651497,0.0008891788023902849,0.0002242476684773426,1.1015625
-0.0002756776770677218,0.0001278204802307578,-0.0003655435661253493,-0.00038773236983695,-0.0015204286213949412,0.00025353134844128145,0.00025450521838364025,0.0002834265838632638,0.0006971145921490074,-0.0002218298234292305,0.0006666105437690154,-0.0006252231798668121,0.0008891788023887396,0.0002242476684755972,1.109375
-0.00027567767706732164,0.0001278204802312805,-0.0003655435661249492,-0.00038773236983660476,-0.0015204286213948695,0.00025353134844139334,0.00025450521838383535,0.0002834265838636091,0.0006971145921491666,-0.00022182982342870783,0.0006666105437692784,-0.0006252231798664669,0.0008891788023891396,0.0002242476684758602,1.1171875
-0.00027567767706732126,0.0001278204802311204,-0.0003655435661249488,-0.00038773236983665604,-0.001520428621394639,0.0002535313484414824,0.0002545052183837029,0.0002834265838635578,0.0006971145921493808,-0.00022182982342886792,0.0006666105437694458,-0.0006252231798665181,0.0008891788023891401,0.00022424766847602758,1.125
-0.00027567767706589727,0.00012782048023260732,-0.00036554356612352476,-0.00038773236983511035,-0.0015204286213931866,0.0002535313484430955,0.00025450521838540295,0.00028342658386510354,0.0006971145921509852,-0.000221829823427381,0.0006666105437709521,-0.0006252231798649725,0.0008891788023905642,0.0002242476684775339,1.1328125
-0.0002756776770659889,0.000127820480232484,-0.0003655435661236164,-0.000387732369835124,-0.0015204286213932317,0.00025353134844307104,0.0002545052183853929,0.00028342658386508983,0.0006971145921509992,-0.00022182982342750434,0.0006666105437710358,-0.0006252231798649861,0.0008891788023904724,0.00022424766847761756,1.140625
-0.0002756776770654124,0.00012782048023337358,-0.00036554356612303996,-0.00038773236983435683,-0.0015204286213923366,0.0002535313484440277,0.0002545052183861844,0.00028342658386585706,0.0006971145921516561,-0.00022182982342661473,0.0006666105437718248,-0.000625223179864219,0.0008891788023910489,0.0002242476684784066,1.1484375
-0.0002756776770643101,0.0001278204802343692,-0.00036554356612193765,-0.0003877323698333944,-0.0015204286213916158,0.0002535313484446722,0.00025450521838696425,0.00028342658386681946,0.000697114592152451,-0.0002218298234256191,0.000666610543772578,-0.0006252231798632565,0.0008891788023921511,0.00022424766847915973,1.15625
-0.00027567767706548343,0.00012782048023296885,-0.0003655435661231109,-0.00038773236983472904,-0.0015204286213927531,0.00025353134844341527,0.00025450521838580296,0.0002834265838654848,0.0006971145921513613,-0.00022182982342701946,0.0006666105437713824,-0.0006252231798645912,0.0008891788023909779,0.00022424766847796426,1.1640625
-0.00027567767706652627,0.00012782048023194715,-0.0003655435661241538,-0.00038773236983571273,-0.0015204286213937636,0.0002535313484425367,0.00025450521838488345,0.0002834265838645011,0.0006971145921504658,-0.00022182982342804119,0.0006666105437704022,-0.0006252231798655749,0.000889178802389935,0.00022424766847698398,1.171875
-0.0002756776770677381,0.00012782048023044835,-0.0003655435661253656,-0.0003877323698369576,-0.0015204286213947584,0.0002535313484412182,0.00025450521838360913,0.0002834265838632562,0.0006971145921491914,-0.00022182982342953996,0.0006666105437692306,-0.0006252231798668197,0.0008891788023887233,0.0002242476684758124,1.1796875
-0.0002756776770676045,0.00012782048023099408,-0.00036554356612523205,-0.0003877323698366858,-0.0015204286213946143,0.00025353134844155115,0.0002545052183840405,0.00028342658386352803,0.000697114592149551,-0.00022182982342899425,0.0006666105437695175,-0.0006252231798665479,0.0008891788023888569,0.00022424766847609933,1.1875
-0.00027567767706716166,0.00012782048023138223,-0.0003655435661247892,-0.0003877323698364093,-0.001520428621394296,0.0002535313484419761,0.0002545052183841885,0.0002834265838638046,0.0006971145921499382,-0.00022182982342860608,0.0006666105437697446,-0.0006252231798662713,0.0008891788023892998,0.00022424766847632647,1.1953125
-0.0002756776770668331,0.00012782048023157703,-0.00036554356612446064,-0.00038773236983612847,-0.0015204286213940583,0.0002535313484420609,0.0002545052183844789,0.0002834265838640854,0.0006971145921499655,-0.0002218298234284113,0.0006666105437698523,-0.0006252231798659906,0.0008891788023896283,0.00022424766847643405,1.203125
-0.0002756776770664558,0.0001278204802320846,-0.00036554356612408334,-0.000387732369835508,-0.0015204286213937892,0.00025353134844264635,0.0002545052183849464,0.0002834265838647059,0.000697114592150433,-0.00022182982342790368,0.0006666105437704381,-0.0006252231798653702,0.0008891788023900055,0.00022424766847701984,1.2109375
-0.000275677677066208,0.0001278204802322701,-0.00036554356612383555,-0.000387732369835531,-0.0015204286213936057,0.0002535313484425858,0.0002545052183850083,0.0002834265838646828,0.000697114592150501,-0.0002218298234277182,0.0006666105437705217,-0.0006252231798653931,0.0008891788023902533,0.00022424766847710352,1.21875
-0.0002756776770661381,0.0001278204802322355,-0.00036554356612376567,-0.0003877323698354552,-0.0015204286213933494,0.00025353134844281587,0.0002545052183849191,0.00028342658386475866,0.000697114592150609,-0.00022182982342775282,0.0006666105437705217,-0.0006252231798653174,0.0008891788023903231,0.00022424766847710352,1.2265625
-0.00027567767706517134,0.0001278204802332282,-0.00036554356612279883,-0.0003877323698344414,-0.0015204286213924276,0.00025353134844373153,0.0002545052183861047,0.0002834265838657725,0.0006971145921516153,-0.00022182982342676015,0.0006666105437716454,-0.0006252231798643035,0.00088917880239129,0.00022424766847822726,1.234375
-0.0002756776770639839,0.00012782048023448996,-0.00036554356612161147,-0.000387732369833172,-0.0015204286213912665,0.000253531348444979,0.00025450521838727254,0.0002834265838670418,0.0006971145921528548,-0.0002218298234254984,0.0006666105437728648,-0.0006252231798630341,0.0008891788023924773,0.00022424766847944667,1.2421875
-0.0002756776770647233,0.00012782048023389636,-0.00036554356612235084,-0.00038773236983376524,-0.0015204286213918413,0.00025353134844443654,0.00025450521838661644,0.0002834265838664486,0.0006971145921521988,-0.00022182982342609198,0.0006666105437722193,-0.0006252231798636273,0.0008891788023917379,0.0002242476684788011,1.25
-0.0002756776770663306,0.0001278204802322479,-0.0003655435661239581,-0.00038773236983552815,-0.0015204286213935615,0.0002535313484426192,0.00025450521838500103,0.0002834265838646857,0.0006971145921506252,-0.00022182982342774043,0.0006666105437704978,-0.0006252231798653903,0.0008891788023901306,0.0002242476684770796,1.2578125
-0.0002756776770675545,0.00012782048023098392,-0.00036554356612518207,-0.00038773236983671226,-0.001520428621394683,0.0002535313484414759,0.00025450521838379594,0.0002834265838635016,0.0006971145921494739,-0.00022182982342900442,0.0006666105437694697,-0.0006252231798665745,0.0008891788023889067,0.0002242476684760515,1.265625
-0.0002756776770666232,0.00012782048023205622,-0.0003655435661242507,-0.0003877323698357396,-0.001520428621393731,0.00025353134844223685,0.0002545052183846595,0.00028342658386447427,0.0006971145921502179,-0.0002218298234279321,0.000666610543770426,-0.0006252231798656017,0.0008891788023898381,0.0002242476684770079,1.2734375
-0.0002756776770662133,0.00012782048023251828,-0.00036554356612384086,-0.00038773236983520576,-0.0015204286213933915,0.0002535313484430322,0.0002545052183853921,0.00028342658386500813,0.0006971145921510462,-0.00022182982342747,0.0006666105437708086,-0.0006252231798650679,0.0008891788023902481,0.00022424766847739042,1.28125
-0.00027567767706745136,0.00012782048023109882,-0.0003655435661250789,-0.00038773236983660097,-0.0015204286213946698,0.00025353134844160563,0.0002545052183839146,0.00028342658386361293,0.000697114592149473,-0.0002218298234288895,0.0006666105437694697,-0.000625223179866463,0.0008891788023890101,0.0002242476684760515,1.2890625
-0.0002756776770677778,0.0001278204802307792,-0.00036554356612540536,-0.0003877323698369036,-0.0015204286213949029,0.00025353134844131723,0.0002545052183836907,0.00028342658386331027,0.0006971145921492372,-0.00022182982342920912,0.0006666105437692306,-0.0006252231798667657,0.0008891788023886835,0.0002242476684758124,1.296875
-0.00027567767706782883,0.0001278204802308042,-0.0003655435661254564,-0.0003877323698370302,-0.0015204286213948326,0.00025353134844124844,0.000254505218383612,0.00028342658386318364,0.0006971145921492602,-0.00022182982342918412,0.0006666105437691828,-0.0006252231798668924,0.0008891788023886326,0.00022424766847576458,1.3046875
-0.00027567767706636467,0.00012782048023199792,-0.00036554356612399216,-0.0003877323698358494,-0.001520428621393748,0.0002535313484423786,0.00025450521838496954,0.0002834265838643645,0.0006971145921503367,-0.00022182982342799036,0.0006666105437703304,-0.0006252231798657115,0.0008891788023900967,0.00022424766847691223,1.3125
-0.0002756776770660486,0.0001278204802323908,-0.0003655435661236761,-0.0003877323698352918,-0.0015204286213933525,0.0002535313484429163,0.0002545052183851986,0.00028342658386492205,0.0006971145921507929,-0.00022182982342759753,0.0006666105437707369,-0.000625223179865154,0.0008891788023904127,0.0002242476684773187,1.3203125
-0.00027567767706687,0.0001278204802316785,-0.00036554356612449756,-0.0003877323698359651,-0.0015204286213940873,0.0002535313484422166,0.00025450521838452344,0.0002834265838642488,0.0006971145921501057,-0.0002218298234283098,0.000666610543770187,-0.0006252231798658271,0.0008891788023895913,0.0002242476684767688,1.328125
-0.0002756776770668553,0.00012782048023180867,-0.00036554356612448287,-0.0003877323698360076,-0.0015204286213938664,0.00025353134844220086,0.00025450521838461516,0.0002834265838642063,0.0006971145921502632,-0.00022182982342817964,0.000666610543770163,-0.0006252231798658696,0.0008891788023896061,0.00022424766847674486,1.3359375
-0.0002756776770653233,0.00012782048023296687,-0.0003655435661229508,-0.00038773236983440367,-0.0015204286213925246,0.0002535313484437618,0.00025450521838608404,0.0002834265838658102,0.0006971145921517143,-0.00022182982342702147,0.0006666105437715498,-0.0006252231798642658,0.000889178802391138,0.00022424766847813164,1.34375
-0.00027567767706461346,0.0001278204802338447,-0.000365543566122241,-0.0003877323698338389,-0.0015204286213919911,0.0002535313484443597,0.00025450521838655697,0.000283426583866375,0.0006971145921521154,-0.00022182982342614364,0.0006666105437720638,-0.000625223179863701,0.0008891788023918478,0.00022424766847864568,1.3515625
-0.000275677677065387,0.0001278204802328038,-0.0003655435661230145,-0.00038773236983475387,-0.0015204286213929851,0.0002535313484435216,0.00025450521838563366,0.00028342658386546,0.000697114592151455,-0.00022182982342718453,0.0006666105437712629,-0.000625223179864616,0.0008891788023910743,0.0002242476684778447,1.359375
-0.0002756776770666012,0.0001278204802319635,-0.00036554356612422873,-0.00038773236983576727,-0.0015204286213937278,0.00025353134844232364,0.000254505218384736,0.0002834265838644466,0.000697114592150414,-0.00022182982342802484,0.0006666105437703782,-0.0006252231798656294,0.0008891788023898601,0.00022424766847696005,1.3671875
-0.0002756776770668069,0.00012782048023172532,-0.00036554356612443446,-0.00038773236983597533,-0.001520428621393955,0.0002535313484422179,0.00025450521838460774,0.0002834265838642385,0.0006971145921501901,-0.000221829823428263,0.000666610543770163,-0.0006252231798658374,0.0008891788023896545,0.00022424766847674486,1.375
-0.0002756776770665771,0.00012782048023201055,-0.00036554356612420466,-0.0003877323698356718,-0.0015204286213937514,0.0002535313484425146,0.00025450521838475947,0.0002834265838645421,0.0006971145921503179,-0.00022182982342797776,0.0006666105437703304,-0.000625223179865534,0.0008891788023898843,0.00022424766847691223,1.3828125
-0.0002756776770666822,0.0001278204802320182,-0.0003655435661243097,-0.00038773236983581075,-0.0015204286213937731,0.0002535313484425076,0.00025450521838477714,0.0002834265838644031,0.0006971145921503594,-0.0002218298234279701,0.0006666105437702348,-0.0006252231798656729,0.0008891788023897791,0.0002242476684768166,1.390625
-0.0002756776770659064,0.0001278204802324307,-0.0003655435661235339,-0.0003877323698351158,-0.0015204286213933685,0.00025353134844297595,0.0002545052183851988,0.000283426583865098,0.0006971145921509723,-0.0002218298234275576,0.0006666105437708803,-0.000625223179864978,0.0008891788023905548,0.00022424766847746217,1.3984375
-0.0002756776770651612,0.0001278204802333069,-0.0003655435661227887,-0.0003877323698344527,-0.0015204286213925304,0.00025353134844378525,0.0002545052183861092,0.00028342658386576117,0.0006971145921516915,-0.0002218298234266814,0.0006666105437716694,-0.0006252231798643148,0.0008891788023913001,0.00022424766847825117,1.40625
-0.0002756776770661049,0.00012782048023226265,-0.0003655435661237324,-0.00038773236983522533,-0.0015204286213934225,0.0002535313484429368,0.000254505218385157,0.0002834265838649885,0.0006971145921507392,-0.00022182982342772568,0.0006666105437707847,-0.0006252231798650875,0.0008891788023903564,0.00022424766847736652,1.4140625
-0.00027567767706794836,0.00012782048023043588,-0.00036554356612557585,-0.0003877323698371921,-0.0015204286213950187,0.00025353134844103393,0.00025450521838352516,0.0002834265838630218,0.0006971145921490478,-0.00022182982342955243,0.0006666105437689915,-0.0006252231798670542,0.000889178802388513,0.0002242476684755733,1.421875
-0.0002756776770681248,0.00012782048023024994,-0.00036554356612575236,-0.00038773236983733817,-0.0015204286213952515,0.0002535313484408485,0.0002545052183832132,0.00028342658386287567,0.0006971145921487477,-0.0002218298234297384,0.0006666105437687285,-0.0006252231798672003,0.0008891788023883365,0.0002242476684753103,1.4296875
-0.00027567767706707525,0.000127820480231578,-0.0003655435661247028,-0.0003877323698361741,-0.0015204286213940192,0.00025353134844204495,0.0002545052183844507,0.0002834265838640397,0.0006971145921501048,-0.00022182982342841028,0.0006666105437699001,-0.0006252231798660362,0.0008891788023893861,0.00022424766847648186,1.4375
-0.00027567767706582875,0.000127820480232473,-0.0003655435661234563,-0.00038773236983511247,-0.0015204286213931135,0.00025353134844289746,0.00025450521838550665,0.0002834265838651014,0.000697114592150826,-0.00022182982342751535,0.0006666105437709281,-0.0006252231798649745,0.0008891788023906325,0.00022424766847750998,1.4453125
-0.00027567767706708474,0.0001278204802313342,-0.0003655435661247123,-0.0003877323698362002,-0.0015204286213942406,0.0002535313484417765,0.0002545052183844386,0.0002834265838640137,0.0006971145921499731,-0.00022182982342865414,0.0006666105437698761,-0.0006252231798660624,0.0008891788023893765,0.00022424766847645795,1.453125
-0.0002756776770681299,0.00012782048023016914,-0.00036554356612575746,-0.00038773236983755626,-0.0015204286213953574,0.00025353134844073117,0.0002545052183830585,0.0002834265838626576,0.0006971145921486409,-0.00022182982342981917,0.0006666105437687523,-0.0006252231798674184,0.0008891788023883314,0.0002242476684753342,1.4609375
-0.0002756776770672502,0.00012782048023127283,-0.00036554356612487774,-0.000387732369836458,-0.0015204286213942393,0.0002535313484419736,0.0002545052183841588,0.0002834265838637559,0.0006971145921496215,-0.0002218298234287155,0.0006666105437695653,-0.0006252231798663201,0.0008891788023892112,0.00022424766847614714,1.46875
-0.00027567767706607887,0.00012782048023228556,-0.00036554356612370636,-0.0003877323698352668,-0.001520428621393488,0.00025353134844281977,0.0002545052183850799,0.0002834265838649471,0.0006971145921506621,-0.00022182982342770275,0.0006666105437707608,-0.0006252231798651289,0.0008891788023903825,0.0002242476684773426,1.4765625
-0.000275677677065529,0.00012782048023295107,-0.00036554356612315657,-0.0003877323698346136,-0.0015204286213928442,0.0002535313484436658,0.00025450521838578556,0.00028342658386560027,0.0006971145921514635,-0.00022182982342703724,0.000666610543771478,-0.0006252231798644758,0.0008891788023909324,0.0002242476684780599,1.484375
-0.00027567767706514846,0.00012782048023340272,-0.000365543566122776,-0.0003877323698342645,-0.001520428621392285,0.00025353134844412325,0.00025450521838645993,0.00028342658386594933,0.0006971145921519467,-0.00022182982342658564,0.0006666105437720519,-0.0006252231798641267,0.0008891788023913128,0.00022424766847863373,1.4921875
-0.00027567767706425335,0.0001278204802343535,-0.0003655435661218809,-0.0003877323698332892,-0.0015204286213911955,0.0002535313484449043,0.0002545052183872348,0.0002834265838669247,0.0006971145921526259,-0.0002218298234256348,0.0006666105437729605,-0.0006252231798631513,0.0008891788023922079,0.0002242476684795423,1.5
-0.0002756776770641965,0.00012782048023365358,-0.00036554356612182403,-0.00038773236983324016,-0.0015204286213911468,0.0002535313484449613,0.0002545052183872122,0.0002834265838669737,0.0006971145921528424,-0.00022182982342633473,0.0006666105437724345,-0.0006252231798631022,0.0008891788023922647,0.0002242476684790163,1.5078125
-0.00027567767706440806,0.00012782048023456179,-0.00036554356612203556,-0.00038773236983348025,-0.0015204286213915902,0.0002535313484442373,0.0002545052183871463,0.00028342658386673364,0.0006971145921525299,-0.00022182982342542652,0.0006666105437726258,-0.0006252231798633424,0.0008891788023920533,0.00022424766847920757,1.515625
-0.00027567767706510114,0.00012782048023341925,-0.0003655435661227287,-0.00038773236983384926,-0.0015204286213921655,0.00025353134844400004,0.0002545052183863596,0.00028342658386636463,0.0006971145921519778,-0.00022182982342656906,0.0006666105437719085,-0.0006252231798637114,0.0008891788023913601,0.00022424766847849026,1.5234375
-0.0002756776770666042,0.00012782048023180165,-0.00036554356612423177,-0.0003877323698359323,-0.0015204286213938974,0.0002535313484422774,0.00025450521838459565,0.0002834265838642816,0.000697114592150199,-0.00022182982342818669,0.0006666105437701391,-0.0006252231798657944,0.0008891788023898572,0.00022424766847672095,1.53125
-0.0002756776770687538,0.00012782048022931623,-0.00036554356612638136,-0.00038773236983829774,-0.0015204286213960632,0.0002535313484402149,0.00025450521838232305,0.00028342658386191615,0.0006971145921480011,-0.0002218298234306721,0.0006666105437680351,-0.0006252231798681599,0.0008891788023877075,0.00022424766847461692,1.5390625
-0.00027567767706942315,0.00012782048022853224,-0.00036554356612705064,-0.0003877323698387463,-0.0015204286213964992,0.0002535313484393897,0.00025450521838150963,0.00028342658386146756,0.0006971145921468051,-0.0002218298234314561,0.0006666105437672461,-0.0006252231798686085,0.0008891788023870382,0.0002242476684738279,1.546875
-0.0002756776770693847,0.00012782048022925505,-0.00036554356612701226,-0.00038773236983870215,-0.0015204286213960794,0.00025353134843953063,0.000254505218382418,0.0002834265838615117,0.0006971145921474265,-0.0002218298234307333,0.0006666105437676047,-0.0006252231798685643,0.0008891788023870765,0.00022424766847418655,1.5546875
-0.000275677677068115,0.00012782048023019505,-0.00036554356612574255,-0.0003877323698379565,-0.001520428621395623,0.00025353134844051573,0.0002545052183828779,0.00028342658386225735,0.0006971145921487471,-0.00022182982342979326,0.0006666105437684535,-0.0006252231798678186,0.0008891788023883463,0.00022424766847503535,1.5625
-0.0002756776770671814,0.00012782048023099755,-0.00036554356612480894,-0.00038773236983655836,-0.0015204286213945073,0.0002535313484416601,0.0002545052183840168,0.0002834265838636555,0.0006971145921496111,-0.00022182982342899073,0.0006666105437695175,-0.0006252231798664204,0.0008891788023892799,0.00022424766847609933,1.5703125
-0.0002756776770666139,0.00012782048023175137,-0.0003655435661242415,-0.0003877323698356893,-0.0015204286213941316,0.0002535313484423623,0.0002545052183847201,0.0002834265838645246,0.0006971145921502546,-0.00022182982342823694,0.0006666105437701391,-0.0006252231798655515,0.0008891788023898474,0.00022424766847672095,1.578125
-0.00027567767706552555,0.00012782048023307242,-0.0003655435661231531,-0.00038773236983457584,-0.0015204286213927136,0.0002535313484436243,0.0002545052183858725,0.00028342658386563805,0.0006971145921515027,-0.00022182982342691592,0.000666610543771478,-0.000625223179864438,0.0008891788023909357,0.0002242476684780599,1.5859375
-0.0002756776770651844,0.0001278204802332423,-0.00036554356612281195,-0.00038773236983421594,-0.0015204286213923188,0.0002535313484438828,0.00025450521838583245,0.00028342658386599796,0.0006971145921517973,-0.000221829823426746,0.000666610543771765,-0.0006252231798640781,0.0008891788023912769,0.00022424766847834682,1.59375
-0.0002756776770644002,0.00012782048023393593,-0.00036554356612202775,-0.00038773236983369465,-0.0015204286213918073,0.0002535313484443897,0.0002545052183868846,0.00028342658386651924,0.0006971145921526582,-0.00022182982342605238,0.000666610543772578,-0.0006252231798635567,0.0008891788023920611,0.00022424766847915973,1.6015625
-0.0002756776770642544,0.0001278204802343388,-0.0003655435661218819,-0.000387732369832889,-0.0015204286213915303,0.0002535313484452556,0.00025450521838693845,0.00028342658386732486,0.0006971145921527599,-0.00022182982342564957,0.0006666105437729126,-0.0006252231798627512,0.0008891788023922071,0.00022424766847949448,1.609375
-0.0002756776770636672,0.00012782048023422698,-0.0003655435661212947,-0.00038773236983327095,-0.001520428621391097,0.00025353134844484837,0.0002545052183873116,0.00028342658386694295,0.0006971145921526788,-0.0002218298234257613,0.0006666105437728888,-0.0006252231798631331,0.0008891788023927942,0.00022424766847947057,1.6171875
-0.0002756776770646914,0.00012782048023341362,-0.0003655435661223189,-0.0003877323698342559,-0.0015204286213924246,0.0002535313484443459,0.000254505218386202,0.00028342658386595795,0.0006971145921520473,-0.0002218298234265747,0.0006666105437718845,-0.000625223179864118,0.0008891788023917699,0.00022424766847846636,1.625
-0.0002756776770661705,0.00012782048023236384,-0.00036554356612379803,-0.0003877323698349951,-0.001520428621393131,0.0002535313484432645,0.0002545052183854165,0.0002834265838652188,0.0006971145921510945,-0.00022182982342762447,0.0006666105437709999,-0.0006252231798648572,0.0008891788023902908,0.0002242476684775817,1.6328125
-0.00027567767706590475,0.0001278204802326232,-0.0003655435661235323,-0.00038773236983513274,-0.0015204286213932677,0.0002535313484430509,0.00025450521838526634,0.0002834265838650811,0.0006971145921508248,-0.00022182982342736513,0.0006666105437708565,-0.0006252231798649949,0.0008891788023905565,0.00022424766847743826,1.640625
-0.0002756776770670722,0.00012782048023144367,-0.00036554356612469977,-0.00038773236983645937,-0.0015204286213943937,0.00025353134844168293,0.0002545052183841503,0.0002834265838637545,0.0006971145921496609,-0.00022182982342854464,0.0006666105437696609,-0.0006252231798663215,0.000889178802389389,0.00022424766847624277,1.6484375
-0.00027567767706885345,0.0001278204802295956,-0.000365543566126481,-0.0003877323698384686,-0.0015204286213961055,0.000253531348439664,0.00025450521838224336,0.0002834265838617453,0.0006971145921479332,-0.0002218298234303927,0.0006666105437676525,-0.0006252231798683307,0.000889178802387608,0.00022424766847423436,1.65625
-0.00027567767706963343,0.0001278204802290661,-0.000365543566127261,-0.0003877323698385481,-0.0015204286213965378,0.0002535313484395357,0.0002545052183818741,0.00028342658386166575,0.000697114592147325,-0.00022182982343092224,0.0006666105437675091,-0.0006252231798684102,0.0008891788023868279,0.0002242476684740909,1.6640625
-0.00027567767706770664,0.00012782048023084837,-0.00036554356612533413,-0.0003877323698366419,-0.0015204286213946702,0.0002535313484413576,0.000254505218383677,0.00028342658386357194,0.000697114592149355,-0.00022182982342913994,0.0006666105437693262,-0.000625223179866504,0.0008891788023887546,0.00022424766847590805,1.671875
-0.0002756776770664941,0.00012782048023173573,-0.0003655435661241216,-0.0003877323698357077,-0.0015204286213938596,0.0002535313484424786,0.00025450521838455575,0.00028342658386450615,0.0006971145921503308,-0.00022182982342825258,0.0006666105437703065,-0.0006252231798655698,0.0008891788023899672,0.00022424766847688833,1.6796875
-0.000275677677067243,0.0001278204802315671,-0.0003655435661248705,-0.00038773236983647927,-0.001520428621394291,0.00025353134844162867,0.0002545052183842663,0.00028342658386373463,0.0006971145921499085,-0.0002218298234284212,0.0006666105437697805,-0.0006252231798663415,0.0008891788023892183,0.00022424766847636233,1.6875
-0.0002756776770672937,0.00012782048023133347,-0.00036554356612492127,-0.000387732369836502,-0.0015204286213943259,0.00025353134844197263,0.0002545052183844829,0.0002834265838637119,0.0006971145921498261,-0.00022182982342865484,0.0006666105437700554,-0.0006252231798663642,0.0008891788023891675,0.00022424766847663728,1.6953125
-0.0002756776770650936,0.0001278204802333623,-0.00036554356612272115,-0.00038773236983410107,-0.001520428621392118,0.00025353134844388766,0.00025450521838643044,0.0002834265838661128,0.0006971145921520605,-0.00022182982342662603,0.0006666105437720997,-0.0006252231798639632,0.0008891788023913678,0.00022424766847868154,1.703125
-0.0002756776770634341,0.00012782048023508006,-0.00036554356612106167,-0.00038773236983268396,-0.0015204286213907116,0.00025353134844541405,0.0002545052183878407,0.0002834265838675299,0.0006971145921533751,-0.00022182982342490828,0.0006666105437734387,-0.0006252231798625461,0.0008891788023930273,0.00022424766848002048,1.7109375
-0.0002756776770647433,0.0001278204802339422,-0.0003655435661223708,-0.0003877323698338372,-0.0015204286213920373,0.00025353134844427775,0.0002545052183865947,0.0002834265838663767,0.0006971145921522248,-0.00022182982342604612,0.0006666105437723388,-0.0006252231798636993,0.000889178802391718,0.00022424766847892064,1.71875
-0.00027567767706589315,0.0001278204802326852,-0.0003655435661235207,-0.00038773236983486267,-0.0015204286213932122,0.0002535313484432293,0.00025450521838554807,0.00028342658386535123,0.0006971145921510348,-0.00022182982342730312,0.0006666105437710596,-0.0006252231798647248,0.0008891788023905683,0.0002242476684776415,1.7265625
-0.0002756776770656375,0.00012782048023278743,-0.00036554356612326504,-0.0003877323698347713,-0.0015204286213930766,0.0002535313484433451,0.00025450521838552167,0.00028342658386544257,0.000697114592151134,-0.00022182982342720088,0.0006666105437711195,-0.0006252231798646334,0.0008891788023908238,0.00022424766847770126,1.734375
-0.0002756776770658279,0.0001278204802326407,-0.0003655435661234554,-0.0003877323698349748,-0.001520428621393103,0.0002535313484433123,0.00025450521838548963,0.00028342658386523907,0.0006971145921511259,-0.00022182982342734765,0.0006666105437711911,-0.0006252231798648371,0.0008891788023906334,0.00022424766847777298,1.7421875
-0.0002756776770665992,0.0001278204802319563,-0.00036554356612422673,-0.00038773236983574943,-0.0015204286213937243,0.0002535313484424354,0.0002545052183847489,0.0002834265838644644,0.0006971145921503551,-0.00022182982342803202,0.0006666105437703304,-0.0006252231798656116,0.0008891788023898621,0.00022424766847691223,1.75
-0.0002756776770678417,0.00012782048023056807,-0.0003655435661254692,-0.0003877323698370691,-0.0015204286213951089,0.0002535313484411146,0.0002545052183834737,0.0002834265838631447,0.0006971145921490322,-0.00022182982342942024,0.0006666105437689915,-0.0006252231798669313,0.0008891788023886196,0.0002242476684755733,1.7578125
-0.00027567767706708864,0.0001278204802312389,-0.0003655435661247162,-0.0003877323698364048,-0.0015204286213942044,0.00025353134844177086,0.0002545052183842093,0.0002834265838638091,0.0006971145921496481,-0.00022182982342874941,0.0006666105437697327,-0.0006252231798662669,0.0008891788023893726,0.00022424766847631451,1.765625
-0.0002756776770664066,0.00012782048023199217,-0.0003655435661240342,-0.0003877323698355896,-0.0015204286213936805,0.00025353134844257686,0.00025450521838484133,0.00028342658386462427,0.0006971145921505313,-0.00022182982342799616,0.0006666105437704022,-0.0006252231798654518,0.0008891788023900548,0.00022424766847698398,1.7734375
-0.0002756776770661711,0.0001278204802323639,-0.00036554356612379863,-0.00038773236983540374,-0.0015204286213934038,0.0002535313484427933,0.00025450521838517906,0.0002834265838648101,0.0006971145921507375,-0.00022182982342762445,0.0006666105437705217,-0.0006252231798652659,0.0008891788023902901,0.00022424766847710352,1.78125
-0.0002756776770665512,0.00012782048023197423,-0.00036554356612417875,-0.0003877323698357011,-0.0015204286213937814,0.0002535313484424456,0.0002545052183848143,0.0002834265838645128,0.0006971145921503727,-0.00022182982342801408,0.000666610543770426,-0.0006252231798655633,0.0008891788023899102,0.0002242476684770079,1.7890625
-0.00027567767706661387,0.00012782048023194384,-0.0003655435661242414,-0.000387732369835664,-0.0015204286213937087,0.00025353134844253853,0.0002545052183849351,0.0002834265838645499,0.0006971145921504337,-0.00022182982342804444,0.0006666105437703304,-0.0006252231798655261,0.0008891788023898474,0.00022424766847691223,1.796875
-0.00027567767706688725,0.00012782048023171196,-0.0003655435661245148,-0.00038773236983592177,-0.0015204286213939065,0.0002535313484423006,0.00025450521838459196,0.00028342658386429207,0.000697114592150137,-0.0002218298234282764,0.0006666105437701391,-0.0006252231798657839,0.000889178802389574,0.00022424766847672095,1.8046875
-0.0002756776770667804,0.00012782048023180387,-0.00036554356612440795,-0.00038773236983587276,-0.0015204286213939362,0.0002535313484422712,0.00025450521838467,0.00028342658386434113,0.0006971145921502523,-0.00022182982342818444,0.000666610543770187,-0.0006252231798657349,0.000889178802389681,0.0002242476684767688,1.8125
-0.0002756776770660398,0.00012782048023252213,-0.0003655435661236673,-0.0003877323698351549,-0.001520428621393268,0.0002535313484430137,0.00025450521838531545,0.00028342658386505893,0.0006971145921508709,-0.00022182982342746623,0.0006666105437708086,-0.000625223179865017,0.0008891788023904216,0.00022424766847739042,1.8203125
-0.0002756776770651916,0.0001278204802332136,-0.00036554356612281916,-0.00038773236983446135,-0.0015204286213924938,0.00025353134844368535,0.0002545052183859463,0.00028342658386575255,0.0006971145921515047,-0.0002218298234267747,0.0006666105437713824,-0.0006252231798643235,0.0008891788023912697,0.00022424766847796426,1.828125
-0.00027567767706534714,0.00012782048023315053,-0.0003655435661229747,-0.00038773236983456657,-0.001520428621392726,0.0002535313484436332,0.00025450521838592857,0.00028342658386564727,0.000697114592151463,-0.0002218298234268378,0.000666610543771478,-0.0006252231798644286,0.0008891788023911141,0.0002242476684780599,1.8359375
-0.0002756776770667316,0.00012782048023186066,-0.00036554356612435916,-0.0003877323698358365,-0.0015204286213940021,0.0002535313484423025,0.00025450521838457196,0.00028342658386437734,0.0006971145921500946,-0.00022182982342812765,0.0006666105437700674,-0.0006252231798656986,0.0008891788023897298,0.00022424766847664923,1.84375
-0.00027567767706689316,0.00012782048023168147,-0.0003655435661245207,-0.00038773236983602233,-0.00152042862139416,0.00025353134844220866,0.0002545052183844708,0.00028342658386419157,0.0006971145921500472,-0.00022182982342830684,0.0006666105437700435,-0.0006252231798658845,0.0008891788023895682,0.00022424766847662533,1.8515625
-0.0002756776770663688,0.00012782048023226417,-0.0003655435661239963,-0.00038773236983540927,-0.0015204286213935628,0.0002535313484427851,0.00025450521838490215,0.00028342658386480463,0.000697114592150625,-0.00022182982342772414,0.0006666105437706174,-0.0006252231798652714,0.0008891788023900925,0.00022424766847719917,1.859375
-0.00027567767706674327,0.00012782048023177482,-0.0003655435661243708,-0.0003877323698358316,-0.0015204286213939143,0.00025353134844244697,0.00025450521838456524,0.0002834265838643823,0.000697114592150291,-0.0002218298234282135,0.0006666105437702348,-0.0006252231798656937,0.0008891788023897179,0.0002242476684768166,1.8671875
-0.0002756776770667694,0.00012782048023183136,-0.00036554356612439695,-0.00038773236983581855,-0.0015204286213939097,0.00025353134844233394,0.00025450521838463045,0.0002834265838643953,0.0006971145921503084,-0.00022182982342815698,0.0006666105437702826,-0.0006252231798656808,0.000889178802389692,0.00022424766847686442,1.875
-0.0002756776770666677,0.00012782048023182236,-0.0003655435661242952,-0.0003877323698357944,-0.001520428621393807,0.0002535313484423809,0.0002545052183847229,0.00028342658386441947,0.0006971145921503292,-0.00022182982342816595,0.0006666105437703065,-0.0006252231798656566,0.0008891788023897936,0.00022424766847688833,1.8828125
-0.0002756776770657337,0.00012782048023274848,-0.00036554356612336126,-0.00038773236983496024,-0.0015204286213929528,0.00025353134844327096,0.00025450521838558146,0.0002834265838652536,0.0006971145921511637,-0.00022182982342723983,0.0006666105437710955,-0.0006252231798648223,0.0008891788023907276,0.00022424766847767736,1.890625
-0.0002756776770658363,0.0001278204802326593,-0.0003655435661234638,-0.0003877323698350602,-0.0015204286213930662,0.0002535313484430861,0.0002545052183855136,0.0002834265838651537,0.0006971145921511198,-0.00022182982342732903,0.0006666105437710477,-0.0006252231798649223,0.0008891788023906251,0.00022424766847762952,1.8984375
-0.00027567767706547784,0.00012782048023320127,-0.0003655435661231054,-0.0003877323698346624,-0.0015204286213926868,0.00025353134844365434,0.00025450521838599226,0.0002834265838655515,0.000697114592151479,-0.00022182982342678704,0.0006666105437713824,-0.0006252231798645246,0.0008891788023909835,0.00022424766847796426,1.90625
-0.00027567767706587103,0.0001278204802326667,-0.0003655435661234985,-0.00038773236983495916,-0.0015204286213930563,0.000253531348443023,0.00025450521838545694,0.0002834265838652547,0.0006971145921512066,-0.0002218298234273216,0.0006666105437709999,-0.0006252231798648213,0.0008891788023905903,0.0002242476684775817,1.9140625
-0.000275677677067569,0.0001278204802311139,-0.00036554356612519655,-0.00038773236983661517,-0.0015204286213947866,0.00025353134844133957,0.00025450521838381426,0.0002834265838635987,0.0006971145921493727,-0.00022182982342887442,0.000666610543769374,-0.0006252231798664772,0.0008891788023888923,0.00022424766847595586,1.921875
-0.0002756776770676483,0.00012782048023069712,-0.00036554356612527586,-0.00038773236983692075,-0.0015204286213948684,0.0002535313484412158,0.0002545052183836239,0.00028342658386329314,0.0006971145921490627,-0.0002218298234292912,0.0006666105437691857,-0.000625223179866783,0.000889178802388813,0.00022424766847576756,1.9296875
-0.0002756776770672173,0.00012782048023114774,-0.00036554356612484483,-0.0003877323698366772,-0.0015204286213947441,0.00025353134844152713,0.000254505218383688,0.0002834265838635367,0.0006971145921492704,-0.0002218298234288406,0.0006666105437694458,-0.0006252231798665393,0.000889178802389244,0.00022424766847602758,1.9375
-0.00027567767706639904,0.00012782048023226206,-0.00036554356612402653,-0.0003877323698354544,-0.0015204286213934522,0.00025353134844294554,0.0002545052183852108,0.00028342658386475947,0.0006971145921505779,-0.00022182982342772625,0.000666610543770713,-0.0006252231798653166,0.0008891788023900623,0.0002242476684772948,1.9453125
-0.0002756776770658316,0.000127820480232642,-0.00036554356612345917,-0.00038773236983497754,-0.0015204286213931057,0.000253531348443213,0.00025450521838548995,0.00028342658386523636,0.0006971145921510245,-0.0002218298234273463,0.0006666105437710477,-0.0006252231798648398,0.0008891788023906298,0.00022424766847762952,1.953125
-0.00027567767706610516,0.00012782048023249858,-0.00036554356612373266,-0.0003877323698352176,-0.0015204286213933286,0.00025353134844301796,0.00025450521838519353,0.0002834265838649963,0.0006971145921508715,-0.00022182982342748976,0.0006666105437709043,-0.0006252231798650797,0.0008891788023903561,0.00022424766847748608,1.9609375
-0.00027567767706580994,0.00012782048023285696,-0.00036554356612343743,-0.00038773236983490175,-0.0015204286213928893,0.00025353134844338096,0.00025450521838562694,0.00028342658386531214,0.0006971145921512092,-0.00022182982342713135,0.0006666105437712151,-0.0006252231798647639,0.0008891788023906513,0.0002242476684777969,1.96875
-0.0002756776770663777,0.00012782048023233242,-0.0003655435661240052,-0.00038773236983542894,-0.0015204286213934125,0.0002535313484427614,0.00025450521838508576,0.0002834265838647849,0.0006971145921507159,-0.00022182982342765591,0.0006666105437706891,-0.0006252231798652911,0.0008891788023900838,0.0002242476684772709,1.9765625
-0.0002756776770662909,0.0001278204802322873,-0.0003655435661239184,-0.0003877323698353616,-0.0015204286213933267,0.00025353134844282964,0.0002545052183849884,0.0002834265838648522,0.0006971145921507859,-0.00022182982342770102,0.0006666105437707847,-0.0006252231798652238,0.0008891788023901704,0.00022424766847736652,1.984375
-0.00027567767706702473,0.0001278204802314871,-0.0003655435661246523,-0.0003877323698362631,-0.0015204286213942127,0.00025353134844193707,0.0002545052183842124,0.00028342658386395076,0.0006971145921497976,-0.0002218298234285012,0.0006666105437699479,-0.0006252231798661252,0.0008891788023894367,0.0002242476684765297,1.9921875
-0.0002756776770664383,0.00012782048023214472,-0.00036554356612406583,-0.0003877323698356166,-0.001520428621393754,0.00025353134844271124,0.0002545052183848324,0.0002834265838645973,0.0006971145921505582,-0.0002218298234278436,0.0006666105437704738,-0.0006252231798654787,0.000889178802390023,0.0002242476684770557,2.0
-0.0002756776770655671,0.0001278204802326433,-0.0003655435661231946,-0.00038773236983496946,-0.0015204286213932592,0.00025353134844320873,0.00025450521838560423,0.00028342658386524443,0.0006971145921511985,-0.00022182982342734505,0.0006666105437709999,-0.0006252231798648316,0.0008891788023908942,0.0002242476684775817,2.0078125
-0.0002756776770658363,0.0001278204802325863,-0.00036554356612346383,-0.0003877323698350975,-0.0015204286213931543,0.00025353134844308914,0.00025450521838538213,0.0002834265838651164,0.0006971145921509406,-0.00022182982342740202,0.0006666105437709521,-0.0006252231798649597,0.0008891788023906251,0.0002242476684775339,2.015625
-0.0002756776770667781,0.000127820480231917,-0.0003655435661244056,-0.00038773236983583514,-0.001520428621394003,0.0002535313484423541,0.00025450521838458047,0.0002834265838643787,0.0006971145921502106,-0.00022182982342807135,0.000666610543770187,-0.0006252231798656973,0.0008891788023896833,0.0002242476684767688,2.0234375
-0.000275677677067077,0.00012782048023142188,-0.00036554356612470454,-0.0003877323698363125,-0.0015204286213942758,0.00025353134844187446,0.0002545052183842399,0.0002834265838639014,0.0006971145921498223,-0.00022182982342856643,0.0006666105437697924,-0.0006252231798661746,0.0008891788023893843,0.00022424766847637428,2.03125
-0.0002756776770660365,0.00012782048023262236,-0.000365543566123664,-0.0003877323698350298,-0.0015204286213932527,0.00025353134844315663,0.0002545052183852699,0.0002834265838651841,0.0006971145921509599,-0.00022182982342736597,0.0006666105437709521,-0.0006252231798648919,0.0008891788023904248,0.0002242476684775339,2.0390625
-0.0002756776770651992,0.00012782048023334688,-0.00036554356612282675,-0.0003877323698343724,-0.0015204286213923962,0.0002535313484438246,0.0002545052183861624,0.00028342658386584145,0.0006971145921517925,-0.00022182982342664143,0.0006666105437716694,-0.0006252231798642346,0.0008891788023912621,0.00022424766847825117,2.046875
-0.00027567767706499884,0.00012782048023350623,-0.0003655435661226264,-0.0003877323698341336,-0.0015204286213922561,0.00025353134844407593,0.0002545052183862952,0.00028342658386608025,0.0006971145921519015,-0.0002218298234264821,0.0006666105437719085,-0.0006252231798639958,0.0008891788023914624,0.00022424766847849026,2.0546875
-0.00027567767706638093,0.00012782048023219438,-0.0003655435661240084,-0.0003877323698354169,-0.001520428621393512,0.00025353134844276215,0.0002545052183850759,0.00028342658386479693,0.0006971145921506702,-0.00022182982342779396,0.0006666105437706652,-0.0006252231798652791,0.0008891788023900804,0.00022424766847724698,2.0625
-0.0002756776770675076,0.00012782048023113904,-0.0003655435661251351,-0.0003877323698364766,-0.0015204286213945603,0.0002535313484416836,0.00025450521838404926,0.0002834265838637373,0.000697114592149524,-0.00022182982342884924,0.0006666105437694697,-0.0006252231798663388,0.0008891788023889536,0.0002242476684760515,2.0703125
-0.00027567767706786504,0.000127820480230769,-0.00036554356612549253,-0.00038773236983710236,-0.0015204286213949547,0.0002535313484412086,0.00025450521838363667,0.0002834265838631115,0.0006971145921491951,-0.00022182982342921933,0.0006666105437691828,-0.0006252231798669645,0.0008891788023885962,0.00022424766847576458,2.078125
-0.0002756776770674,0.00012782048023113408,-0.0003655435661250276,-0.0003877323698365595,-0.0015204286213944564,0.0002535313484415567,0.0002545052183840195,0.0002834265838636544,0.0006971145921496256,-0.00022182982342885423,0.0006666105437695653,-0.0006252231798664216,0.0008891788023890612,0.00022424766847614714,2.0859375
-0.000275677677065956,0.00012782048023237915,-0.0003655435661235835,-0.0003877323698352692,-0.0015204286213932876,0.00025353134844290705,0.0002545052183852032,0.00028342658386494465,0.0006971145921508094,-0.00022182982342760916,0.0006666105437710955,-0.0006252231798651313,0.0008891788023905053,0.00022424766847767736,2.09375
-0.0002756776770658486,0.0001278204802327273,-0.00036554356612347613,-0.0003877323698350271,-0.0015204286213932263,0.0002535313484432432,0.0002545052183854401,0.0002834265838651868,0.0006971145921511064,-0.00022182982342726102,0.0006666105437710955,-0.0006252231798648892,0.0008891788023906127,0.00022424766847767736,2.1015625
-0.00027567767706591955,0.00012782048023258493,-0.0003655435661235471,-0.00038773236983512716,-0.001520428621393277,0.0002535313484430989,0.0002545052183853033,0.00028342658386508674,0.0006971145921507901,-0.00022182982342740338,0.0006666105437708206,-0.0006252231798649894,0.0008891788023905417,0.00022424766847740238,2.109375
-0.00027567767706670934,0.000127820480231807,-0.0003655435661243369,-0.00038773236983587195,-0.001520428621393961,0.000253531348442344,0.000254505218384576,0.00028342658386434194,0.0006971145921500627,-0.00022182982342818132,0.000666610543770163,-0.0006252231798657341,0.000889178802389752,0.00022424766847674486,2.1171875
-0.00027567767706579953,0.00012782048023272306,-0.000365543566123427,-0.0003877323698349873,-0.0015204286213930463,0.0002535313484432236,0.0002545052183855412,0.0002834265838652266,0.0006971145921510757,-0.00022182982342726528,0.0006666105437710358,-0.0006252231798648494,0.0008891788023906619,0.00022424766847761756,2.125
-0.0002756776770642629,0.00012782048023431887,-0.00036554356612189043,-0.0003877323698334169,-0.0015204286213915544,0.0002535313484447912,0.0002545052183870554,0.000283426583866797,0.0006971145921526856,-0.00022182982342566947,0.0006666105437726617,-0.000625223179863279,0.0008891788023921984,0.00022424766847924343,2.1328125
-0.00027567767706503836,0.0001278204802334649,-0.0003655435661226659,-0.0003877323698342115,-0.0015204286213923405,0.00025353134844391146,0.00025450521838622054,0.0002834265838660024,0.000697114592151779,-0.00022182982342652344,0.0006666105437718606,-0.0006252231798640737,0.0008891788023914231,0.00022424766847844245,2.140625
-0.0002756776770665928,0.00012782048023188294,-0.00036554356612422033,-0.0003877323698358004,-0.0015204286213937612,0.0002535313484424041,0.00025450521838476874,0.00028342658386441345,0.000697114592150375,-0.0002218298234281054,0.0006666105437703304,-0.0006252231798656626,0.0008891788023898685,0.00022424766847691223,2.1484375
-0.0002756776770677841,0.00012782048023079464,-0.00036554356612541165,-0.0003877323698368951,-0.001520428621394768,0.0002535313484413879,0.0002545052183835629,0.0002834265838633188,0.0006971145921491961,-0.00022182982342919364,0.0006666105437692784,-0.0006252231798667573,0.0008891788023886772,0.0002242476684758602,2.15625
-0.00027567767706740355,0.0001278204802312755,-0.0003655435661250311,-0.0003877323698365109,-0.0015204286213944087,0.00025353134844176924,0.0002545052183842493,0.00028342658386370297,0.0006971145921498764,-0.00022182982342871285,0.0006666105437696849,-0.000625223179866373,0.0008891788023890579,0.00022424766847626667,2.1640625
-0.00027567767706680805,0.00012782048023169147,-0.0003655435661244356,-0.0003877323698359923,-0.0015204286213940925,0.0002535313484421607,0.0002545052183844403,0.0002834265838642216,0.0006971145921500644,-0.00022182982342829684,0.0006666105437700674,-0.0006252231798658544,0.0008891788023896531,0.00022424766847664923,2.171875
-0.00027567767706638055,0.00012782048023205273,-0.00036554356612400804,-0.00038773236983555325,-0.0015204286213935554,0.00025353134844264196,0.000254505218384935,0.0002834265838646606,0.0006971145921504615,-0.00022182982342793558,0.0006666105437704738,-0.0006252231798654154,0.0008891788023900807,0.0002242476684770557,2.1796875
-0.00027567767706601046,0.00012782048023259705,-0.00036554356612363795,-0.0003877323698350865,-0.0015204286213930953,0.0002535313484430703,0.00025450521838545884,0.0002834265838651274,0.0006971145921510172,-0.00022182982342739126,0.000666610543770964,-0.0006252231798649486,0.000889178802390451,0.00022424766847754584,2.1875
-0.0002756776770662455,0.0001278204802323533,-0.00036554356612387306,-0.0003877323698353341,-0.0015204286213933039,0.000253531348442856,0.00025450521838521565,0.0002834265838648798,0.0006971145921507621,-0.00022182982342763504,0.0006666105437707488,-0.0006252231798651963,0.0008891788023902158,0.00022424766847733066,2.1953125
-0.00027567767706633637,0.0001278204802321907,-0.00036554356612396386,-0.0003877323698356203,-0.0015204286213935708,0.00025353134844258445,0.00025450521838493766,0.00028342658386459353,0.0006971145921505498,-0.00022182982342779765,0.0006666105437705217,-0.0006252231798654825,0.000889178802390125,0.00022424766847710352,2.203125
-0.00027567767706626026,0.00012782048023220663,-0.0003655435661238878,-0.00038773236983555634,-0.0015204286213936504,0.0002535313484426544,0.00025450521838487006,0.0002834265838646575,0.0006971145921504702,-0.0002218298234277817,0.0006666105437704619,-0.0006252231798654185,0.0008891788023902011,0.00022424766847704375,2.2109375
-0.0002756776770662216,0.00012782048023236235,-0.00036554356612384915,-0.00038773236983539685,-0.0015204286213935162,0.0002535313484429098,0.0002545052183850483,0.00028342658386481704,0.0006971145921508099,-0.000221829823427626,0.0006666105437706652,-0.000625223179865259,0.0008891788023902397,0.00022424766847724698,2.21875
-0.00027567767706597023,0.00012782048023247597,-0.0003655435661235978,-0.00038773236983518863,-0.0015204286213932035,0.00025353134844297313,0.0002545052183852163,0.00028342658386502526,0.000697114592150824,-0.00022182982342751237,0.0006666105437708565,-0.0006252231798650508,0.0008891788023904911,0.00022424766847743826,2.2265625
-0.0002756776770658671,0.0001278204802326259,-0.0003655435661234946,-0.00038773236983506997,-0.0015204286213930344,0.00025353134844313316,0.00025450521838548296,0.00028342658386514393,0.0006971145921510652,-0.00022182982342736245,0.0006666105437710955,-0.000625223179864932,0.0008891788023905942,0.00022424766847767736,2.234375
-0.0002756776770657207,0.00012782048023277665,-0.00036554356612334825,-0.00038773236983488505,-0.0015204286213929671,0.00025353134844325394,0.0002545052183855953,0.0002834265838653288,0.0006971145921512014,-0.00022182982342721166,0.0006666105437712151,-0.0006252231798647473,0.0008891788023907407,0.0002242476684777969,2.2421875
-0.00027567767706641454,0.00012782048023208273,-0.00036554356612404203,-0.00038773236983555363,-0.0015204286213936482,0.0002535313484426382,0.00025450521838490595,0.0002834265838646602,0.0006971145921505062,-0.00022182982342790555,0.0006666105437705038,-0.0006252231798654158,0.0008891788023900468,0.0002242476684770856,2.25
-0.00027567767706668424,0.00012782048023173768,-0.00036554356612431173,-0.00038773236983601463,-0.0015204286213939765,0.0002535313484422658,0.000254505218384555,0.00028342658386419926,0.0006971145921500775,-0.00022182982342825063,0.0006666105437700674,-0.0006252231798658768,0.0008891788023897771,0.00022424766847664923,2.2578125
-0.00027567767706694623,0.0001278204802314082,-0.0003655435661245738,-0.000387732369836263,-0.0015204286213943582,0.0002535313484419698,0.0002545052183842836,0.0002834265838639508,0.0006971145921497226,-0.00022182982342858012,0.0006666105437697566,-0.0006252231798661252,0.0008891788023895151,0.00022424766847633842,2.265625
-0.00027567767706690357,0.00012782048023165013,-0.00036554356612453106,-0.0003877323698360421,-0.0015204286213941875,0.00025353134844208056,0.00025450521838444294,0.0002834265838641717,0.0006971145921500791,-0.00022182982342833818,0.0006666105437699479,-0.0006252231798659042,0.0008891788023895577,0.0002242476684765297,2.2734375
-0.0002756776770663372,0.0001278204802323608,-0.00036554356612396473,-0.00038773236983537837,-0.001520428621393441,0.00025353134844288087,0.0002545052183851041,0.0002834265838648355,0.0006971145921508299,-0.0002218298234276275,0.0006666105437708086,-0.0006252231798652406,0.0008891788023901241,0.00022424766847739042,2.28125
-0.00027567767706577665,0.00012782048023294012,-0.00036554356612340414,-0.00038773236983472606,-0.0015204286213927937,0.00025353134844339863,0.00025450521838573504,0.0002834265838654878,0.0006971145921514131,-0.00022182982342704822,0.0006666105437714064,-0.0006252231798645882,0.0008891788023906846,0.00022424766847798817,2.2890625
-0.0002756776770656461,0.00012782048023289236,-0.00036554356612327366,-0.0003877323698348489,-0.0015204286213928084,0.00025353134844338524,0.00025450521838571357,0.00028342658386536494,0.0006971145921513557,-0.00022182982342709595,0.0006666105437713346,-0.000625223179864711,0.0008891788023908152,0.00022424766847791645,2.296875
-0.00027567767706569376,0.00012782048023274157,-0.0003655435661233213,-0.00038773236983498133,-0.0015204286213929778,0.0002535313484432431,0.0002545052183855877,0.00028342658386523256,0.0006971145921510267,-0.00022182982342724674,0.0006666105437710477,-0.0006252231798648435,0.0008891788023907676,0.00022424766847762952,2.3046875
-0.00027567767706685516,0.00012782048023154464,-0.0003655435661244827,-0.00038773236983605887,-0.0015204286213940557,0.0002535313484421775,0.0002545052183844743,0.000283426583864155,0.0006971145921500327,-0.00022182982342844372,0.0006666105437700196,-0.000625223179865921,0.0008891788023896061,0.00022424766847660142,2.3125
-0.0002756776770671268,0.00012782048023146452,-0.00036554356612475435,-0.00038773236983629777,-0.0015204286213942656,0.0002535313484418949,0.00025450521838431365,0.00028342658386391607,0.0006971145921499259,-0.0002218298234285238,0.0006666105437698402,-0.00062522317986616,0.0008891788023893345,0.0002242476684764221,2.3203125
-0.00027567767706676333,0.00012782048023182195,-0.0003655435661243909,-0.00038773236983589504,-0.0015204286213939416,0.00025353134844228944,0.00025450521838464677,0.0002834265838643188,0.0006971145921502261,-0.00022182982342816638,0.000666610543770175,-0.0006252231798657571,0.000889178802389698,0.00022424766847675684,2.328125
-0.00027567767706639074,0.00012782048023202508,-0.0003655435661240183,-0.0003877323698356292,-0.001520428621393699,0.00025353134844252384,0.0002545052183847975,0.00028342658386458464,0.0006971145921503642,-0.00022182982342796323,0.0006666105437703065,-0.0006252231798654914,0.0008891788023900706,0.00022424766847688833,2.3359375
-0.000275677677066355,0.00012782048023204397,-0.00036554356612398257,-0.00038773236983569794,-0.0015204286213937417,0.0002535313484424377,0.0002545052183847781,0.0002834265838645159,0.0006971145921503007,-0.00022182982342794437,0.0006666105437703782,-0.0006252231798655601,0.0008891788023901063,0.00022424766847696005,2.34375
-0.0002756776770671468,0.00012782048023113782,-0.00036554356612477436,-0.0003877323698363985,-0.0015204286213942372,0.0002535313484417757,0.00025450521838430676,0.00028342658386381535,0.00069711459214965,-0.00022182982342885052,0.0006666105437696849,-0.0006252231798662606,0.0008891788023893145,0.00022424766847626667,2.3515625
-0.00027567767706688536,0.00012782048023167716,-0.00036554356612451285,-0.0003877323698358886,-0.0015204286213940303,0.0002535313484422923,0.0002545052183846454,0.0002834265838643253,0.0006971145921500844,-0.00022182982342831115,0.0006666105437700913,-0.0006252231798657507,0.000889178802389576,0.00022424766847667314,2.359375
-0.00027567767706641335,0.00012782048023226366,-0.0003655435661240409,-0.0003877323698355509,-0.0015204286213935745,0.0002535313484426461,0.00025450521838495983,0.0002834265838646629,0.0006971145921505183,-0.00022182982342772465,0.000666610543770426,-0.0006252231798654131,0.0008891788023900479,0.0002242476684770079,2.3671875
-0.0002756776770662406,0.0001278204802323175,-0.00036554356612386813,-0.000387732369835251,-0.001520428621393341,0.0002535313484428614,0.0002545052183852691,0.0002834265838649628,0.0006971145921508514,-0.00022182982342767085,0.000666610543770713,-0.0006252231798651132,0.0008891788023902207,0.0002242476684772948,2.375
-0.00027567767706529987,0.00012782048023326053,-0.0003655435661229274,-0.00038773236983436437,-0.001520428621392499,0.00025353134844380184,0.0002545052183860719,0.0002834265838658495,0.0006971145921516812,-0.00022182982342672778,0.0006666105437716454,-0.0006252231798642264,0.0008891788023911613,0.00022424766847822726,2.3828125
-0.0002756776770658747,0.00012782048023234497,-0.00036554356612350226,-0.00038773236983521026,-0.0015204286213932067,0.00025353134844299016,0.0002545052183852391,0.0002834265838650036,0.000697114592150917,-0.00022182982342764337,0.0006666105437708565,-0.0006252231798650723,0.0008891788023905866,0.00022424766847743826,2.390625
-0.00027567767706660693,0.00012782048023167063,-0.0003655435661242345,-0.000387732369835865,-0.0015204286213940021,0.0002535313484423031,0.000254505218384583,0.00028342658386434883,0.0006971145921501175,-0.00022182982342831768,0.0006666105437701391,-0.0006252231798657272,0.0008891788023898543,0.00022424766847672095,2.3984375
-0.000275677677066905,0.00012782048023150916,-0.0003655435661245325,-0.0003877323698361492,-0.001520428621394193,0.0002535313484420074,0.0002545052183843239,0.00028342658386406466,0.0006971145921498943,-0.00022182982342847915,0.0006666105437698283,-0.0006252231798660112,0.0008891788023895564,0.00022424766847641014,2.40625
-0.000275677677065934,0.0001278204802326257,-0.0003655435661235615,-0.000387732369835113,-0.001520428621393211,0.00025353134844303266,0.0002545052183855546,0.0002834265838651009,0.00069711459215085,-0.00022182982342736264,0.0006666105437710237,-0.0006252231798649752,0.0008891788023905274,0.0002242476684776056,2.4140625
-0.00027567767706456224,0.00012782048023404104,-0.0003655435661221898,-0.0003877323698338459,-0.0015204286213917801,0.00025353134844438406,0.0002545052183865485,0.000283426583866368,0.00069711459215237,-0.00022182982342594732,0.0006666105437723388,-0.0006252231798637081,0.000889178802391899,0.00022424766847892064,2.421875
-0.0002756776770656353,0.00012782048023312646,-0.00036554356612326287,-0.0003877323698346189,-0.001520428621392435,0.0002535313484437667,0.0002545052183860034,0.00028342658386559496,0.0006971145921516335,-0.00022182982342686185,0.0006666105437716694,-0.0006252231798644811,0.000889178802390826,0.00022424766847825117,2.4296875
-0.0002756776770664793,0.00012782048023229464,-0.0003655435661241068,-0.00038773236983534416,-0.0015204286213932358,0.000253531348442807,0.00025450521838505286,0.0002834265838648697,0.0006971145921508265,-0.00022182982342769365,0.0006666105437708086,-0.0006252231798652063,0.0008891788023899821,0.00022424766847739042,2.4375
-0.0002756776770662682,0.0001278204802322487,-0.0003655435661238957,-0.00038773236983548207,-0.0015204286213934784,0.00025353134844250123,0.0002545052183849734,0.0002834265838647318,0.0006971145921505557,-0.0002218298234277396,0.0006666105437705934,-0.0006252231798653441,0.0008891788023901932,0.00022424766847717524,2.4453125
-0.00027567767706753376,0.00012782048023117645,-0.00036554356612516126,-0.0003877323698370448,-0.0015204286213944768,0.0002535313484412449,0.0002545052183837679,0.0002834265838631691,0.000697114592149159,-0.00022182982342881184,0.0006666105437694697,-0.000625223179866907,0.0008891788023889275,0.0002242476684760515,2.453125
-0.0002756776770676812,0.00012782048023053172,-0.00036554356612530876,-0.0003877323698372731,-0.0015204286213954688,0.0002535313484408569,0.00025450521838310845,0.0002834265838629407,0.0006971145921487386,-0.00022182982342945656,0.0006666105437686089,-0.0006252231798671353,0.0008891788023887801,0.00022424766847519074,2.4609375
-0.0002756776770672362,0.00012782048023109353,-0.0003655435661248637,-0.0003877323698365285,-0.0015204286213945481,0.0002535313484416519,0.0002545052183839564,0.0002834265838636854,0.000697114592149467,-0.00022182982342889478,0.0006666105437695175,-0.0006252231798663906,0.0008891788023892252,0.00022424766847609933,2.46875
-0.0002756776770658838,0.00012782048023266896,-0.00036554356612351137,-0.0003877323698349181,-0.0015204286213931918,0.0002535313484432553,0.0002545052183856444,0.0002834265838652957,0.0006971145921509578,-0.00022182982342731935,0.0006666105437709939,-0.0006252231798647804,0.0008891788023905774,0.00022424766847757574,2.4765625
-0.0002756776770658287,0.00012782048023288526,-0.00036554356612345624,-0.0003877323698349153,-0.0015204286213930955,0.00025353134844336366,0.00025450521838548263,0.0002834265838652986,0.0006971145921511127,-0.00022182982342710305,0.0006666105437709759,-0.0006252231798647774,0.0008891788023906327,0.0002242476684775578,2.484375
-0.00027567767706627544,0.00012782048023216535,-0.00036554356612390293,-0.0003877323698354891,-0.00152042862139356,0.00025353134844264007,0.0002545052183849855,0.0002834265838647248,0.00069711459215052,-0.00022182982342782296,0.0006666105437705217,-0.0006252231798653513,0.0008891788023901859,0.00022424766847710352,2.4921875
-0.0002756776770663967,0.0001278204802320808,-0.0003655435661240242,-0.0003877323698355199,-0.0015204286213935892,0.00025353134844261296,0.0002545052183849659,0.00028342658386469393,0.0006971145921505243,-0.00022182982342790753,0.000666610543770426,-0.0006252231798653821,0.0008891788023900647,0.0002242476684770079,2.5
-0.00027567767706601653,0.00012782048023253693,-0.000365543566123644,-0.00038773236983516483,-0.001520428621393265,0.0002535313484429763,0.00025450521838522,0.000283426583865049,0.0006971145921509517,-0.00022182982342745138,0.0006666105437709043,-0.000625223179865027,0.0008891788023904448,0.00022424766847748608,2.5078125
-0.00027567767706557044,0.00012782048023309806,-0.000365543566123198,-0.00038773236983441424,-0.001520428621392704,0.0002535313484435522,0.0002545052183858472,0.0002834265838657996,0.000697114592151549,-0.0002218298234268903,0.0006666105437715738,-0.0006252231798642764,0.0008891788023908908,0.00022424766847815554,2.515625
-0.0002756776770652728,0.00012782048023343115,-0.0003655435661229003,-0.000387732369834217,-0.0015204286213923457,0.00025353134844405934,0.0002545052183861731,0.00028342658386599687,0.0006971145921520662,-0.00022182982342655716,0.0006666105437718606,-0.0006252231798640792,0.0008891788023911884,0.00022424766847844245,2.5234375
-0.0002756776770660459,0.0001278204802327588,-0.0003655435661236734,-0.0003877323698349173,-0.0015204286213931838,0.0002535313484432803,0.0002545052183854758,0.00028342658386529653,0.0006971145921509625,-0.0002218298234272295,0.0006666105437709759,-0.0006252231798647795,0.0008891788023904155,0.0002242476684775578,2.53125
-0.0002756776770667538,0.00012782048023191975,-0.00036554356612438133,-0.00038773236983567565,-0.0015204286213938815,0.00025353134844246405,0.0002545052183846872,0.0002834265838645382,0.0006971145921504129,-0.00022182982342806854,0.0006666105437703304,-0.0006252231798655379,0.0008891788023897075,0.00022424766847691223,2.5390625
-0.00027567767706662764,0.0001278204802318112,-0.0003655435661242552,-0.0003877323698356894,-0.0015204286213936987,0.00025353134844244144,0.0002545052183849098,0.0002834265838645244,0.0006971145921504443,-0.00022182982342817712,0.0006666105437704738,-0.0006252231798655515,0.0008891788023898336,0.0002242476684770557,2.546875
-0.000275677677066755,0.0001278204802316953,-0.00036554356612438253,-0.0003877323698359283,-0.0015204286213938802,0.0002535313484423046,0.0002545052183848097,0.0002834265838642856,0.0006971145921503443,-0.00022182982342829302,0.0006666105437703304,-0.0006252231798657904,0.0008891788023897062,0.00022424766847691223,2.5546875
-0.0002756776770674186,0.00012782048023079082,-0.00036554356612504617,-0.00038773236983675856,-0.0015204286213947819,0.000253531348441282,0.00025450521838363553,0.0002834265838634553,0.0006971145921492119,-0.00022182982342919751,0.0006666105437691828,-0.0006252231798666207,0.0008891788023890427,0.00022424766847576458,2.5625
-0.00027567767706829867,0.00012782048023006373,-0.0003655435661259262,-0.000387732369837583,-0.001520428621395612,0.0002535313484407903,0.0002545052183829067,0.0002834265838626309,0.0006971145921483933,-0.00022182982342992458,0.000666610543768322,-0.0006252231798674451,0.0008891788023881628,0.00022424766847490383,2.5703125
-0.00027567767706738084,0.00012782048023104528,-0.00036554356612500833,-0.00038773236983664065,-0.0015204286213946034,0.0002535313484414506,0.00025450521838395933,0.0002834265838635732,0.0006971145921494461,-0.00022182982342894303,0.0006666105437693502,-0.0006252231798665027,0.0008891788023890804,0.00022424766847593195,2.578125
-0.0002756776770663498,0.00012782048023219172,-0.00036554356612397736,-0.0003877323698354254,-0.0015204286213935255,0.00025353134844269357,0.00025450521838504337,0.0002834265838647885,0.0006971145921506459,-0.00022182982342779662,0.0006666105437706174,-0.0006252231798652875,0.0008891788023901115,0.00022424766847719917,2.5859375
-0.0002756776770655451,0.00012782048023283056,-0.0003655435661231726,-0.0003877323698348022,-0.0015204286213927492,0.00025353134844334214,0.00025450521838567026,0.0002834265838654116,0.0006971145921512286,-0.00022182982342715772,0.0006666105437712868,-0.0006252231798646644,0.0008891788023909163,0.00022424766847786864,2.59375
-0.0002756776770657364,0.0001278204802329444,-0.000365543566123364,-0.0003877323698346408,-0.0015204286213929823,0.0002535313484435216,0.00025450521838567036,0.00028342658386557306,0.0006971145921512767,-0.00022182982342704394,0.0006666105437713346,-0.0006252231798645029,0.0008891788023907248,0.00022424766847791645,2.6015625
-0.0002756776770654343,0.0001278204802332602,-0.00036554356612306186,-0.000387732369834475,-0.0015204286213926959,0.00025353134844375094,0.00025450521838590737,0.00028342658386573883,0.0006971145921516092,-0.0002218298234267281,0.000666610543771502,-0.0006252231798643371,0.000889178802391027,0.00022424766847808382,2.609375
-0.00027567767706482765,0.00012782048023366073,-0.0003655435661224552,-0.0003877323698340194,-0.0015204286213921215,0.00025353134844438195,0.00025450521838638713,0.0002834265838661945,0.0006971145921521847,-0.00022182982342632758,0.0006666105437720041,-0.0006252231798638815,0.0008891788023916337,0.00022424766847858592,2.6171875
-0.00027567767706494263,0.00012782048023359004,-0.0003655435661225702,-0.00038773236983408605,-0.0015204286213922028,0.0002535313484441146,0.0002545052183863877,0.0002834265838661278,0.0006971145921518984,-0.00022182982342639827,0.0006666105437719323,-0.0006252231798639482,0.0008891788023915187,0.0002242476684785142,2.625
-0.00027567767706635496,0.00012782048023208636,-0.0003655435661239825,-0.000387732369835506,-0.0015204286213936495,0.0002535313484426334,0.0002545052183849155,0.0002834265838647079,0.0006971145921505098,-0.00022182982342790197,0.000666610543770426,-0.0006252231798653681,0.0008891788023901063,0.0002242476684770079,2.6328125
-0.00027567767706710003,0.00012782048023150138,-0.0003655435661247275,-0.0003877323698362299,-0.0015204286213943105,0.00025353134844192086,0.0002545052183842855,0.000283426583863984,0.0006971145921498917,-0.0002218298234284869,0.0006666105437698761,-0.000625223179866092,0.0008891788023893612,0.00022424766847645795,2.640625
-0.0002756776770678302,0.00012782048023069793,-0.00036554356612545773,-0.0003877323698370066,-0.0015204286213949835,0.00025353134844120653,0.00025450521838362426,0.0002834265838632072,0.0006971145921492544,-0.00022182982342929035,0.0006666105437691828,-0.0006252231798668687,0.0008891788023886312,0.00022424766847576458,2.6484375
-0.00027567767706807413,0.00012782048023052953,-0.0003655435661257017,-0.00038773236983731166,-0.0015204286213949187,0.0002535313484409754,0.00025450521838361255,0.00028342658386290223,0.0006971145921489319,-0.0002218298234294588,0.0006666105437689437,-0.0006252231798671738,0.0008891788023883873,0.00022424766847552549,2.65625
-0.0002756776770672156,0.00012782048023147837,-0.00036554356612484315,-0.00038773236983629885,-0.0015204286213945212,0.0002535313484418756,0.0002545052183841202,0.000283426583863915,0.0006971145921496547,-0.00022182982342850997,0.0006666105437697566,-0.000625223179866161,0.0008891788023892458,0.00022424766847633842,2.6640625
-0.0002756776770659884,0.00012782048023243843,-0.00036554356612361594,-0.00038773236983520376,-0.0015204286213932772,0.00025353134844300154,0.00025450521838526026,0.0002834265838650101,0.0006971145921509382,-0.0002218298234275499,0.0006666105437708086,-0.0006252231798650659,0.000889178802390473,0.00022424766847739042,2.671875
-0.0002756776770654623,0.00012782048023311646,-0.00036554356612308983,-0.0003877323698345733,-0.0015204286213924853,0.0002535313484437247,0.0002545052183859295,0.00028342658386564055,0.0006971145921515836,-0.00022182982342687185,0.0006666105437715498,-0.0006252231798644354,0.000889178802390999,0.00022424766847813164,2.6796875
-0.00027567767706625104,0.00012782048023261228,-0.0003655435661238786,-0.00038773236983524983,-0.0015204286213933538,0.000253531348442853,0.0002545052183854566,0.00028342658386496406,0.0006971145921509314,-0.000221829823427376,0.0006666105437710955,-0.000625223179865112,0.0008891788023902102,0.00022424766847767736,2.6875
-0.00027567767706567235,0.0001278204802329062,-0.0003655435661232999,-0.0003877323698347117,-0.0015204286213928745,0.000253531348443383,0.0002545052183857433,0.0002834265838655022,0.0006971145921513017,-0.00022182982342708213,0.000666610543771239,-0.0006252231798645738,0.000889178802390789,0.0002242476684778208,2.6953125
-0.00027567767706615346,0.00012782048023236595,-0.000365543566123781,-0.0003877323698353489,-0.0015204286213933663,0.0002535313484428999,0.00025450521838523956,0.00028342658386486496,0.0006971145921507561,-0.00022182982342762233,0.0006666105437707488,-0.0006252231798652111,0.0008891788023903079,0.00022424766847733066,2.703125
-0.0002756776770668487,0.00012782048023150097,-0.00036554356612447626,-0.00038773236983617563,-0.0015204286213942422,0.0002535313484420385,0.0002545052183844104,0.00028342658386403826,0.0006971145921499091,-0.00022182982342848734,0.0006666105437699001,-0.0006252231798660378,0.0008891788023896127,0.00022424766847648186,2.7109375
-0.00027567767706694916,0.00012782048023164314,-0.0003655435661245767,-0.0003877323698362297,-0.00152042862139401,0.0002535313484420344,0.00025450521838429093,0.00028342658386398416,0.0006971145921499689,-0.00022182982342834517,0.0006666105437698523,-0.0006252231798660918,0.0008891788023895122,0.00022424766847643405,2.71875
-0.00027567767706615374,0.00012782048023230318,-0.00036554356612378123,-0.0003877323698353796,-0.0015204286213935552,0.00025353134844279494,0.0002545052183849921,0.0002834265838648343,0.0006971145921506222,-0.00022182982342768513,0.0006666105437707847,-0.0006252231798652418,0.0008891788023903076,0.00022424766847736652,2.7265625
-0.0002756776770654232,0.0001278204802330079,-0.00036554356612305075,-0.0003877323698346885,-0.0015204286213928505,0.0002535313484433921,0.0002545052183856166,0.0002834265838655254,0.0006971145921513424,-0.00022182982342698043,0.0006666105437713824,-0.0006252231798645506,0.0008891788023910381,0.00022424766847796426,2.734375
-0.0002756776770657809,0.00012782048023278673,-0.0003655435661234084,-0.0003877323698348704,-0.0015204286213930805,0.00025353134844325015,0.0002545052183854588,0.0002834265838653435,0.0006971145921509454,-0.00022182982342720158,0.0006666105437711911,-0.0006252231798647325,0.0008891788023906804,0.00022424766847777298,2.7421875
-0.0002756776770658457,0.00012782048023282023,-0.00036554356612347326,-0.00038773236983488457,-0.0015204286213930168,0.0002535313484432031,0.00025450521838546545,0.00028342658386532933,0.0006971145921511674,-0.0002218298234271681,0.0006666105437710955,-0.0006252231798647467,0.0008891788023906156,0.00022424766847767736,2.75
-0.00027567767706656015,0.00012782048023201846,-0.00036554356612418764,-0.0003877323698356224,-0.0015204286213938176,0.0002535313484425155,0.0002545052183847948,0.0002834265838645914,0.0006971145921504249,-0.00022182982342796982,0.0006666105437704022,-0.0006252231798654846,0.0008891788023899012,0.00022424766847698398,2.7578125
-0.00027567767706636326,0.00012782048023209002,-0.0003655435661239908,-0.0003877323698355253,-0.0015204286213935817,0.0002535313484426453,0.00025450521838495414,0.0002834265838646886,0.0006971145921505723,-0.00022182982342789832,0.0006666105437706652,-0.0006252231798653874,0.0008891788023900981,0.00022424766847724698,2.765625
-0.00027567767706549454,0.00012782048023307944,-0.0003655435661231221,-0.0003877323698346276,-0.0015204286213926662,0.00025353134844350813,0.0002545052183859624,0.00028342658386558623,0.0006971145921514969,-0.00022182982342690887,0.0006666105437714302,-0.0006252231798644898,0.0008891788023909667,0.00022424766847801208,2.7734375
-0.000275677677065446,0.00012782048023295958,-0.00036554356612307357,-0.0003877323698347211,-0.0015204286213927518,0.000253531348443501,0.00025450521838579326,0.00028342658386549277,0.0006971145921512799,-0.00022182982342702876,0.0006666105437712509,-0.0006252231798645832,0.0008891788023910153,0.00022424766847783275,2.78125
-0.0002756776770668179,0.00012782048023167935,-0.00036554356612444547,-0.000387732369836021,-0.0015204286213940901,0.0002535313484421678,0.0002545052183845366,0.0002834265838641929,0.0006971145921499754,-0.00022182982342830896,0.0006666105437700435,-0.0006252231798658831,0.0008891788023896435,0.00022424766847662533,2.7890625
-0.0002756776770677839,0.00012782048023060198,-0.0003655435661254114,-0.0003877323698371438,-0.0015204286213949484,0.0002535313484410805,0.00025450521838366394,0.00028342658386307007,0.0006971145921491746,-0.00022182982342938638,0.0006666105437689915,-0.000625223179867006,0.0008891788023886773,0.0002242476684755733,2.796875
-0.00027567767706786146,0.00012782048023036343,-0.000365543566125489,-0.00038773236983721154,-0.0015204286213950135,0.0002535313484410721,0.00025450521838360686,0.0002834265838630023,0.0006971145921493087,-0.0002218298234296249,0.0006666105437688959,-0.0006252231798670737,0.0008891788023885998,0.00022424766847547767,2.8046875
-0.00027567767706750856,0.00012782048023089138,-0.00036554356612513605,-0.000387732369836998,-0.0015204286213946375,0.0002535313484415226,0.0002545052183840351,0.0002834265838632159,0.0006971145921496174,-0.00022182982342909693,0.0006666105437693262,-0.0006252231798668601,0.0008891788023889528,0.00022424766847590805,2.8125
-0.00027567767706774534,0.0001278204802310206,-0.0003655435661253729,-0.0003877323698366979,-0.0015204286213948046,0.0002535313484415887,0.0002545052183836991,0.00028342658386351595,0.000697114592149401,-0.00022182982342896772,0.0006666105437693262,-0.00062522317986656,0.000889178802388716,0.00022424766847590805,2.8203125
-0.0002756776770673824,0.00012782048023120512,-0.00036554356612500996,-0.00038773236983641465,-0.0015204286213945548,0.00025353134844177,0.00025450521838403506,0.00028342658386379925,0.0006971145921495696,-0.00022182982342878321,0.0006666105437697087,-0.0006252231798662768,0.0008891788023890789,0.00022424766847629058,2.828125
-0.0002756776770646676,0.00012782048023390725,-0.00036554356612229517,-0.0003877323698335355,-0.0015204286213918539,0.0002535313484447107,0.0002545052183867641,0.0002834265838666784,0.0006971145921524899,-0.00022182982342608106,0.0006666105437723149,-0.0006252231798633976,0.0008891788023917937,0.00022424766847889673,2.8359375
-0.00027567767706332413,0.00012782048023522497,-0.0003655435661209516,-0.0003877323698326801,-0.0015204286213909865,0.0002535313484457553,0.000254505218387757,0.0002834265838675338,0.0006971145921536262,-0.00022182982342476337,0.0006666105437733431,-0.0006252231798625422,0.0008891788023931372,0.00022424766847992485,2.84375
-0.00027567767706487465,0.00012782048023354334,-0.0003655435661225022,-0.00038773236983394267,-0.0015204286213923173,0.0002535313484442013,0.00025450521838660034,0.00028342658386627123,0.0006971145921520392,-0.00022182982342644497,0.0006666105437720759,-0.0006252231798638048,0.0008891788023915867,0.00022424766847865764,2.8515625
-0.0002756776770666289,0.0001278204802318577,-0.0003655435661242564,-0.00038773236983583097,-0.001520428621394168,0.0002535313484425528,0.00025450521838450186,0.00028342658386438293,0.0006971145921499855,-0.0002218298234281306,0.0006666105437699479,-0.000625223179865693,0.0008891788023898324,0.0002242476684765297,2.859375
-0.0002756776770661348,0.00012782048023244933,-0.0003655435661237623,-0.0003877323698352823,-0.0015204286213934947,0.0002535313484428027,0.00025450521838510766,0.00028342658386493153,0.0006971145921506975,-0.00022182982342753898,0.000666610543770713,-0.0006252231798651444,0.0008891788023903265,0.0002242476684772948,2.8671875
-0.0002756776770652403,0.0001278204802332179,-0.00036554356612286784,-0.00038773236983451675,-0.0015204286213925625,0.0002535313484436262,0.0002545052183860051,0.0002834265838656971,0.0006971145921515755,-0.00022182982342677042,0.0006666105437715738,-0.0006252231798643789,0.000889178802391221,0.00022424766847815554,2.875
-0.0002756776770662138,0.00012782048023203657,-0.00036554356612384135,-0.0003877323698356773,-0.0015204286213935296,0.0002535313484426984,0.00025450521838515434,0.00028342658386453656,0.0006971145921505932,-0.00022182982342795174,0.0006666105437706174,-0.0006252231798655394,0.0008891788023902476,0.00022424766847719917,2.8828125
-0.00027567767706769086,0.00012782048023065774,-0.0003655435661253184,-0.0003877323698369658,-0.001520428621395073,0.0002535313484412372,0.0002545052183834912,0.00028342658386324804,0.0006971145921491214,-0.00022182982342933057,0.000666610543768848,-0.000625223179866828,0.0008891788023887704,0.00022424766847542986,2.890625
-0.0002756776770680136,0.00012782048023044586,-0.0003655435661256411,-0.00038773236983713553,-0.0015204286213950915,0.0002535313484408112,0.000254505218383509,0.00028342658386307836,0.0006971145921489478,-0.00022182982342954243,0.0006666105437689197,-0.0006252231798669977,0.0008891788023884478,0.00022424766847550158,2.8984375
-0.00027567767706675764,0.00012782048023176766,-0.00036554356612438513,-0.00038773236983576044,-0.0015204286213937423,0.0002535313484423978,0.00025450521838473556,0.00028342658386445346,0.0006971145921503298,-0.00022182982342822065,0.0006666105437703065,-0.0006252231798656226,0.0008891788023897037,0.00022424766847688833,2.90625
-0.0002756776770673205,0.0001278204802312081,-0.00036554356612494805,-0.0003877323698362908,-0.0015204286213944482,0.0002535313484418249,0.00025450521838419124,0.00028342658386392306,0.0006971145921497019,-0.00022182982342878023,0.0006666105437696371,-0.000625223179866153,0.0008891788023891408,0.00022424766847621886,2.9140625
-0.0002756776770682914,0.000127820480230577,-0.0003655435661259189,-0.0003877323698371489,-0.0015204286213953045,0.00025353134844091223,0.0002545052183833398,0.00028342658386306497,0.0006971145921489879,-0.00022182982342941135,0.000666610543768848,-0.0006252231798670111,0.0008891788023881698,0.00022424766847542986,2.921875
-0.0002756776770666066,0.00012782048023182927,-0.00036554356612423415,-0.0003877323698358337,-0.0015204286213939483,0.00025353134844231676,0.0002545052183845851,0.00028342658386438016,0.0006971145921501256,-0.00022182982342815904,0.0006666105437701601,-0.0006252231798656957,0.0008891788023898547,0.00022424766847674188,2.9296875
-0.00027567767706491466,0.0001278204802335448,-0.0003655435661225422,-0.0003877323698340872,-0.0015204286213922097,0.0002535313484440766,0.0002545052183863357,0.0002834265838661267,0.0006971145921519419,-0.00022182982342644353,0.0006666105437719085,-0.0006252231798639493,0.0008891788023915467,0.00022424766847849026,2.9375
-0.0002756776770647224,0.00012782048023355898,-0.0003655435661223499,-0.00038773236983392017,-0.0015204286213920388,0.00025353134844416917,0.00025450521838643494,0.00028342658386629367,0.0006971145921520411,-0.00022182982342642933,0.0006666105437720519,-0.0006252231798637823,0.0008891788023917389,0.00022424766847863373,2.9453125
-0.00027567767706664656,0.00012782048023182157,-0.0003655435661242741,-0.00038773236983576835,-0.0015204286213938505,0.00025353134844244014,0.0002545052183846858,0.0002834265838644455,0.0006971145921503182,-0.00022182982342816674,0.0006666105437702826,-0.0006252231798656305,0.0008891788023898148,0.00022424766847686442,2.953125
-0.0002756776770670517,0.0001278204802314192,-0.0003655435661246793,-0.00038773236983620876,-0.0015204286213943285,0.0002535313484418887,0.00025450521838432617,0.0002834265838640051,0.0006971145921497411,-0.00022182982342856914,0.0006666105437699001,-0.000625223179866071,0.0008891788023894096,0.00022424766847648186,2.9609375
-0.00027567767706645916,0.00012782048023207023,-0.0003655435661240867,-0.00038773236983554306,-0.0015204286213936198,0.00025353134844258044,0.0002545052183849399,0.00028342658386467084,0.000697114592150594,-0.00022182982342791807,0.0006666105437704978,-0.0006252231798654053,0.0008891788023900021,0.0002242476684770796,2.96875
-0.00027567767706561836,0.00012782048023305293,-0.0003655435661232459,-0.000387732369834645,-0.0015204286213926436,0.0002535313484434642,0.00025450521838586536,0.0002834265838655689,0.0006971145921514357,-0.00022182982342693535,0.000666610543771478,-0.0006252231798645071,0.000889178802390843,0.0002242476684780599,2.9765625
-0.0002756776770659401,0.00012782048023246236,-0.00036554356612356764,-0.0003877323698351961,-0.001520428621393001,0.00025353134844292456,0.0002545052183852173,0.00028342658386501773,0.0006971145921508354,-0.00022182982342752595,0.0006666105437708565,-0.0006252231798650582,0.0008891788023905212,0.00022424766847743826,2.984375
-0.00027567767706629186,0.0001278204802322335,-0.00036554356612391936,-0.00038773236983545464,-0.0015204286213936105,0.0002535313484426369,0.0002545052183851223,0.0002834265838647592,0.0006971145921507525,-0.00022182982342775482,0.0006666105437706412,-0.0006252231798653168,0.0008891788023901694,0.00022424766847722308,2.9921875
-0.00027567767706609215,0.00012782048023244355,-0.0003655435661237197,-0.0003877323698352988,-0.001520428621393316,0.00025353134844293703,0.00025450521838530445,0.0002834265838649151,0.0006971145921509823,-0.00022182982342754478,0.0006666105437708086,-0.0006252231798651609,0.0008891788023903691,0.00022424766847739042,3.0
-0.0002756776770664086,0.00012782048023210973,-0.0003655435661240361,-0.0003877323698355447,-0.0015204286213936274,0.00025353134844259046,0.00025450521838494785,0.00028342658386466916,0.0006971145921505302,-0.0002218298234278786,0.0006666105437705516,-0.0006252231798654068,0.0008891788023900527,0.0002242476684771334,3.0078125
-0.000275677677066956,0.00012782048023148143,-0.00036554356612458354,-0.0003877323698361402,-0.0015204286213942116,0.00025353134844203194,0.0002545052183842422,0.00028342658386407366,0.0006971145921498783,-0.00022182982342850685,0.000666610543769912,-0.0006252231798660024,0.0008891788023895054,0.00022424766847649381,3.015625
-0.0002756776770664402,0.00012782048023197672,-0.0003655435661240677,-0.00038773236983578814,-0.0015204286213937983,0.0002535313484423907,0.0002545052183850268,0.00028342658386442575,0.0006971145921503221,-0.00022182982342801156,0.0006666105437703304,-0.0006252231798656502,0.0008891788023900212,0.00022424766847691223,3.0234375
-0.0002756776770663918,0.00012782048023201022,-0.0003655435661240194,-0.0003877323698356572,-0.0015204286213937855,0.0002535313484425095,0.0002545052183847386,0.0002834265838645566,0.0006971145921503209,-0.00022182982342797814,0.0006666105437703065,-0.0006252231798655193,0.0008891788023900696,0.00022424766847688833,3.03125
-0.00027567767706636337,0.00012782048023213678,-0.00036554356612399086,-0.0003877323698356462,-0.0015204286213935624,0.00025353134844256477,0.00025450521838497826,0.0002834265838645677,0.0006971145921503693,-0.00022182982342785153,0.0006666105437703782,-0.0006252231798655084,0.000889178802390098,0.00022424766847696005,3.0390625
-0.0002756776770667752,0.00012782048023170047,-0.00036554356612440275,-0.00038773236983604174,-0.001520428621393987,0.0002535313484421821,0.0002545052183846212,0.0002834265838641721,0.0006971145921500601,-0.00022182982342828784,0.0006666105437700435,-0.0006252231798659039,0.0008891788023896861,0.00022424766847662533,3.046875
-0.00027567767706662547,0.00012782048023189473,-0.000365543566124253,-0.0003877323698357567,-0.0015204286213938416,0.00025353134844242366,0.00025450521838471605,0.0002834265838644572,0.0006971145921503224,-0.00022182982342809358,0.0006666105437702826,-0.0006252231798656189,0.0008891788023898358,0.00022424766847686442,3.0546875
-0.00027567767706561803,0.00012782048023305136,-0.0003655435661232456,-0.0003877323698348247,-0.0015204286213928227,0.00025353134844353535,0.0002545052183859123,0.0002834265838653891,0.000697114592151686,-0.00022182982342693695,0.0006666105437713346,-0.0006252231798646869,0.0008891788023908432,0.00022424766847791645,3.0625
-0.00027567767706591754,0.00012782048023255436,-0.00036554356612354504,-0.000387732369835031,-0.0015204286213932174,0.0002535313484429939,0.0002545052183852743,0.00028342658386518285,0.000697114592151287,-0.00022182982342743395,0.0006666105437709999,-0.0006252231798648931,0.0008891788023905438,0.0002242476684775817,3.0703125
-0.0002756776770673081,0.0001278204802313081,-0.00036554356612493563,-0.0003877323698363863,-0.0015204286213943614,0.0002535313484417987,0.00025450521838432747,0.0002834265838638276,0.0006971145921498859,-0.0002218298234286802,0.0006666105437698045,-0.0006252231798662485,0.0008891788023891533,0.00022424766847638623,3.078125
-0.00027567767706768804,0.00012782048023059127,-0.0003655435661253156,-0.00038773236983694455,-0.0015204286213948395,0.0002535313484410398,0.00025450521838341837,0.0002834265838632693,0.0006971145921489528,-0.00022182982342939706,0.000666610543769135,-0.0006252231798668066,0.0008891788023887734,0.00022424766847571677,3.0859375
-0.00027567767706738924,0.0001278204802313738,-0.00036554356612501673,-0.000387732369836479,-0.0015204286213944952,0.0002535313484416989,0.0002545052183841298,0.0002834265838637349,0.0006971145921496524,-0.00022182982342861449,0.0006666105437696131,-0.0006252231798663412,0.0008891788023890721,0.00022424766847619495,3.09375
-0.0002756776770662608,0.00012782048023223596,-0.00036554356612388835,-0.0003877323698353794,-0.0015204286213934925,0.00025353134844279267,0.0002545052183851044,0.00028342658386483444,0.000697114592150615,-0.00022182982342775238,0.0006666105437706174,-0.0006252231798652416,0.0008891788023902004,0.00022424766847719917,3.1015625
-0.0002756776770655587,0.00012782048023290494,-0.0003655435661231863,-0.0003877323698347876,-0.0015204286213928212,0.0002535313484434151,0.0002545052183856924,0.0002834265838654263,0.0006971145921513225,-0.0002218298234270834,0.0006666105437711911,-0.0006252231798646497,0.0008891788023909027,0.00022424766847777298,3.109375
-0.0002756776770653411,0.00012782048023316403,-0.0003655435661229687,-0.00038773236983452,-0.0015204286213926516,0.0002535313484436592,0.000254505218385758,0.0002834265838656939,0.0006971145921515196,-0.0002218298234268243,0.000666610543771478,-0.0006252231798643821,0.0008891788023911203,0.0002242476684780599,3.1171875
-0.00027567767706579725,0.00012782048023253322,-0.0003655435661234248,-0.0003877323698351932,-0.001520428621393246,0.00025353134844321995,0.0002545052183853443,0.0002834265838650207,0.0006971145921511178,-0.00022182982342745512,0.0006666105437709043,-0.0006252231798650554,0.0008891788023906641,0.00022424766847748608,3.125
-0.00027567767706587423,0.00012782048023264006,-0.0003655435661235018,-0.00038773236983503733,-0.0015204286213931723,0.0002535313484430577,0.00025450521838538576,0.0002834265838651765,0.0006971145921508873,-0.00022182982342734827,0.0006666105437709939,-0.0006252231798648995,0.0008891788023905872,0.00022424766847757574,3.1328125
-0.0002756776770650265,0.00012782048023352214,-0.00036554356612265404,-0.00038773236983407093,-0.0015204286213923736,0.0002535313484440491,0.0002545052183861491,0.0002834265838661429,0.0006971145921518988,-0.00022182982342646617,0.0006666105437717889,-0.000625223179863933,0.0008891788023914348,0.00022424766847837073,3.140625
-0.0002756776770655033,0.00012782048023308315,-0.00036554356612313087,-0.00038773236983452304,-0.0015204286213928982,0.0002535313484435493,0.00025450521838575715,0.0002834265838656908,0.0006971145921514829,-0.00022182982342690519,0.0006666105437713824,-0.0006252231798643853,0.000889178802390958,0.00022424766847796426,3.1484375
-0.000275677677067079,0.00012782048023143576,-0.00036554356612470654,-0.0003877323698362937,-0.0015204286213943968,0.0002535313484419405,0.000254505218384209,0.0002834265838639202,0.0006971145921497913,-0.00022182982342855258,0.0006666105437697566,-0.0006252231798661559,0.0008891788023893823,0.00022424766847633842,3.15625
-0.00027567767706822505,0.00012782048023009127,-0.0003655435661258526,-0.0003877323698375564,-0.0015204286213955157,0.0002535313484406012,0.0002545052183829334,0.0002834265838626575,0.0006971145921484948,-0.00022182982342989701,0.0006666105437684177,-0.0006252231798674185,0.0008891788023882362,0.00022424766847499949,3.1640625
-0.0002756776770672851,0.00012782048023112552,-0.0003655435661249126,-0.0003877323698364166,-0.0015204286213945765,0.00025353134844167166,0.00025450521838419823,0.0002834265838637973,0.0006971145921496132,-0.0002218298234288628,0.0006666105437695653,-0.0006252231798662788,0.0008891788023891763,0.00022424766847614714,3.171875
-0.0002756776770661265,0.00012782048023246063,-0.00036554356612375407,-0.0003877323698351929,-0.001520428621393218,0.00025353134844298246,0.0002545052183853008,0.000283426583865021,0.0006971145921509428,-0.00022182982342752768,0.0006666105437709043,-0.0006252231798650551,0.0008891788023903347,0.00022424766847748608,3.1796875
-0.00027567767706599344,0.00012782048023262047,-0.000365543566123621,-0.000387732369835159,-0.001520428621393192,0.00025353134844297986,0.0002545052183852968,0.0002834265838650549,0.0006971145921509029,-0.00022182982342736784,0.0006666105437709341,-0.000625223179865021,0.000889178802390468,0.00022424766847751595,3.1875
-0.0002756776770667165,0.0001278204802318509,-0.00036554356612434404,-0.00038773236983586496,-0.0015204286213938083,0.00025353134844231074,0.0002545052183847492,0.00028342658386434894,0.0006971145921502598,-0.0002218298234281374,0.0006666105437702467,-0.0006252231798657271,0.0008891788023897448,0.00022424766847682856,3.1953125
-0.00027567767706583335,0.00012782048023274867,-0.0003655435661234609,-0.0003877323698349486,-0.0015204286213929318,0.0002535313484431142,0.0002545052183856138,0.0002834265838652653,0.0006971145921511483,-0.00022182982342723964,0.0006666105437710955,-0.0006252231798648107,0.000889178802390628,0.00022424766847767736,3.203125
-0.00027567767706487736,0.0001278204802334842,-0.0003655435661225049,-0.000387732369834059,-0.001520428621392106,0.00025353134844411003,0.0002545052183863679,0.00028342658386615484,0.0006971145921520698,-0.00022182982342650409,0.0006666105437718606,-0.0006252231798639211,0.0008891788023915841,0.00022424766847844245,3.2109375
-0.00027567767706574597,0.00012782048023273962,-0.0003655435661233735,-0.0003877323698349507,-0.0015204286213929678,0.0002535313484432233,0.0002545052183854432,0.00028342658386526314,0.0006971145921511809,-0.00022182982342724872,0.0006666105437711195,-0.0006252231798648129,0.0008891788023907153,0.00022424766847770126,3.21875
-0.00027567767706789713,0.00012782048023052186,-0.0003655435661255247,-0.0003877323698368553,-0.0015204286213950915,0.0002535313484409089,0.0002545052183835049,0.0002834265838633585,0.0006971145921490871,-0.00022182982342946645,0.0006666105437689915,-0.0006252231798667175,0.0008891788023885641,0.0002242476684755733,3.2265625
-0.00027567767706915145,0.0001278204802294643,-0.00036554356612677894,-0.0003877323698380054,-0.0015204286213959678,0.0002535313484401094,0.0002545052183821877,0.0002834265838622085,0.0006971145921478402,-0.00022182982343052404,0.000666610543768083,-0.0006252231798678674,0.0008891788023873098,0.00022424766847466474,3.234375
-0.00027567767706807787,0.0001278204802306142,-0.0003655435661257054,-0.0003877323698372818,-0.0015204286213951527,0.00025353134844082896,0.00025450521838359195,0.00028342658386293205,0.0006971145921491444,-0.00022182982342937408,0.0006666105437690393,-0.000625223179867144,0.0008891788023883835,0.0002242476684756211,3.2421875
-0.0002756776770661313,0.0001278204802323768,-0.00036554356612375884,-0.00038773236983534123,-0.0015204286213935313,0.00025353134844285566,0.00025450521838518117,0.00028342658386487266,0.0006971145921507516,-0.00022182982342761152,0.0006666105437706891,-0.0006252231798652033,0.0008891788023903299,0.0002242476684772709,3.25
-0.0002756776770653839,0.00012782048023302235,-0.00036554356612301145,-0.00038773236983502654,-0.00152042862139264,0.0002535313484434807,0.00025450521838560195,0.0002834265838651873,0.0006971145921511365,-0.00022182982342696598,0.0006666105437713824,-0.0006252231798648887,0.0008891788023910774,0.00022424766847796426,3.2578125
-0.00027567767706508797,0.00012782048023323708,-0.0003655435661227155,-0.0003877323698341586,-0.0015204286213925016,0.00025353134844393227,0.00025450521838596196,0.0002834265838660553,0.000697114592151377,-0.00022182982342675123,0.0006666105437715738,-0.0006252231798640208,0.0008891788023913733,0.00022424766847815554,3.265625
-0.0002756776770657661,0.00012782048023324253,-0.0003655435661233936,-0.00038773236983465114,-0.0015204286213925662,0.00025353134844335233,0.00025450521838602094,0.0002834265838655627,0.0006971145921514022,-0.0002218298234267458,0.0006666105437711911,-0.0006252231798645133,0.0008891788023906952,0.00022424766847777298,3.2734375
-0.000275677677065624,0.00012782048023293304,-0.00036554356612325154,-0.0003877323698346771,-0.0015204286213927924,0.00025353134844319247,0.00025450521838566435,0.00028342658386553674,0.0006971145921511988,-0.00022182982342705527,0.0006666105437711433,-0.0006252231798645392,0.0008891788023908373,0.00022424766847772517,3.28125
-0.0002756776770660044,0.00012782048023268357,-0.0003655435661236319,-0.0003877323698350384,-0.0015204286213931,0.0002535313484430693,0.0002545052183854675,0.0002834265838651754,0.0006971145921509064,-0.00022182982342730474,0.0006666105437710477,-0.0006252231798649005,0.0008891788023904569,0.00022424766847762952,3.2890625
-0.0002756776770654046,0.0001278204802331719,-0.00036554356612303215,-0.00038773236983453117,-0.0015204286213925965,0.00025353134844369673,0.0002545052183859049,0.00028342658386568267,0.0006971145921515589,-0.00022182982342681642,0.000666610543771478,-0.0006252231798643934,0.0008891788023910567,0.0002242476684780599,3.296875
-0.0002756776770654265,0.0001278204802329098,-0.000365543566123054,-0.00038773236983465466,-0.0015204286213927416,0.00025353134844333775,0.00025450521838569655,0.00028342658386555923,0.000697114592151279,-0.00022182982342707852,0.0006666105437712868,-0.0006252231798645168,0.0008891788023910349,0.00022424766847786864,3.3046875
-0.00027567767706664716,0.0001278204802317574,-0.00036554356612427465,-0.00038773236983567983,-0.001520428621393743,0.00025353134844238035,0.00025450521838463566,0.000283426583864534,0.000697114592150457,-0.00022182982342823095,0.0006666105437703304,-0.000625223179865542,0.0008891788023898142,0.00022424766847691223,3.3125
-0.0002756776770674334,0.00012782048023118414,-0.00036554356612506097,-0.0003877323698366934,-0.0015204286213949443,0.0002535313484416381,0.000254505218383668,0.00028342658386352044,0.00069711459214934,-0.0002218298234288042,0.000666610543769374,-0.0006252231798665555,0.000889178802389028,0.00022424766847595586,3.3203125
-0.000275677677067281,0.00012782048023121987,-0.00036554356612490853,-0.00038773236983640353,-0.0015204286213945644,0.00025353134844174864,0.0002545052183842836,0.0002834265838638103,0.0006971145921496507,-0.00022182982342876847,0.0006666105437695653,-0.0006252231798662657,0.0008891788023891804,0.00022424766847614714,3.328125
-0.00027567767706659983,0.00012782048023228737,-0.0003655435661242274,-0.0003877323698357853,-0.0015204286213934166,0.00025353134844266517,0.0002545052183846489,0.00028342658386442857,0.0006971145921504225,-0.000221829823427701,0.000666610543770713,-0.0006252231798656474,0.0008891788023898614,0.0002242476684772948,3.3359375
-0.0002756776770664626,0.00012782048023193268,-0.00036554356612409017,-0.0003877323698359587,-0.001520428621393705,0.0002535313484423436,0.0002545052183849873,0.0002834265838642552,0.0006971145921503784,-0.00022182982342805566,0.0006666105437704738,-0.0006252231798658209,0.0008891788023899988,0.0002242476684770557,3.34375
-0.0002756776770677428,0.00012782048023072338,-0.00036554356612537034,-0.0003877323698371417,-0.0015204286213948326,0.0002535313484411513,0.00025450521838363304,0.00028342658386307213,0.0006971145921490719,-0.0002218298234292649,0.0006666105437690497,-0.0006252231798670038,0.0008891788023887184,0.00022424766847563158,3.3515625
-0.0002756776770676225,0.00012782048023083636,-0.00036554356612525005,-0.00038773236983673915,-0.0015204286213948163,0.00025353134844138315,0.0002545052183837985,0.00028342658386347475,0.000697114592149333,-0.00022182982342915195,0.0006666105437692784,-0.0006252231798666013,0.0008891788023888388,0.0002242476684758602,3.359375
-0.00027567767706671617,0.00012782048023163046,-0.00036554356612434366,-0.0003877323698357196,-0.0015204286213940045,0.00025353134844230575,0.0002545052183845751,0.0002834265838644943,0.0006971145921500977,-0.00022182982342835783,0.0006666105437702826,-0.0006252231798655818,0.000889178802389745,0.00022424766847686442,3.3671875
-0.000275677677066709,0.00012782048023156513,-0.00036554356612433656,-0.0003877323698359064,-0.0015204286213937877,0.00025353134844233367,0.00025450521838475145,0.0002834265838643075,0.0006971145921501784,-0.0002218298234284232,0.0006666105437699479,-0.0006252231798657685,0.0008891788023897523,0.0002242476684765297,3.375
-0.0002756776770673064,0.00012782048023119471,-0.00036554356612493395,-0.0003877323698367135,-0.0015204286213947936,0.0002535313484419323,0.0002545052183842082,0.0002834265838635004,0.0006971145921495694,-0.00022182982342879357,0.0006666105437694697,-0.0006252231798665756,0.000889178802389155,0.0002242476684760515,3.3828125
-0.0002756776770653724,0.00012782048023263673,-0.00036554356612299995,-0.0003877323698347503,-0.001520428621393057,0.0002535313484433843,0.0002545052183856211,0.00028342658386546355,0.0006971145921513349,-0.00022182982342735158,0.0006666105437709043,-0.0006252231798646124,0.0008891788023910888,0.00022424766847748608,3.390625
-0.0002756776770628161,0.00012782048023555416,-0.0003655435661204436,-0.000387732369832079,-0.001520428621390325,0.0002535313484456769,0.00025450521838780185,0.00028342658386813486,0.0006971145921537188,-0.00022182982342443418,0.0006666105437739646,-0.0006252231798619412,0.0008891788023936454,0.0002242476684805465,3.3984375
-0.00027567767706311634,0.00012782048023554218,-0.0003655435661207439,-0.0003877323698325921,-0.0015204286213905444,0.000253531348445609,0.0002545052183878592,0.00028342658386762176,0.0006971145921536807,-0.00022182982342444613,0.0006666105437736538,-0.0006252231798624543,0.0008891788023933449,0.00022424766848023567,3.40625
-0.00027567767706624584,0.00012782048023224948,-0.0003655435661238734,-0.0003877323698355048,-0.0015204286213936265,0.0002535313484426966,0.0002545052183850431,0.00028342658386470906,0.0006971145921506015,-0.0002218298234277388,0.0006666105437705217,-0.0006252231798653669,0.0008891788023902154,0.00022424766847710352,3.4140625
-0.0002756776770687762,0.00012782048022981862,-0.00036554356612640375,-0.0003877323698378378,-0.001520428621395871,0.00025353134844032296,0.0002545052183827257,0.00028342658386237607,0.000697114592148332,-0.00022182982343016975,0.0006666105437681308,-0.0006252231798676999,0.0008891788023876851,0.00022424766847471255,3.421875
-0.0002756776770675571,0.00012782048023124472,-0.0003655435661251846,-0.0003877323698367653,-0.0015204286213946156,0.0002535313484415922,0.0002545052183839637,0.00028342658386344856,0.0006971145921494981,-0.00022182982342874356,0.0006666105437692784,-0.0006252231798666274,0.0008891788023889044,0.0002242476684758602,3.4296875
-0.0002756776770655445,0.00012782048023295128,-0.00036554356612317207,-0.00038773236983475354,-0.00152042862139282,0.0002535313484434143,0.00025450521838567107,0.00028342658386546035,0.0006971145921512504,-0.00022182982342703708,0.0006666105437712868,-0.0006252231798646157,0.0008891788023909169,0.00022424766847786864,3.4375
-0.0002756776770643203,0.00012782048023407774,-0.00036554356612194784,-0.00038773236983347646,-0.0015204286213917812,0.0002535313484446619,0.0002545052183868403,0.00028342658386673744,0.0006971145921523628,-0.0002218298234259106,0.0006666105437723806,-0.0006252231798633386,0.000889178802392141,0.0002242476684789625,3.4453125
-0.0002756776770658353,0.00012782048023275198,-0.00036554356612346285,-0.00038773236983509566,-0.0015204286213932874,0.000253531348443225,0.0002545052183854275,0.0002834265838651182,0.0006971145921510098,-0.00022182982342723638,0.0006666105437709043,-0.0006252231798649578,0.000889178802390626,0.00022424766847748608,3.453125
-0.0002756776770675608,0.00012782048023096869,-0.00036554356612518836,-0.0003877323698364866,-0.0015204286213948025,0.0002535313484413367,0.00025450521838374,0.00028342658386372726,0.0006971145921494179,-0.0002218298234290196,0.0006666105437696251,-0.0006252231798663488,0.0008891788023889003,0.0002242476684762069,3.4609375
-0.00027567767706776605,0.0001278204802308022,-0.00036554356612539355,-0.00038773236983683326,-0.001520428621394812,0.00025353134844127267,0.00025450521838373886,0.00028342658386338064,0.0006971145921492494,-0.00022182982342918613,0.0006666105437693024,-0.0006252231798666954,0.0008891788023886953,0.00022424766847588414,3.46875
-0.0002756776770670095,0.0001278204802316203,-0.00036554356612463704,-0.00038773236983615883,-0.00152042862139429,0.0002535313484420622,0.00025450521838431625,0.00028342658386405507,0.0006971145921498269,-0.00022182982342836802,0.0006666105437698523,-0.0006252231798660209,0.0008891788023894518,0.00022424766847643405,3.4765625
-0.0002756776770666646,0.00012782048023184375,-0.0003655435661242921,-0.00038773236983585786,-0.0015204286213938503,0.00025353134844243564,0.00025450521838487055,0.00028342658386435604,0.0006971145921502616,-0.00022182982342814456,0.0006666105437703304,-0.00062522317986572,0.0008891788023897968,0.00022424766847691223,3.484375
-0.00027567767706760326,0.00012782048023086336,-0.00036554356612523075,-0.0003877323698369017,-0.001520428621394718,0.0002535313484413683,0.00025450521838391173,0.0002834265838633121,0.0006971145921494702,-0.000221829823429125,0.0006666105437694218,-0.0006252231798667639,0.000889178802388858,0.00022424766847600367,3.4921875
-0.0002756776770674415,0.00012782048023098907,-0.00036554356612506904,-0.0003877323698365745,-0.0015204286213944696,0.0002535313484415612,0.0002545052183841589,0.00028342658386363933,0.0006971145921495978,-0.00022182982342899924,0.0006666105437697566,-0.0006252231798664367,0.0008891788023890197,0.00022424766847633842,3.5
-0.00027567767706563007,0.000127820480233027,-0.00036554356612325756,-0.00038773236983477165,-0.0015204286213928667,0.0002535313484437163,0.00025450521838553587,0.00028342658386544225,0.0006971145921512617,-0.00022182982342696137,0.0006666105437712868,-0.0006252231798646338,0.0008891788023908313,0.00022424766847786864,3.5078125
-0.00027567767706558523,0.00012782048023290537,-0.0003655435661232128,-0.00038773236983460506,-0.0015204286213928607,0.0002535313484435031,0.0002545052183857229,0.0002834265838656088,0.0006971145921514487,-0.00022182982342708291,0.000666610543771478,-0.0006252231798644672,0.0008891788023908761,0.0002242476684780599,3.515625
-0.0002756776770666662,0.00012782048023181393,-0.00036554356612429373,-0.00038773236983590523,-0.0015204286213939887,0.000253531348442238,0.0002545052183846116,0.0002834265838643086,0.0006971145921501939,-0.0002218298234281744,0.0006666105437702348,-0.0006252231798657673,0.0008891788023897951,0.0002242476684768166,3.5234375
-0.0002756776770663472,0.00012782048023210588,-0.0003655435661239747,-0.0003877323698356445,-0.001520428621393572,0.00025353134844259236,0.0002545052183849618,0.0002834265838645694,0.0006971145921504963,-0.00022182982342788246,0.0006666105437704738,-0.0006252231798655065,0.0008891788023901142,0.0002242476684770557,3.53125
-0.0002756776770648852,0.00012782048023357245,-0.0003655435661225127,-0.00038773236983417317,-0.0015204286213922726,0.00025353134844396333,0.00025450521838615896,0.00028342658386604073,0.0006971145921517353,-0.00022182982342641583,0.0006666105437719085,-0.0006252231798640353,0.000889178802391576,0.00022424766847849026,3.5390625
-0.0002756776770655807,0.00012782048023298387,-0.00036554356612320823,-0.00038773236983463596,-0.001520428621392709,0.00025353134844342687,0.0002545052183856157,0.0002834265838655779,0.0006971145921513295,-0.00022182982342700447,0.0006666105437712868,-0.000625223179864498,0.0008891788023908805,0.00022424766847786864,3.546875
-0.00027567767706694585,0.00012782048023159533,-0.0003655435661245734,-0.00038773236983609324,-0.0015204286213942265,0.0002535313484420815,0.00025450521838424003,0.0002834265838641206,0.0006971145921499046,-0.000221829823428393,0.0006666105437698523,-0.0006252231798659554,0.0008891788023895155,0.00022424766847643405,3.5546875
-0.0002756776770663186,0.0001278204802320105,-0.0003655435661239461,-0.00038773236983560377,-0.0015204286213936532,0.00025353134844259957,0.00025450521838481845,0.0002834265838646101,0.0006971145921504007,-0.00022182982342797781,0.0006666105437703304,-0.0006252231798654659,0.0008891788023901427,0.00022424766847691223,3.5625
-0.0002756776770648731,0.0001278204802337017,-0.00036554356612250057,-0.0003877323698340058,-0.001520428621392188,0.0002535313484441778,0.00025450521838648867,0.000283426583866208,0.0006971145921519275,-0.00022182982342628668,0.0006666105437719085,-0.0006252231798638679,0.0008891788023915883,0.00022424766847849026,3.5703125
-0.0002756776770653294,0.00012782048023313376,-0.0003655435661229569,-0.00038773236983453914,-0.0015204286213925668,0.00025353134844359086,0.000254505218385926,0.00028342658386567475,0.000697114592151592,-0.00022182982342685458,0.000666610543771478,-0.0006252231798644012,0.000889178802391132,0.0002242476684780599,3.578125
-0.00027567767706738203,0.0001278204802311002,-0.0003655435661250096,-0.000387732369836554,-0.0015204286213948996,0.00025353134844154524,0.0002545052183839982,0.0002834265838636598,0.0006971145921492697,-0.0002218298234288881,0.0006666105437692784,-0.0006252231798664162,0.0008891788023890794,0.0002242476684758602,3.5859375
-0.0002756776770676677,0.00012782048023080015,-0.00036554356612529526,-0.000387732369836814,-0.0015204286213948844,0.00025353134844143866,0.0002545052183836007,0.0002834265838633999,0.0006971145921494698,-0.0002218298234291882,0.0006666105437692784,-0.0006252231798666762,0.0008891788023887936,0.0002242476684758602,3.59375
-0.00027567767706549454,0.00012782048023300308,-0.00036554356612312203,-0.0003877323698346202,-0.0015204286213926198,0.0002535313484435171,0.0002545052183858786,0.00028342658386559366,0.0006971145921514848,-0.00022182982342698523,0.000666610543771478,-0.0006252231798644823,0.0008891788023909667,0.0002242476684780599,3.6015625
-0.00027567767706560437,0.0001278204802330201,-0.00036554356612323186,-0.00038773236983466464,-0.001520428621392561,0.00025353134844354304,0.00025450521838594987,0.0002834265838655492,0.0006971145921515561,-0.00022182982342696818,0.0006666105437713346,-0.0006252231798645268,0.000889178802390857,0.00022424766847791645,3.609375
-0.00027567767706832317,0.00012782048023019657,-0.0003655435661259507,-0.0003877323698374642,-0.0015204286213953305,0.0002535313484406269,0.0002545052183831353,0.00028342658386274963,0.0006971145921487654,-0.00022182982342979177,0.000666610543768597,-0.0006252231798673263,0.000889178802388138,0.00022424766847517879,3.6171875
-0.0002756776770686121,0.0001278204802296546,-0.00036554356612623966,-0.00038773236983792955,-0.0015204286213958997,0.0002535313484402745,0.00025450521838276974,0.0002834265838622843,0.0006971145921483043,-0.00022182982343033373,0.0006666105437681308,-0.0006252231798677917,0.0008891788023878491,0.00022424766847471255,3.625
-0.00027567767706679477,0.00012782048023158858,-0.00036554356612442226,-0.00038773236983616203,-0.0015204286213941047,0.00025353134844211813,0.000254505218384377,0.0002834265838640518,0.0006971145921499534,-0.00022182982342839973,0.0006666105437698761,-0.0006252231798660241,0.0008891788023896667,0.00022424766847645795,3.6328125
-0.00027567767706607215,0.000127820480232721,-0.00036554356612369964,-0.00038773236983502893,-0.0015204286213930278,0.0002535313484429986,0.00025450521838571465,0.0002834265838651849,0.0006971145921511535,-0.00022182982342726728,0.0006666105437709999,-0.000625223179864891,0.0008891788023903892,0.0002242476684775817,3.640625
-0.00027567767706577773,0.00012782048023249855,-0.0003655435661234053,-0.00038773236983487264,-0.0015204286213931911,0.00025353134844307467,0.00025450521838563025,0.0002834265838653412,0.0006971145921511886,-0.00022182982342748982,0.0006666105437711911,-0.0006252231798647348,0.0008891788023906835,0.00022424766847777298,3.6484375
-0.0002756776770667856,0.00012782048023170489,-0.0003655435661244131,-0.0003877323698359719,-0.0015204286213940804,0.00025353134844226314,0.00025450521838441394,0.00028342658386424193,0.0006971145921501039,-0.00022182982342828345,0.000666610543770163,-0.000625223179865834,0.0008891788023896758,0.00022424766847674486,3.65625
-0.0002756776770662399,0.00012782048023227987,-0.0003655435661238674,-0.0003877323698353699,-0.0015204286213935986,0.00025353134844278557,0.0002545052183849207,0.000283426583864844,0.0006971145921505746,-0.00022182982342770844,0.0006666105437705695,-0.000625223179865232,0.0008891788023902213,0.00022424766847715133,3.6640625
-0.00027567767706547134,0.00012782048023299685,-0.0003655435661230989,-0.00038773236983461704,-0.0015204286213927754,0.00025353134844353166,0.0002545052183858685,0.0002834265838655968,0.0006971145921512835,-0.0002218298234269915,0.0006666105437712988,-0.0006252231798644792,0.0008891788023909898,0.0002242476684778806,3.671875
-0.00027567767706512954,0.00012782048023342747,-0.00036554356612275704,-0.0003877323698343767,-0.0015204286213923238,0.00025353134844396095,0.00025450521838626917,0.00028342658386583717,0.0006971145921518514,-0.00022182982342656087,0.000666610543771765,-0.0006252231798642389,0.0008891788023913319,0.00022424766847834682,3.6796875
-0.0002756776770648947,0.0001278204802336397,-0.00036554356612252225,-0.0003877323698340421,-0.0015204286213921184,0.0002535313484441339,0.00025450521838644134,0.0002834265838661718,0.0006971145921520356,-0.00022182982342634864,0.0006666105437720519,-0.0006252231798639042,0.0008891788023915665,0.00022424766847863373,3.6875
-0.0002756776770657581,0.00012782048023284146,-0.00036554356612338566,-0.0003877323698348317,-0.0015204286213928984,0.0002535313484434403,0.000254505218385617,0.0002834265838653822,0.0006971145921514146,-0.0002218298234271469,0.0006666105437714064,-0.0006252231798646938,0.0008891788023907032,0.00022424766847798817,3.6953125
-0.0002756776770660395,0.00012782048023253847,-0.00036554356612366706,-0.0003877323698351573,-0.001520428621393238,0.0002535313484430772,0.0002545052183852985,0.0002834265838650566,0.0006971145921509048,-0.00022182982342744984,0.0006666105437708565,-0.0006252231798650194,0.0008891788023904218,0.00022424766847743826,3.703125
-0.000275677677066737,0.00012782048023176167,-0.00036554356612436453,-0.00038773236983591234,-0.0015204286213939156,0.0002535313484422723,0.0002545052183846391,0.0002834265838643015,0.0006971145921501258,-0.0002218298234282266,0.0006666105437700913,-0.0006252231798657745,0.0008891788023897243,0.00022424766847667314,3.7109375
-0.0002756776770675889,0.00012782048023083752,-0.00036554356612521644,-0.0003877323698368026,-0.0015204286213949105,0.00025353134844124405,0.0002545052183837294,0.00028342658386341127,0.0006971145921491981,-0.0002218298234291508,0.0006666105437691828,-0.0006252231798666648,0.0008891788023888724,0.00022424766847576458,3.71875
-0.0002756776770671398,0.00012782048023120585,-0.0003655435661247673,-0.00038773236983651515,-0.0015204286213945282,0.00025353134844180165,0.0002545052183839605,0.0002834265838636987,0.0006971145921495069,-0.00022182982342878246,0.0006666105437697087,-0.0006252231798663773,0.0008891788023893216,0.00022424766847629058,3.7265625
-0.0002756776770666258,0.00012782048023167382,-0.00036554356612425334,-0.00038773236983586805,-0.001520428621393914,0.0002535313484422411,0.00025450521838459424,0.0002834265838643458,0.0006971145921501287,-0.0002218298234283145,0.0006666105437701391,-0.0006252231798657301,0.0008891788023898355,0.00022424766847672095,3.734375
-0.00027567767706661745,0.0001278204802319202,-0.00036554356612424494,-0.00038773236983586745,-0.0015204286213936315,0.0002535313484424457,0.0002545052183849201,0.0002834265838643464,0.0006971145921504545,-0.00022182982342806813,0.0006666105437704738,-0.0006252231798657296,0.0008891788023898439,0.0002242476684770557,3.7421875
-0.0002756776770665698,0.00012782048023205546,-0.00036554356612419735,-0.00038773236983566107,-0.0015204286213936348,0.00025353134844251175,0.0002545052183848966,0.0002834265838645528,0.0006971145921505267,-0.00022182982342793287,0.0006666105437705695,-0.0006252231798655232,0.0008891788023898915,0.00022424766847715133,3.75
-0.0002756776770668214,0.0001278204802318004,-0.00036554356612444893,-0.0003877323698358643,-0.0015204286213939488,0.00025353134844227507,0.0002545052183845215,0.00028342658386434953,0.0006971145921501276,-0.0002218298234281879,0.0006666105437702348,-0.0006252231798657265,0.0008891788023896399,0.0002242476684768166,3.7578125
-0.00027567767706602157,0.00012782048023236676,-0.0003655435661236491,-0.0003877323698351525,-0.0015204286213931456,0.00025353134844331845,0.00025450521838529534,0.0002834265838650614,0.0006971145921509733,-0.0002218298234276216,0.000666610543770713,-0.0006252231798650146,0.0008891788023904397,0.0002242476684772948,3.765625
-0.00027567767706528686,0.00012782048023290965,-0.0003655435661229144,-0.0003877323698347159,-0.0015204286213928008,0.0002535313484434754,0.00025450521838599297,0.0002834265838654979,0.0006971145921515753,-0.00022182982342707869,0.0006666105437713824,-0.000625223179864578,0.0008891788023911745,0.00022424766847796426,3.7734375
-0.0002756776770656135,0.00012782048023291342,-0.00036554356612324097,-0.00038773236983482716,-0.001520428621392855,0.00025353134844342633,0.00025450521838568576,0.0002834265838653867,0.0006971145921512681,-0.0002218298234270749,0.0006666105437714064,-0.0006252231798646894,0.0008891788023908479,0.00022424766847798817,3.78125
-0.0002756776770666247,0.00012782048023179143,-0.00036554356612425226,-0.0003877323698358424,-0.0015204286213939514,0.000253531348442329,0.00025450521838454377,0.0002834265838643715,0.0006971145921502935,-0.0002218298234281969,0.0006666105437703304,-0.0006252231798657045,0.0008891788023898366,0.00022424766847691223,3.7890625
-0.0002756776770663996,0.000127820480231945,-0.0003655435661240271,-0.0003877323698357496,-0.0015204286213937191,0.00025353134844253403,0.0002545052183846624,0.0002834265838644643,0.0006971145921502447,-0.00022182982342804333,0.0006666105437702826,-0.0006252231798656117,0.0008891788023900616,0.00022424766847686442,3.796875
-0.00027567767706674473,0.00012782048023172627,-0.0003655435661243723,-0.00038773236983587325,-0.0015204286213940223,0.00025353134844224905,0.00025450521838458074,0.0002834265838643406,0.0006971145921501391,-0.00022182982342826207,0.0006666105437700913,-0.0006252231798657354,0.0008891788023897166,0.00022424766847667314,3.8046875
-0.00027567767706671833,0.00012782048023181637,-0.0003655435661243459,-0.00038773236983587016,-0.0015204286213938575,0.00025353134844237655,0.0002545052183846703,0.0002834265838643437,0.0006971145921503003,-0.00022182982342817194,0.000666610543770163,-0.0006252231798657323,0.000889178802389743,0.00022424766847674486,3.8125
-0.00027567767706673877,0.00012782048023169678,-0.00036554356612436626,-0.00038773236983601333,-0.001520428621393815,0.0002535313484421706,0.0002545052183845778,0.0002834265838642005,0.00069711459215016,-0.00022182982342829153,0.0006666105437700913,-0.0006252231798658755,0.0008891788023897226,0.00022424766847667314,3.8203125
-0.00027567767706640977,0.00012782048023212507,-0.0003655435661240373,-0.000387732369835668,-0.001520428621393576,0.00025353134844251923,0.00025450521838495387,0.00028342658386454583,0.0006971145921505004,-0.00022182982342786324,0.000666610543770426,-0.0006252231798655302,0.0008891788023900516,0.0002242476684770079,3.828125
-0.0002756776770654274,0.000127820480232996,-0.0003655435661230549,-0.00038773236983455947,-0.0015204286213927234,0.0002535313484435334,0.00025450521838590195,0.00028342658386565437,0.0006971145921514603,-0.00022182982342699233,0.0006666105437714064,-0.0006252231798644217,0.000889178802391034,0.00022424766847798817,3.8359375
-0.0002756776770650893,0.00012782048023345896,-0.00036554356612271687,-0.0003877323698341159,-0.0015204286213924005,0.000253531348444022,0.00025450521838629524,0.0002834265838660979,0.0006971145921518775,-0.00022182982342652935,0.0006666105437718128,-0.000625223179863978,0.000889178802391372,0.00022424766847839464,3.84375
-0.0002756776770651532,0.0001278204802332875,-0.00036554356612278073,-0.0003877323698343007,-0.0015204286213923218,0.0002535313484439277,0.00025450521838618487,0.0002834265838659131,0.0006971145921517673,-0.0002218298234267008,0.0006666105437717232,-0.0006252231798641629,0.0008891788023913081,0.00022424766847830497,3.8515625
-0.0002756776770665474,0.00012782048023198323,-0.0003655435661241749,-0.0003877323698356787,-0.0015204286213938148,0.0002535313484425052,0.0002545052183848645,0.00028342658386453515,0.0006971145921504468,-0.00022182982342800508,0.0006666105437703782,-0.0006252231798655408,0.000889178802389914,0.00022424766847696005,3.859375
-0.0002756776770674572,0.00012782048023106578,-0.00036554356612508477,-0.0003877323698365887,-0.0015204286213946266,0.0002535313484415928,0.0002545052183839472,0.0002834265838636251,0.0006971145921495055,-0.00022182982342892256,0.0006666105437694697,-0.0006252231798664509,0.0008891788023890041,0.0002242476684760515,3.8671875
-0.00027567767706741304,0.0001278204802311306,-0.0003655435661250406,-0.0003877323698366681,-0.001520428621394608,0.00025353134844168234,0.0002545052183838487,0.00028342658386354576,0.0006971145921493353,-0.0002218298234288577,0.0006666105437694846,-0.0006252231798665303,0.0008891788023890483,0.00022424766847606645,3.875
-0.00027567767706667746,0.00012782048023190267,-0.000365543566124305,-0.00038773236983585596,-0.0015204286213939928,0.0002535313484423759,0.00025450521838454415,0.0002834265838643579,0.0006971145921500786,-0.00022182982342808564,0.0006666105437702109,-0.0006252231798657181,0.0008891788023897839,0.0002242476684767927,3.8828125
-0.00027567767706660916,0.0001278204802319344,-0.0003655435661242367,-0.00038773236983578245,-0.0015204286213938013,0.0002535313484424457,0.00025450521838483363,0.00028342658386443145,0.0006971145921502964,-0.00022182982342805393,0.0006666105437703185,-0.0006252231798656446,0.0008891788023898521,0.00022424766847690028,3.890625
-0.00027567767706767037,0.00012782048023091586,-0.0003655435661252979,-0.0003877323698367436,-0.0015204286213946865,0.00025353134844145194,0.00025450521838385845,0.0002834265838634703,0.0006971145921495125,-0.00022182982342907245,0.0006666105437694218,-0.0006252231798666057,0.000889178802388791,0.00022424766847600367,3.8984375
-0.00027567767706668895,0.00012782048023182334,-0.00036554356612431645,-0.00038773236983581996,-0.0015204286213938599,0.00025353134844237357,0.0002545052183846654,0.0002834265838643939,0.0006971145921502867,-0.00022182982342816497,0.0006666105437703304,-0.0006252231798656821,0.0008891788023897724,0.00022424766847691223,3.90625
-0.00027567767706558366,0.0001278204802329106,-0.0003655435661232112,-0.00038773236983470784,-0.001520428621392934,0.00025353134844346314,0.00025450521838586834,0.000283426583865506,0.0006971145921515582,-0.00022182982342707768,0.0006666105437713824,-0.00062522317986457,0.0008891788023908776,0.00022424766847796426,3.9140625
-0.00027567767706515546,0.0001278204802333686,-0.00036554356612278295,-0.00038773236983427085,-0.001520428621392427,0.0002535313484440113,0.0002545052183862338,0.00028342658386594304,0.0006971145921517684,-0.00022182982342661972,0.000666610543771765,-0.000625223179864133,0.0008891788023913059,0.00022424766847834682,3.921875
-0.00027567767706608635,0.00012782048023241398,-0.00036554356612371385,-0.00038773236983533787,-0.0015204286213934518,0.0002535313484428603,0.0002545052183851883,0.000283426583864876,0.0006971145921507107,-0.00022182982342757433,0.0006666105437706652,-0.0006252231798651999,0.000889178802390375,0.00022424766847724698,3.9296875
-0.00027567767706707276,0.0001278204802314288,-0.00036554356612470025,-0.00038773236983635046,-0.0015204286213943324,0.00025353134844184963,0.00025450521838426513,0.0002834265838638634,0.0006971145921496801,-0.00022182982342855952,0.0006666105437699479,-0.0006252231798662126,0.0008891788023893887,0.0002242476684765297,3.9375
-0.0002756776770655231,0.00012782048023283438,-0.00036554356612315066,-0.0003877323698348829,-0.0015204286213929292,0.00025353134844337965,0.00025450521838568104,0.000283426583865331,0.0006971145921512992,-0.0002218298234271539,0.0006666105437712868,-0.000625223179864745,0.0008891788023909381,0.00022424766847786864,3.9453125
-0.0002756776770649418,0.0001278204802334506,-0.0003655435661225693,-0.0003877323698342555,-0.0015204286213924142,0.00025353134844398995,0.00025450521838623323,0.00028342658386595833,0.0006971145921518096,-0.00022182982342653778,0.0006666105437718367,-0.0006252231798641177,0.0008891788023915195,0.00022424766847841854,3.953125
-0.0002756776770659691,0.00012782048023240482,-0.00036554356612359664,-0.00038773236983526556,-0.0015204286213932048,0.0002535313484429822,0.0002545052183853256,0.0002834265838649483,0.000697114592150884,-0.0002218298234275835,0.0006666105437709043,-0.0006252231798651276,0.0008891788023904923,0.00022424766847748608,3.9609375
-0.0002756776770671351,0.00012782048023138472,-0.0003655435661247626,-0.0003877323698363573,-0.0015204286213943092,0.00025353134844187657,0.00025450521838426117,0.0002834265838638566,0.0006971145921498166,-0.00022182982342860362,0.0006666105437697566,-0.0006252231798662194,0.0008891788023893262,0.00022424766847633842,3.96875
-0.00027567767706698364,0.0001278204802316527,-0.0003655435661246112,-0.00038773236983603295,-0.001520428621394124,0.00025353134844211954,0.0002545052183844399,0.0002834265838641809,0.0006971145921500641,-0.0002218298234283356,0.0006666105437700435,-0.0006252231798658951,0.0008891788023894776,0.00022424766847662533,3.9765625
-0.00027567767706635204,0.00012782048023219142,-0.0003655435661239796,-0.0003877323698355281,-0.001520428621393525,0.00025353134844265703,0.00025450521838497094,0.00028342658386468575,0.0006971145921505024,-0.0002218298234277969,0.0006666105437705635,-0.0006252231798653903,0.0008891788023901093,0.00022424766847714537,3.984375
-0.0002756776770658546,0.00012782048023271843,-0.00036554356612348215,-0.0003877323698350533,-0.0015204286213930179,0.0002535313484432056,0.00025450521838549966,0.0002834265838651605,0.0006971145921511059,-0.0002218298234272699,0.0006666105437710955,-0.0006252231798649154,0.0008891788023906068,0.00022424766847767736,3.9921875
-0.00027567767706598465,0.0001278204802325191,-0.0003655435661236122,-0.00038773236983514884,-0.0015204286213931475,0.00025353134844309185,0.00025450521838545114,0.000283426583865065,0.0006971145921509318,-0.00022182982342746927,0.0006666105437710477,-0.000625223179865011,0.0008891788023904768,0.00022424766847762952,4.0
-0.00027567767706592546,0.00012782048023268777,-0.000365543566123553,-0.0003877323698348508,-0.0015204286213930513,0.00025353134844328706,0.00025450521838550643,0.0002834265838653631,0.0006971145921510947,-0.00022182982342730054,0.0006666105437710717,-0.0006252231798647129,0.0008891788023905358,0.00022424766847765345,4.0078125
-0.00027567767706691826,0.00012782048023161918,-0.0003655435661245458,-0.0003877323698360617,-0.0015204286213940446,0.0002535313484421963,0.0002545052183845125,0.0002834265838641522,0.0006971145921500709,-0.00022182982342836913,0.0006666105437700913,-0.0006252231798659239,0.0008891788023895432,0.00022424766847667314,4.015625
-0.00027567767706745803,0.00012782048023077234,-0.0003655435661250856,-0.00038773236983677753,-0.0015204286213948265,0.00025353134844129224,0.0002545052183838297,0.00028342658386343637,0.0006971145921492686,-0.00022182982342921603,0.0006666105437692306,-0.0006252231798666396,0.0008891788023890033,0.0002242476684758124,4.0234375
-0.0002756776770675739,0.0001278204802309588,-0.00036554356612520137,-0.00038773236983677525,-0.0015204286213947413,0.00025353134844140424,0.000254505218383659,0.00028342658386343864,0.000697114592149337,-0.00022182982342902954,0.000666610543769398,-0.0006252231798666374,0.0008891788023888874,0.00022424766847597977,4.03125
-0.00027567767706645243,0.0001278204802320426,-0.00036554356612408,-0.0003877323698356756,-0.0015204286213936894,0.00025353134844254964,0.00025450521838487223,0.00028342658386453824,0.0006971145921504666,-0.00022182982342794572,0.000666610543770426,-0.0006252231798655378,0.0008891788023900088,0.0002242476684770079,4.0390625
-0.0002756776770657513,0.00012782048023269566,-0.00036554356612337883,-0.0003877323698349773,-0.0015204286213929901,0.0002535313484430824,0.0002545052183855042,0.0002834265838652365,0.0006971145921511344,-0.00022182982342729268,0.0006666105437710596,-0.0006252231798648394,0.00088917880239071,0.0002242476684776415,4.046875
-0.0002756776770658584,0.00012782048023253137,-0.00036554356612348595,-0.00038773236983513404,-0.001520428621393231,0.00025353134844298755,0.00025450521838541346,0.00028342658386507985,0.0006971145921509479,-0.000221829823427457,0.0006666105437709281,-0.0006252231798649961,0.000889178802390603,0.00022424766847750998,4.0546875
-0.0002756776770658222,0.00012782048023271805,-0.00036554356612344973,-0.0003877323698350464,-0.001520428621393056,0.0002535313484431757,0.00025450521838547694,0.00028342658386516746,0.0006971145921510862,-0.0002218298234272703,0.0006666105437711195,-0.0006252231798649085,0.0008891788023906391,0.00022424766847770126,4.0625
-0.00027567767706495325,0.00012782048023350068,-0.00036554356612258075,-0.0003877323698339375,-0.0015204286213922646,0.00025353134844405105,0.00025450521838637835,0.0002834265838662764,0.000697114592152104,-0.0002218298234264876,0.0006666105437719802,-0.0006252231798637997,0.0008891788023915081,0.000224247668478562,4.0703125
-0.000275677677065741,0.000127820480232818,-0.00036554356612336853,-0.00038773236983465173,-0.0015204286213927752,0.00025353134844363363,0.0002545052183854786,0.0002834265838655621,0.0006971145921513957,-0.00022182982342717035,0.000666610543771239,-0.000625223179864514,0.0008891788023907203,0.0002242476684778208,4.078125
-0.00027567767706687175,0.00012782048023162986,-0.0003655435661244993,-0.0003877323698360915,-0.0015204286213940927,0.00025353134844209385,0.0002545052183843604,0.00028342658386412234,0.0006971145921500384,-0.00022182982342835845,0.0006666105437699239,-0.0006252231798659537,0.0008891788023895895,0.00022424766847650577,4.0859375
-0.0002756776770675537,0.00012782048023094773,-0.0003655435661251812,-0.00038773236983669166,-0.0015204286213947242,0.00025353134844150285,0.00025450521838379974,0.00028342658386352223,0.0006971145921493343,-0.00022182982342904058,0.000666610543769398,-0.0006252231798665538,0.0008891788023889077,0.00022424766847597977,4.09375
-0.0002756776770668363,0.00012782048023181634,-0.00036554356612446384,-0.00038773236983587656,-0.0015204286213939162,0.0002535313484421678,0.00025450521838451086,0.0002834265838643373,0.0006971145921501889,-0.00022182982342817197,0.0006666105437700554,-0.0006252231798657388,0.0008891788023896249,0.00022424766847663728,4.1015625
-0.00027567767706640673,0.00012782048023206059,-0.0003655435661240343,-0.000387732369835647,-0.0015204286213936619,0.0002535313484425486,0.0002545052183849312,0.00028342658386456686,0.0006971145921504179,-0.00022182982342792775,0.0006666105437704022,-0.0006252231798655092,0.0008891788023900546,0.00022424766847698398,4.109375
-0.00027567767706624996,0.00012782048023224636,-0.0003655435661238775,-0.00038773236983539083,-0.001520428621393592,0.000253531348442796,0.00025450521838518497,0.00028342658386482306,0.0006971145921506238,-0.00022182982342774197,0.0006666105437706652,-0.000625223179865253,0.0008891788023902113,0.00022424766847724698,4.1171875
-0.0002756776770667123,0.00012782048023177983,-0.00036554356612433986,-0.0003877323698358557,-0.0015204286213940108,0.00025353134844234733,0.00025450521838472093,0.00028342658386435815,0.0006971145921503152,-0.0002218298234282085,0.0006666105437701391,-0.0006252231798657179,0.000889178802389749,0.00022424766847672095,4.125
-0.00027567767706658845,0.0001278204802319561,-0.00036554356612421594,-0.0003877323698356703,-0.0015204286213937558,0.00025353134844248524,0.0002545052183847878,0.00028342658386454355,0.000697114592150394,-0.00022182982342803221,0.0006666105437703663,-0.0006252231798655325,0.0008891788023898729,0.0002242476684769481,4.1328125
-0.00027567767706655424,0.00012782048023195273,-0.0003655435661241818,-0.0003877323698357094,-0.0015204286213937978,0.0002535313484424745,0.00025450521838478603,0.00028342658386450447,0.0006971145921503205,-0.00022182982342803563,0.0006666105437703065,-0.0006252231798655716,0.000889178802389907,0.00022424766847688833,4.140625
-0.0002756776770670369,0.00012782048023139724,-0.0003655435661246645,-0.0003877323698362357,-0.0015204286213942454,0.0002535313484418654,0.00025450521838422637,0.00028342658386397814,0.0006971145921498864,-0.00022182982342859104,0.0006666105437697087,-0.0006252231798660979,0.0008891788023894243,0.00022424766847629058,4.1484375
-0.00027567767706635935,0.0001278204802321168,-0.00036554356612398685,-0.00038773236983555943,-0.0015204286213936107,0.00025353134844265015,0.00025450521838497116,0.0002834265838646544,0.0006971145921505355,-0.0002218298234278715,0.0006666105437705217,-0.0006252231798654215,0.0008891788023901021,0.00022424766847710352,4.15625
-0.00027567767706555255,0.00012782048023302103,-0.0003655435661231801,-0.0003877323698346858,-0.0015204286213927718,0.00025353134844347387,0.00025450521838580844,0.0002834265838655281,0.0006971145921514147,-0.0002218298234269673,0.0006666105437714302,-0.0006252231798645479,0.0008891788023909088,0.00022424766847801208,4.1640625
-0.0002756776770657999,0.00012782048023289076,-0.0003655435661234274,-0.000387732369834809,-0.001520428621392848,0.0002535313484432033,0.0002545052183856497,0.0002834265838654049,0.000697114592151256,-0.00022182982342709755,0.0006666105437712868,-0.0006252231798646712,0.0008891788023906615,0.00022424766847786864,4.171875
-0.0002756776770664629,0.00012782048023217603,-0.00036554356612409044,-0.0003877323698355728,-0.0015204286213936487,0.0002535313484427445,0.000254505218384988,0.000283426583864641,0.000697114592150642,-0.0002218298234278123,0.0006666105437705217,-0.0006252231798654349,0.0008891788023899983,0.00022424766847710352,4.1796875
-0.000275677677066382,0.0001278204802321683,-0.00036554356612400956,-0.0003877323698355366,-0.0015204286213936077,0.0002535313484426534,0.0002545052183848815,0.0002834265838646773,0.0006971145921505117,-0.00022182982342782,0.0006666105437705217,-0.0006252231798653987,0.0008891788023900792,0.00022424766847710352,4.1875
-0.00027567767706627874,0.00012782048023212228,-0.00036554356612390624,-0.00038773236983552294,-0.0015204286213934685,0.00025353134844263123,0.0002545052183849729,0.00028342658386469095,0.000697114592150621,-0.00022182982342786606,0.0006666105437705695,-0.000625223179865385,0.0008891788023901825,0.00022424766847715133,4.1953125
-0.00027567767706662704,0.0001278204802319077,-0.0003655435661242546,-0.0003877323698358,-0.001520428621393848,0.00025353134844243293,0.0002545052183847588,0.00028342658386441383,0.0006971145921502694,-0.0002218298234280806,0.0006666105437703065,-0.0006252231798656621,0.0008891788023898342,0.00022424766847688833,4.203125
-0.0002756776770668614,0.00012782048023153797,-0.00036554356612448894,-0.0003877323698359678,-0.001520428621394184,0.00025353134844219955,0.00025450521838438233,0.00028342658386424605,0.0006971145921499885,-0.00022182982342845034,0.0006666105437699479,-0.0006252231798658299,0.0008891788023895999,0.0002242476684765297,4.2109375
-0.0002756776770662101,0.0001278204802322696,-0.00036554356612383766,-0.00038773236983539555,-0.0015204286213935088,0.0002535313484427895,0.0002545052183850614,0.00028342658386481834,0.0006971145921506857,-0.00022182982342771872,0.0006666105437706652,-0.0006252231798652576,0.000889178802390251,0.00022424766847724698,4.21875
-0.0002756776770659967,0.0001278204802325014,-0.00036554356612362424,-0.00038773236983521785,-0.0015204286213932653,0.0002535313484429673,0.0002545052183852572,0.00028342658386499604,0.0006971145921508394,-0.00022182982342748697,0.0006666105437708086,-0.0006252231798650799,0.0008891788023904646,0.00022424766847739042,4.2265625
-0.00027567767706764603,0.00012782048023087693,-0.0003655435661252735,-0.00038773236983678675,-0.0015204286213947658,0.0002535313484413451,0.0002545052183837556,0.00028342658386342715,0.000697114592149302,-0.0002218298234291114,0.0006666105437692784,-0.0006252231798666489,0.0008891788023888153,0.0002242476684758602,4.234375
-0.0002756776770686522,0.00012782048022998315,-0.0003655435661262798,-0.0003877323698378371,-0.0015204286213954163,0.0002535313484406326,0.00025450521838287003,0.0002834265838623768,0.0006971145921486078,-0.00022182982343000516,0.000666610543768322,-0.0006252231798676992,0.0008891788023878091,0.00022424766847490383,4.2421875
-0.00027567767706744155,0.00012782048023074585,-0.0003655435661250691,-0.0003877323698367343,-0.00152042862139471,0.00025353134844145075,0.00025450521838393195,0.0002834265838634795,0.000697114592149586,-0.00022182982342924245,0.0006666105437693591,-0.0006252231798665965,0.0008891788023890197,0.00022424766847594093,4.25
-0.00027567767706596476,0.00012782048023246822,-0.0003655435661235923,-0.0003877323698352109,-0.0015204286213932165,0.0002535313484429692,0.0002545052183853208,0.00028342658386500293,0.0006971145921508433,-0.00022182982342752012,0.0006666105437708565,-0.000625223179865073,0.0008891788023904965,0.00022424766847743826,4.2578125
-0.00027567767706563766,0.00012782048023285444,-0.0003655435661232652,-0.0003877323698347572,-0.00152042862139273,0.00025353134844329644,0.00025450521838581646,0.0002834265838654567,0.0006971145921512015,-0.00022182982342713387,0.0006666105437713227,-0.0006252231798646193,0.0008891788023908236,0.0002242476684779045,4.265625
-0.00027567767706493303,0.00012782048023376525,-0.0003655435661225605,-0.00038773236983396375,-0.0015204286213921256,0.0002535313484441452,0.00025450521838635466,0.0002834265838662501,0.0006971145921520655,-0.00022182982342622306,0.0006666105437719563,-0.0006252231798638259,0.0008891788023915283,0.0002242476684785381,4.2734375
-0.0002756776770636972,0.00012782048023456463,-0.0003655435661213247,-0.00038773236983302017,-0.0015204286213912658,0.00025353134844514213,0.0002545052183873506,0.0002834265838671937,0.0006971145921529927,-0.00022182982342542368,0.0006666105437730083,-0.0006252231798628823,0.0008891788023927642,0.0002242476684795901,4.28125
-0.0002756776770638913,0.0001278204802350696,-0.0003655435661215188,-0.0003877323698323578,-0.0015204286213909906,0.0002535313484454187,0.00025450521838766855,0.00028342658386785606,0.00069711459215349,-0.00022182982342491874,0.0006666105437731517,-0.0006252231798622199,0.0008891788023925699,0.00022424766847973357,4.2890625
-0.0002756776770659988,0.0001278204802325471,-0.00036554356612362635,-0.00038773236983494035,-0.001520428621393113,0.0002535313484432337,0.0002545052183856211,0.0002834265838652735,0.0006971145921512991,-0.0002218298234274412,0.0006666105437711433,-0.0006252231798648026,0.0008891788023904626,0.00022424766847772517,4.296875
-0.00027567767706861363,0.00012782048023000675,-0.0003655435661262411,-0.00038773236983776193,-0.0015204286213958585,0.00025353134844039945,0.000254505218382905,0.00028342658386245196,0.0006971145921483916,-0.00022182982342998156,0.000666610543768334,-0.0006252231798676241,0.0008891788023878478,0.00022424766847491578,4.3046875
-0.00027567767706953786,0.00012782048022946606,-0.0003655435661271654,-0.0003877323698390389,-0.001520428621396492,0.00025353134843974053,0.00025450521838247793,0.000283426583861175,0.0006971145921478211,-0.00022182982343052227,0.0006666105437676525,-0.0006252231798689011,0.0008891788023869235,0.00022424766847423436,4.3125
-0.0002756776770675354,0.00012782048023051454,-0.00036554356612516294,-0.0003877323698363734,-0.001520428621394957,0.0002535313484412475,0.00025450521838358067,0.00028342658386384045,0.0006971145921494499,-0.0002218298234294738,0.0006666105437691828,-0.0006252231798662356,0.0008891788023889259,0.00022424766847576458,4.3203125
-0.00027567767706752807,0.0001278204802313021,-0.00036554356612515556,-0.00038773236983634927,-0.0015204286213945132,0.00025353134844193496,0.00025450521838411226,0.0002834265838638646,0.0006971145921495512,-0.00022182982342868623,0.0006666105437697087,-0.0006252231798662114,0.0008891788023889333,0.00022424766847629058,4.328125
-0.00027567767706724135,0.00012782048023136214,-0.0003655435661248689,-0.0003877323698362916,-0.0015204286213943955,0.0002535313484418745,0.00025450521838426985,0.0002834265838639223,0.0006971145921497805,-0.00022182982342862617,0.0006666105437698045,-0.0006252231798661537,0.00088917880238922,0.00022424766847638623,4.3359375
-0.0002756776770663504,0.0001278204802322028,-0.00036554356612397796,-0.0003877323698354804,-0.0015204286213935845,0.00025353134844271813,0.000254505218385011,0.0002834265838647335,0.0006971145921505571,-0.0002218298234277855,0.0006666105437705695,-0.0006252231798653425,0.000889178802390111,0.00022424766847715133,4.34375
-0.0002756776770657106,0.00012782048023275485,-0.00036554356612333817,-0.00038773236983507484,-0.0015204286213931905,0.0002535313484432735,0.0002545052183855791,0.000283426583865139,0.0006971145921510508,-0.00022182982342723343,0.0006666105437709521,-0.000625223179864937,0.0008891788023907505,0.0002242476684775339,4.3515625
-0.0002756776770652206,0.00012782048023326272,-0.00036554356612284816,-0.00038773236983446574,-0.0015204286213923411,0.00025353134844409707,0.0002545052183862578,0.0002834265838657481,0.0006971145921518879,-0.0002218298234267256,0.0006666105437716335,-0.0006252231798643279,0.0008891788023912407,0.0002242476684782153,4.359375
-0.0002756776770654678,0.0001278204802329092,-0.00036554356612309536,-0.0003877323698346803,-0.0015204286213928817,0.0002535313484434108,0.0002545052183857281,0.0002834265838655336,0.0006971145921514061,-0.00022182982342707915,0.000666610543771478,-0.0006252231798645425,0.0008891788023909934,0.0002242476684780599,4.3671875
-0.00027567767706540596,0.00012782048023297004,-0.0003655435661230335,-0.0003877323698346211,-0.001520428621392628,0.00025353134844342167,0.00025450521838583945,0.00028342658386559273,0.0006971145921515712,-0.0002218298234270183,0.0006666105437714302,-0.0006252231798644833,0.0008891788023910554,0.00022424766847801208,4.375
-0.0002756776770657916,0.00012782048023267706,-0.00036554356612341916,-0.0003877323698350535,-0.001520428621392966,0.00025353134844315696,0.00025450521838544973,0.0002834265838651604,0.0006971145921511277,-0.00022182982342731122,0.0006666105437710717,-0.0006252231798649156,0.0008891788023906697,0.00022424766847765345,4.3828125
-0.0002756776770666851,0.00012782048023181737,-0.00036554356612431265,-0.000387732369835956,-0.0015204286213938052,0.0002535313484422,0.0002545052183846947,0.00028342658386425787,0.0006971145921502531,-0.00022182982342817094,0.0006666105437702109,-0.0006252231798658181,0.0008891788023897763,0.0002242476684767927,4.390625
-0.000275677677066927,0.0001278204802314435,-0.00036554356612455454,-0.0003877323698362082,-0.0015204286213942409,0.0002535313484419744,0.00025450521838433116,0.0002834265838640056,0.0006971145921498179,-0.00022182982342854477,0.0006666105437698268,-0.0006252231798660703,0.0008891788023895344,0.00022424766847640865,4.3984375
-0.00027567767706713055,0.00012782048023128877,-0.0003655435661247581,-0.00038773236983638196,-0.001520428621394441,0.0002535313484418449,0.0002545052183840988,0.00028342658386383194,0.0006971145921496332,-0.00022182982342869954,0.0006666105437696131,-0.000625223179866244,0.0008891788023893308,0.00022424766847619495,4.40625
-0.00027567767706584875,0.0001278204802326171,-0.0003655435661234763,-0.000387732369834937,-0.0015204286213931655,0.0002535313484432962,0.0002545052183853117,0.00028342658386527685,0.0006971145921509657,-0.0002218298234273712,0.000666610543770982,-0.0006252231798647991,0.0008891788023906125,0.00022424766847756379,4.4140625
-0.0002756776770649916,0.00012782048023367147,-0.0003655435661226191,-0.0003877323698338292,-0.0015204286213921074,0.0002535313484443465,0.0002545052183864503,0.00028342658386638464,0.0006971145921522239,-0.00022182982342631684,0.0006666105437722193,-0.0006252231798636913,0.0008891788023914697,0.0002242476684788011,4.421875
-0.0002756776770654691,0.00012782048023324413,-0.00036554356612309666,-0.00038773236983454125,-0.001520428621392471,0.00025353134844366404,0.00025450521838601834,0.0002834265838656726,0.0006971145921516963,-0.00022182982342674418,0.0006666105437716454,-0.0006252231798644034,0.0008891788023909921,0.00022424766847822726,4.4296875
-0.00027567767706673113,0.00012782048023180122,-0.0003655435661243587,-0.00038773236983583145,-0.0015204286213937991,0.00025353134844235026,0.00025450521838479487,0.0002834265838643824,0.0006971145921503234,-0.00022182982342818712,0.0006666105437704022,-0.0006252231798656937,0.0008891788023897301,0.00022424766847698398,4.4375
-0.00027567767706700034,0.00012782048023146915,-0.0003655435661246279,-0.0003877323698362122,-0.0015204286213941418,0.00025353134844196515,0.000254505218384407,0.0002834265838640016,0.0006971145921499416,-0.00022182982342851913,0.0006666105437698523,-0.0006252231798660743,0.000889178802389461,0.00022424766847643405,4.4453125
-0.0002756776770673475,0.0001278204802311447,-0.00036554356612497504,-0.0003877323698364605,-0.0015204286213945778,0.0002535313484416266,0.0002545052183840016,0.00028342658386375333,0.0006971145921495899,-0.0002218298234288436,0.0006666105437696131,-0.0006252231798663226,0.0008891788023891139,0.00022424766847619495,4.453125
-0.00027567767706761323,0.00012782048023072637,-0.0003655435661252408,-0.0003877323698366672,-0.0015204286213949846,0.00025353134844147715,0.0002545052183837335,0.00028342658386354663,0.0006971145921493158,-0.00022182982342926197,0.0006666105437692066,-0.0006252231798665294,0.0008891788023888481,0.00022424766847578849,4.4609375
-0.00027567767706765075,0.00012782048023066817,-0.00036554356612527824,-0.0003877323698368984,-0.0015204286213948376,0.00025353134844132433,0.00025450521838361797,0.0002834265838633154,0.000697114592149272,-0.00022182982342932017,0.0006666105437690871,-0.0006252231798667606,0.0008891788023888106,0.00022424766847566895,4.46875
-0.000275677677067213,0.0001278204802309193,-0.00036554356612484055,-0.00038773236983653803,-0.0015204286213945089,0.00025353134844157847,0.0002545052183836116,0.00028342658386367587,0.0006971145921492417,-0.000221829823429069,0.000666610543769374,-0.0006252231798664001,0.0008891788023892484,0.00022424766847595586,4.4765625
-0.000275677677066442,0.0001278204802320483,-0.00036554356612406957,-0.00038773236983557965,-0.0015204286213936127,0.00025353134844253127,0.00025450521838488806,0.0002834265838646342,0.0006971145921503269,-0.00022182982342794003,0.0006666105437703304,-0.0006252231798654418,0.0008891788023900192,0.00022424766847691223,4.484375
-0.00027567767706627213,0.00012782048023219787,-0.0003655435661238997,-0.00038773236983544515,-0.001520428621393579,0.0002535313484427543,0.0002545052183849774,0.0002834265838647687,0.0006971145921506553,-0.00022182982342779046,0.0006666105437705695,-0.0006252231798653074,0.0008891788023901892,0.00022424766847715133,4.4921875
-0.00027567767706575985,0.00012782048023290344,-0.0003655435661233874,-0.00038773236983484754,-0.0015204286213930745,0.0002535313484431443,0.0002545052183856932,0.00028342658386536635,0.0006971145921511798,-0.0002218298234270849,0.0006666105437711911,-0.0006252231798647097,0.0008891788023907014,0.00022424766847777298,4.5
-0.0002756776770648471,0.00012782048023392224,-0.0003655435661224746,-0.000387732369834065,-0.0015204286213921522,0.00025353134844431196,0.0002545052183866031,0.0002834265838661488,0.0006971145921520182,-0.00022182982342606607,0.0006666105437721116,-0.0006252231798639271,0.0008891788023916141,0.0002242476684786935,4.5078125
-0.0002756776770649604,0.0001278204802335971,-0.0003655435661225879,-0.00038773236983417707,-0.001520428621392218,0.00025353134844423607,0.0002545052183861691,0.00028342658386603677,0.0006971145921519188,-0.00022182982342639122,0.0006666105437719563,-0.0006252231798640392,0.0008891788023915009,0.0002242476684785381,4.515625
-0.0002756776770656142,0.00012782048023263895,-0.00036554356612324173,-0.0003877323698349608,-0.00152042862139314,0.00025353134844345745,0.0002545052183856398,0.0002834265838652531,0.0006971145921511504,-0.00022182982342734938,0.0006666105437710955,-0.0006252231798648229,0.0008891788023908471,0.00022424766847767736,4.5234375
-0.0002756776770668936,0.00012782048023171288,-0.00036554356612452114,-0.0003877323698360013,-0.0015204286213939076,0.00025353134844229974,0.00025450521838461825,0.00028342658386421255,0.0006971145921502962,-0.00022182982342827546,0.0006666105437703304,-0.0006252231798658635,0.0008891788023895676,0.00022424766847691223,4.53125
-0.00027567767706620914,0.00012782048023234934,-0.0003655435661238367,-0.00038773236983534817,-0.0015204286213934273,0.00025353134844283425,0.00025450521838519044,0.00028342658386486567,0.0006971145921507249,-0.00022182982342763897,0.000666610543770713,-0.0006252231798652103,0.0008891788023902522,0.0002242476684772948,4.5390625
-0.0002756776770656284,0.0001278204802328401,-0.00036554356612325593,-0.0003877323698348572,-0.0015204286213928765,0.00025353134844325936,0.0002545052183856275,0.0002834265838653567,0.0006971145921512099,-0.0002218298234271482,0.0006666105437711673,-0.0006252231798647193,0.0008891788023908329,0.00022424766847774908,4.546875
-0.00027567767706652437,0.0001278204802319665,-0.0003655435661241519,-0.00038773236983563885,-0.0015204286213937714,0.0002535313484425724,0.000254505218384783,0.00028342658386457505,0.0006971145921503414,-0.00022182982342802183,0.0006666105437703544,-0.0006252231798655009,0.000889178802389937,0.00022424766847693614,4.5546875
-0.0002756776770675737,0.00012782048023094242,-0.00036554356612520126,-0.00038773236983670147,-0.0015204286213947463,0.00025353134844153104,0.00025450521838382006,0.0002834265838635124,0.0006971145921493784,-0.0002218298234290459,0.0006666105437694218,-0.0006252231798665635,0.0008891788023888874,0.00022424766847600367,4.5625
-0.00027567767706782406,0.0001278204802306716,-0.0003655435661254516,-0.0003877323698369339,-0.0015204286213950995,0.00025353134844125787,0.0002545052183837704,0.00028342658386327997,0.0006971145921492452,-0.00022182982342931675,0.0006666105437693024,-0.0006252231798667961,0.0008891788023886372,0.00022424766847588414,4.5703125
-0.000275677677067644,0.0001278204802309336,-0.0003655435661252715,-0.00038773236983680366,-0.0015204286213947528,0.0002535313484411737,0.00025450521838378944,0.0002834265838634102,0.0006971145921493358,-0.00022182982342905473,0.000666610543769374,-0.0006252231798666658,0.0008891788023888173,0.00022424766847595586,4.578125
-0.00027567767706759155,0.00012782048023112457,-0.0003655435661252191,-0.00038773236983653386,-0.0015204286213946197,0.00025353134844160183,0.0002545052183837689,0.00028342658386368004,0.0006971145921495426,-0.00022182982342886377,0.0006666105437695653,-0.000625223179866396,0.0008891788023888698,0.00022424766847614714,4.5859375
-0.00027567767706710545,0.0001278204802314983,-0.00036554356612473294,-0.0003877323698361682,-0.001520428621394224,0.0002535313484420342,0.00025450521838433484,0.0002834265838640457,0.0006971145921498216,-0.00022182982342849,0.0006666105437698523,-0.0006252231798660303,0.0008891788023893559,0.00022424766847643405,4.59375
-0.00027567767706584257,0.00012782048023253628,-0.0003655435661234701,-0.0003877323698350856,-0.0015204286213931738,0.0002535313484431142,0.00025450521838531404,0.00028342658386512826,0.0006971145921508725,-0.00022182982342745203,0.0006666105437709043,-0.0006252231798649478,0.0008891788023906187,0.00022424766847748608,4.6015625
-0.0002756776770654982,0.0001278204802330096,-0.0003655435661231257,-0.0003877323698347818,-0.001520428621392764,0.00025353134844340036,0.0002545052183858518,0.0002834265838654321,0.0006971145921511472,-0.00022182982342697875,0.0006666105437712509,-0.0006252231798646439,0.0008891788023909632,0.00022424766847783275,4.609375
-0.00027567767706560594,0.00012782048023289016,-0.0003655435661232335,-0.00038773236983494366,-0.0015204286213929157,0.0002535313484432348,0.0002545052183855594,0.0002834265838652702,0.0006971145921511656,-0.00022182982342709815,0.0006666105437711374,-0.0006252231798648058,0.0008891788023908554,0.00022424766847771918,4.6171875
-0.00027567767706616095,0.00012782048023242545,-0.0003655435661237885,-0.00038773236983527087,-0.0015204286213933848,0.00025353134844296516,0.00025450521838514176,0.000283426583864943,0.000697114592150772,-0.00022182982342756284,0.0006666105437706771,-0.0006252231798651329,0.0008891788023903004,0.00022424766847725894,4.625
-0.0002756776770658305,0.0001278204802326854,-0.00036554356612345803,-0.0003877323698349509,-0.0015204286213930977,0.00025353134844321486,0.00025450521838548404,0.000283426583865263,0.0006971145921511201,-0.00022182982342730287,0.0006666105437711195,-0.0006252231798648131,0.0008891788023906308,0.00022424766847770126,4.6328125
-0.0002756776770661083,0.0001278204802323737,-0.00036554356612373586,-0.00038773236983522804,-0.0015204286213933399,0.00025353134844293193,0.00025450521838521934,0.00028342658386498585,0.0006971145921508256,-0.00022182982342761463,0.0006666105437707847,-0.0006252231798650901,0.0008891788023903529,0.00022424766847736652,4.640625
-0.00027567767706624004,0.000127820480232316,-0.00036554356612386753,-0.00038773236983523563,-0.0015204286213933308,0.00025353134844289117,0.0002545052183852049,0.0002834265838649782,0.00069711459215085,-0.0002218298234276723,0.0006666105437708565,-0.0006252231798650978,0.0008891788023902212,0.00022424766847743826,4.6484375
-0.0002756776770669052,0.00012782048023164084,-0.00036554356612453274,-0.0003877323698359782,-0.0015204286213939715,0.00025353134844218394,0.0002545052183845474,0.0002834265838642357,0.0006971145921500582,-0.00022182982342834747,0.0006666105437700913,-0.0006252231798658403,0.0008891788023895562,0.00022424766847667314,4.65625
-0.0002756776770668148,0.00012782048023170358,-0.0003655435661244423,-0.00038773236983597386,-0.0015204286213940886,0.0002535313484421567,0.0002545052183845049,0.00028342658386424003,0.0006971145921500275,-0.0002218298234282847,0.0006666105437700196,-0.0006252231798658359,0.0008891788023896464,0.00022424766847660142,4.6640625
-0.0002756776770662354,0.00012782048023222506,-0.0003655435661238629,-0.00038773236983552246,-0.0015204286213935554,0.0002535313484426602,0.0002545052183850648,0.00028342658386469144,0.0006971145921506411,-0.00022182982342776328,0.0006666105437705456,-0.0006252231798653846,0.0008891788023902259,0.00022424766847712742,4.671875
-0.00027567767706660856,0.00012782048023189446,-0.0003655435661242361,-0.000387732369835883,-0.0015204286213938772,0.0002535313484423395,0.0002545052183847155,0.00028342658386433083,0.0006971145921503113,-0.0002218298234280939,0.0006666105437702348,-0.0006252231798657451,0.0008891788023898528,0.0002242476684768166,4.6796875
-0.0002756776770668662,0.00012782048023159338,-0.0003655435661244937,-0.0003877323698360488,-0.0015204286213941045,0.0002535313484421177,0.0002545052183844661,0.00028342658386416506,0.0006971145921500484,-0.00022182982342839496,0.0006666105437700435,-0.0006252231798659108,0.0008891788023895951,0.00022424766847662533,4.6875
-0.00027567767706650697,0.00012782048023213287,-0.00036554356612413446,-0.00038773236983561467,-0.001520428621393564,0.0002535313484426696,0.00025450521838506223,0.00028342658386459917,0.000697114592150501,-0.00022182982342785546,0.0006666105437705695,-0.0006252231798654767,0.0008891788023899544,0.00022424766847715133,4.6953125
-0.00027567767706601696,0.00012782048023272634,-0.0003655435661236445,-0.000387732369835004,-0.001520428621393012,0.0002535313484432542,0.00025450521838551104,0.00028342658386520985,0.0006971145921509858,-0.00022182982342726202,0.0006666105437709999,-0.0006252231798648661,0.0008891788023904443,0.0002242476684775817,4.703125
-0.00027567767706666434,0.00012782048023205763,-0.00036554356612429183,-0.00038773236983561906,-0.0015204286213936586,0.00025353134844268625,0.0002545052183848938,0.0002834265838645948,0.0006971145921504642,-0.00022182982342793068,0.0006666105437702826,-0.0006252231798654812,0.000889178802389797,0.00022424766847686442,4.7109375
-0.0002756776770665245,0.0001278204802319028,-0.00036554356612415197,-0.00038773236983572683,-0.0015204286213938208,0.000253531348442462,0.0002545052183847355,0.00028342658386448707,0.00069711459215027,-0.0002218298234280855,0.0006666105437702826,-0.000625223179865589,0.000889178802389937,0.00022424766847686442,4.71875
-0.0002756776770665693,0.0001278204802318203,-0.0003655435661241968,-0.0003877323698357958,-0.0015204286213939347,0.0002535313484423428,0.0002545052183847489,0.0002834265838644181,0.0006971145921502416,-0.00022182982342816806,0.0006666105437702109,-0.000625223179865658,0.0008891788023898921,0.0002242476684767927,4.7265625
-0.00027567767706635534,0.00012782048023208143,-0.0003655435661239829,-0.00038773236983543453,-0.0015204286213935567,0.00025353134844253983,0.00025450521838495826,0.00028342658386477937,0.0006971145921507797,-0.00022182982342790688,0.0006666105437705934,-0.0006252231798652966,0.000889178802390106,0.00022424766847717524,4.734375
-0.0002756776770666236,0.00012782048023191587,-0.00036554356612425107,-0.00038773236983577356,-0.0015204286213938586,0.0002535313484423779,0.00025450521838467236,0.00028342658386444034,0.0006971145921502546,-0.00022182982342807247,0.0006666105437703304,-0.0006252231798656358,0.0008891788023898377,0.00022424766847691223,4.7421875
-0.0002756776770671012,0.000127820480231389,-0.00036554356612472877,-0.0003877323698362867,-0.0015204286213943196,0.0002535313484418959,0.00025450521838422875,0.00028342658386392713,0.000697114592149835,-0.0002218298234285993,0.0006666105437698283,-0.0006252231798661488,0.00088917880238936,0.00022424766847641014,4.75
-0.0002756776770663779,0.00012782048023217814,-0.00036554356612400544,-0.0003877323698355363,-0.0015204286213934967,0.0002535313484426423,0.00025450521838503854,0.0002834265838646776,0.0006971145921504775,-0.0002218298234278102,0.0006666105437705217,-0.0006252231798653985,0.0008891788023900833,0.00022424766847710352,4.7578125
-0.00027567767706678816,0.00012782048023155562,-0.0003655435661244157,-0.0003877323698361422,-0.0015204286213940542,0.00025353134844198044,0.0002545052183845639,0.00028342658386407165,0.0006971145921498593,-0.0002218298234284327,0.0006666105437699479,-0.0006252231798660043,0.0008891788023896732,0.0002242476684765297,4.765625
-0.0002756776770675484,0.00012782048023084387,-0.00036554356612517595,-0.0003877323698368727,-0.0015204286213945596,0.0002535313484412582,0.0002545052183838583,0.0002834265838633411,0.0006971145921493929,-0.00022182982342914447,0.0006666105437691828,-0.0006252231798667348,0.0008891788023889129,0.00022424766847576458,4.7734375
-0.00027567767706680903,0.00012782048023165555,-0.0003655435661244366,-0.00038773236983610923,-0.0015204286213941192,0.0002535313484421174,0.0002545052183843231,0.00028342658386410467,0.000697114592150001,-0.00022182982342833276,0.0006666105437699001,-0.0006252231798659713,0.0008891788023896522,0.00022424766847648186,4.78125
-0.0002756776770651887,0.00012782048023337675,-0.00036554356612281623,-0.0003877323698344253,-0.0015204286213926456,0.00025353134844376867,0.00025450521838607634,0.0002834265838657886,0.0006971145921517901,-0.00022182982342661158,0.000666610543771765,-0.0006252231798642874,0.0008891788023912727,0.00022424766847834682,4.7890625
-0.0002756776770643819,0.0001278204802345165,-0.0003655435661220094,-0.00038773236983340853,-0.0015204286213912877,0.00025353134844474846,0.0002545052183871974,0.0002834265838668053,0.0006971145921530189,-0.00022182982342547182,0.0006666105437730083,-0.0006252231798632707,0.0008891788023920794,0.0002242476684795901,4.796875
-0.000275677677064854,0.00012782048023380976,-0.00036554356612248154,-0.00038773236983392684,-0.0015204286213922385,0.00025353134844451747,0.00025450521838663243,0.00028342658386628706,0.0006971145921520235,-0.00022182982342617855,0.0006666105437724345,-0.000625223179863789,0.0008891788023916072,0.0002242476684790163,4.8046875
-0.0002756776770650436,0.00012782048023321092,-0.00036554356612267117,-0.0003877323698343052,-0.001520428621392242,0.0002535313484438578,0.000254505218386318,0.00028342658386590867,0.0006971145921519243,-0.0002218298234267774,0.0006666105437716694,-0.0006252231798641673,0.0008891788023914176,0.00022424766847825117,4.8125
-0.00027567767706589017,0.00012782048023269436,-0.00036554356612351766,-0.0003877323698350164,-0.0015204286213932518,0.0002535313484431303,0.000254505218385451,0.0002834265838651975,0.0006971145921510571,-0.00022182982342729395,0.0006666105437710237,-0.0006252231798648786,0.0008891788023905712,0.0002242476684776056,4.8203125
-0.0002756776770668343,0.00012782048023166645,-0.00036554356612446184,-0.0003877323698360075,-0.0015204286213941316,0.0002535313484421824,0.00025450521838449384,0.0002834265838642064,0.0006971145921500165,-0.00022182982342832189,0.0006666105437700913,-0.0006252231798658696,0.000889178802389627,0.00022424766847667314,4.828125
-0.0002756776770668778,0.00012782048023132902,-0.00036554356612450537,-0.00038773236983608933,-0.0015204286213942044,0.00025353134844208804,0.0002545052183841772,0.00028342658386412456,0.0006971145921498645,-0.0002218298234286593,0.0006666105437698045,-0.0006252231798659515,0.0008891788023895835,0.00022424766847638623,4.8359375
-0.00027567767706761947,0.00012782048023081316,-0.000365543566125247,-0.0003877323698367517,-0.0015204286213950779,0.0002535313484413842,0.0002545052183836475,0.0002834265838634621,0.0006971145921490863,-0.00022182982342917515,0.0006666105437693262,-0.0006252231798666138,0.0008891788023888419,0.00022424766847590805,4.84375
-0.000275677677067245,0.00012782048023118588,-0.00036554356612487253,-0.00038773236983683776,-0.0015204286213946114,0.00025353134844139735,0.0002545052183838112,0.0002834265838633761,0.0006971145921493935,-0.00022182982342880246,0.0006666105437692784,-0.0006252231798666999,0.0008891788023892163,0.0002242476684758602,4.8515625
-0.00027567767706755165,0.00012782048023076637,-0.00036554356612517915,-0.0003877323698367045,-0.0015204286213945971,0.00025353134844153846,0.00025450521838393217,0.00028342658386350933,0.0006971145921493172,-0.00022182982342922194,0.0006666105437692784,-0.0006252231798665666,0.0008891788023889097,0.0002242476684758602,4.859375
-0.0002756776770672881,0.00012782048023123675,-0.0003655435661249156,-0.0003877323698363996,-0.0015204286213945403,0.000253531348441817,0.00025450521838412207,0.00028342658386381426,0.0006971145921496327,-0.00022182982342875156,0.0006666105437697087,-0.0006252231798662617,0.0008891788023891732,0.00022424766847629058,4.8671875
-0.0002756776770665292,0.00012782048023192506,-0.00036554356612415674,-0.000387732369835769,-0.0015204286213938456,0.00025353134844236213,0.0002545052183847175,0.00028342658386444484,0.0006971145921503476,-0.00022182982342806328,0.000666610543770187,-0.0006252231798656311,0.0008891788023899321,0.0002242476684767688,4.875
-0.00027567767706620307,0.00012782048023239577,-0.0003655435661238306,-0.00038773236983540016,-0.0015204286213934813,0.000253531348442938,0.0002545052183851036,0.00028342658386481374,0.0006971145921506859,-0.00022182982342759254,0.0006666105437705815,-0.0006252231798652623,0.0008891788023902582,0.00022424766847716328,4.8828125
-0.00027567767706552425,0.0001278204802329751,-0.0003655435661231518,-0.0003877323698346447,-0.00152042862139277,0.0002535313484435534,0.00025450521838582145,0.0002834265838655692,0.0006971145921514037,-0.0002218298234270132,0.0006666105437714243,-0.0006252231798645068,0.000889178802390937,0.0002242476684780061,4.890625
-0.0002756776770652937,0.00012782048023324643,-0.0003655435661229212,-0.00038773236983440296,-0.00152042862139247,0.00025353134844378536,0.00025450521838605786,0.00028342658386581093,0.0006971145921517358,-0.00022182982342674188,0.000666610543771765,-0.0006252231798642651,0.0008891788023911677,0.00022424766847834682,4.8984375
-0.00027567767706567815,0.00012782048023289678,-0.0003655435661233057,-0.00038773236983475934,-0.0015204286213929268,0.00025353134844340595,0.00025450521838568007,0.0002834265838654545,0.000697114592151358,-0.00022182982342709156,0.0006666105437713346,-0.0006252231798646214,0.0008891788023907833,0.00022424766847791645,4.90625
-0.0002756776770666238,0.000127820480231926,-0.00036554356612425134,-0.00038773236983569257,-0.0015204286213939037,0.000253531348442456,0.00025450521838464905,0.00028342658386452127,0.0006971145921502552,-0.00022182982342806233,0.0006666105437701152,-0.0006252231798655548,0.0008891788023898375,0.00022424766847669705,4.9140625
-0.00027567767706636337,0.0001278204802322196,-0.00036554356612399086,-0.0003877323698355215,-0.0015204286213936422,0.00025353134844264993,0.00025450521838487657,0.0002834265838646924,0.0006971145921505186,-0.00022182982342776873,0.0006666105437705217,-0.0006252231798653836,0.000889178802390098,0.00022424766847710352,4.921875
-0.0002756776770655216,0.00012782048023304995,-0.00036554356612314914,-0.00038773236983470985,-0.001520428621392749,0.00025353134844357747,0.00025450521838584465,0.000283426583865504,0.0006971145921514508,-0.00022182982342693834,0.0006666105437713824,-0.000625223179864572,0.0008891788023909398,0.00022424766847796426,4.9296875
-0.00027567767706600536,0.00012782048023253883,-0.0003655435661236329,-0.0003877323698349834,-0.0015204286213932271,0.0002535313484431427,0.00025450521838543417,0.00028342658386523045,0.0006971145921510284,-0.00022182982342744946,0.0006666105437711195,-0.0006252231798648456,0.000889178802390456,0.00022424766847770126,4.9375
-0.000275677677065872,0.00012782048023272366,-0.0003655435661234995,-0.00038773236983503717,-0.0015204286213929604,0.000253531348443183,0.00025450521838549527,0.0002834265838651767,0.0006971145921511016,-0.00022182982342726468,0.0006666105437710955,-0.0006252231798648993,0.0008891788023905894,0.00022424766847767736,4.9453125
-0.00027567767706610815,0.00012782048023229727,-0.0003655435661237357,-0.00038773236983526187,-0.001520428621393285,0.0002535313484429271,0.0002545052183851053,0.00028342658386495197,0.0006971145921508311,-0.00022182982342769107,0.0006666105437707608,-0.000625223179865124,0.0008891788023903533,0.0002242476684773426,4.953125
-0.0002756776770670306,0.0001278204802314226,-0.00036554356612465813,-0.0003877323698362225,-0.0015204286213941949,0.00025353134844196005,0.0002545052183843644,0.00028342658386399137,0.0006971145921499587,-0.00022182982342856575,0.0006666105437699479,-0.0006252231798660846,0.0008891788023894307,0.0002242476684765297,4.9609375
-0.0002756776770675685,0.000127820480230876,-0.000365543566125196,-0.0003877323698367017,-0.001520428621394673,0.00025353134844139096,0.00025450521838387867,0.0002834265838635122,0.000697114592149461,-0.0002218298234291123,0.0006666105437695175,-0.0006252231798665639,0.0008891788023888929,0.00022424766847609933,4.96875
-0.0002756776770676771,0.00012782048023095486,-0.00036554356612530464,-0.000387732369836764,-0.001520428621394853,0.0002535313484415197,0.00025450521838391114,0.00028342658386344986,0.0006971145921494934,-0.00022182982342903347,0.000666610543769374,-0.0006252231798666261,0.0008891788023887842,0.00022424766847595586,4.9765625
-0.00027567767706652133,0.00012782048023180745,-0.0003655435661241489,-0.000387732369836146,-0.0015204286213936998,0.00025353134844199665,0.0002545052183845603,0.0002834265838640679,0.0006971145921500948,-0.00022182982342818089,0.0006666105437701391,-0.0006252231798660081,0.0008891788023899399,0.00022424766847672095,4.984375
-0.0002756776770668173,0.00012782048023174853,-0.00036554356612444487,-0.0003877323698358542,-0.0015204286213939939,0.0002535313484424299,0.00025450521838453526,0.0002834265838643596,0.0006971145921501893,-0.00022182982342823984,0.0006666105437700076,-0.0006252231798657163,0.000889178802389644,0.00022424766847658947,4.9921875
-0.00027567767706750823,0.0001278204802311017,-0.0003655435661251358,-0.00038773236983652816,-0.0015204286213947118,0.0002535313484417832,0.00025450521838396714,0.00028342658386368573,0.000697114592149645,-0.00022182982342888665,0.0006666105437695653,-0.0006252231798663903,0.000889178802388953,0.00022424766847614714,5.0
