AF3,AF4,F3,F4,F7,F8,FC5,FC6,O1,O2,P7,P8,T7,T8,time
0.0006030663095600464,-2.540127846631329e-05,0.0012305412777935255,-5.892599378517192e-05,7.71847220308504e-08,-0.00016619097153388395,0.00011469701434794803,-0.0004067758008705162,-6.921072433998194e-05,-0.00021067182270330316,-0.0003507145213821279,-0.00015868874971702282,-0.00033060023885430066,-0.0001712016847904498,0.0
0.0006030663095626493,-2.5401278463710508e-05,0.0012305412777962477,-5.8925993782532e-05,7.718472467077098e-08,-0.00016619097153120806,0.00011469701435062624,-0.000406775800867838,-6.921072433701129e-05,-0.00021067182270070037,-0.00035071452137915715,-0.00015868874971416706,-0.0003306002388515992,-0.0001712016847879246,0.0078125
0.0006030663095625753,-2.5401278463784488e-05,0.0012305412777961723,-5.892599378238317e-05,7.718472481960111e-08,-0.000166190971531074,0.00011469701435071558,-0.00040677580086774864,-6.921072433700278e-05,-0.00021067182270077434,-0.00035071452137936136,-0.00015868874971422463,-0.0003306002388517524,-0.00017120168478801745,0.015625
0.0006030663095618141,-2.5401278464545706e-05,0.001230541277795401,-5.892599378306547e-05,7.718472413729504e-08,-0.00016619097153178702,0.00011469701434991546,-0.00040677580086854873,-6.92107243377784e-05,-0.00021067182270153556,-0.00035071452138015977,-0.0001586887497148661,-0.0003306002388522469,-0.00017120168478877872,0.0234375
0.0006030663095610782,-2.5401278465281574e-05,0.001230541277794914,-5.892599378347176e-05,7.718472373100209e-08,-0.0001661909715323169,0.00011469701434926138,-0.0004067758008692029,-6.921072433805931e-05,-0.00021067182270227144,-0.00035071452138082823,-0.0001586887497155833,-0.00033060023885260774,-0.00017120168478918722,0.03125
0.0006030663095614903,-2.5401278464869466e-05,0.0012305412777950861,-5.892599378350528e-05,7.718472369748859e-08,-0.00016619097153217053,0.00011469701434953074,-0.0004067758008689335,-6.921072433800709e-05,-0.00021067182270185933,-0.0003507145213805683,-0.00015868874971518537,-0.0003306002388528041,-0.00017120168478903866,0.0390625
0.0006030663095624036,-2.5401278463956137e-05,0.0012305412777960827,-5.892599378275906e-05,7.718472444370843e-08,-0.0001661909715312207,0.00011469701435048185,-0.00040677580086798234,-6.921072433708411e-05,-0.000210671822700946,-0.0003507145213797513,-0.0001586887497144663,-0.00033060023885219737,-0.00017120168478837024,0.046875
0.0006030663095632714,-2.540127846308844e-05,0.0012305412777969366,-5.892599378184494e-05,7.718472535782655e-08,-0.00016619097153029218,0.00011469701435130731,-0.0004067758008671569,-6.921072433613776e-05,-0.00021067182270007829,-0.0003507145213786372,-0.00015868874971370123,-0.00033060023885123205,-0.000171201684787479,0.0546875
0.0006030663095631022,-2.540127846325757e-05,0.0012305412777966766,-5.892599378230187e-05,7.718472490089698e-08,-0.00016619097153078684,0.00011469701435088809,-0.0004067758008675761,-6.921072433658611e-05,-0.00021067182270024742,-0.00035071452137915715,-0.0001586887497140296,-0.0003306002388516644,-0.00017120168478799888,0.0625
0.0006030663095609166,-2.5401278465443175e-05,0.0012305412777943745,-5.892599378426467e-05,7.718472293810459e-08,-0.00016619097153294365,0.00011469701434882222,-0.000406775800869642,-6.921072433878358e-05,-0.00021067182270243304,-0.00035071452138109744,-0.000158688749715979,-0.0003306002388536795,-0.00017120168478969782,0.0703125
0.0006030663095596002,-2.5401278466759627e-05,0.0012305412777931471,-5.892599378565538e-05,7.718472154738463e-08,-0.00016619097153425827,0.00011469701434755968,-0.0004067758008709045,-6.921072434000613e-05,-0.00021067182270374948,-0.00035071452138242504,-0.0001586887497172562,-0.0003306002388548035,-0.00017120168479104397,0.078125
0.0006030663095597652,-2.540127846659461e-05,0.0012305412777934798,-5.892599378556464e-05,7.718472163812529e-08,-0.00016619097153405157,0.0001146970143477758,-0.0004067758008706884,-6.921072433991794e-05,-0.0002106718227035845,-0.0003507145213822022,-0.00015868874971717054,-0.00033060023885465547,-0.00017120168479074687,0.0859375
0.0006030663095607505,-2.540127846560927e-05,0.0012305412777944757,-5.892599378428222e-05,7.718472292055012e-08,-0.0001661909715330066,0.000114697014348553,-0.0004067758008699112,-6.921072433894922e-05,-0.00021067182270259914,-0.00035071452138138524,-0.0001586887497160699,-0.00033060023885371216,-0.0001712016847897071,0.09375
0.0006030663095609918,-2.5401278465367935e-05,0.0012305412777946839,-5.8925993784059455e-05,7.718472314331775e-08,-0.00016619097153276828,0.00011469701434903872,-0.00040677580086942547,-6.921072433859687e-05,-0.0002106718227023578,-0.00035071452138093963,-0.00015868874971582933,-0.0003306002388532552,-0.00017120168478955856,0.1015625
0.0006030663095607612,-2.540127846559854e-05,0.0012305412777944284,-5.892599378427149e-05,7.718472293127652e-08,-0.00016619097153292565,0.000114697014348902,-0.00040677580086956224,-6.921072433875882e-05,-0.0002106718227025884,-0.0003507145213812367,-0.00015868874971603403,-0.00033060023885339335,-0.00017120168478966996,0.109375
0.0006030663095616657,-2.5401278464694147e-05,0.0012305412777954064,-5.892599378325569e-05,7.718472394707492e-08,-0.00016619097153195092,0.0001146970143497732,-0.00040677580086869103,-6.921072433774083e-05,-0.00021067182270168402,-0.00035071452138012263,-0.00015868874971508812,-0.0003306002388525274,-0.00017120168478874158,0.1171875
0.0006030663095621922,-2.5401278464167594e-05,0.0012305412777957974,-5.892599378294266e-05,7.71847242601044e-08,-0.0001661909715315313,0.00011469701435008175,-0.00040677580086838247,-6.921072433749218e-05,-0.00021067182270115745,-0.00035071452137989983,-0.0001586887497147553,-0.00033060023885229646,-0.00017120168478851878,0.125
0.0006030663095627202,-2.5401278463639672e-05,0.0012305412777963442,-5.892599378257256e-05,7.718472463020047e-08,-0.0001661909715310552,0.00011469701435057793,-0.0004067758008678863,-6.921072433688287e-05,-0.00021067182270062955,-0.0003507145213794542,-0.00015868874971416673,-0.00033060023885163727,-0.00017120168478777607,0.1328125
0.0006030663095615291,-2.5401278464830763e-05,0.0012305412777951,-5.892599378341087e-05,7.718472379189498e-08,-0.0001661909715322608,0.00011469701434953132,-0.0004067758008689329,-6.92107243378637e-05,-0.00021067182270182063,-0.0003507145213805683,-0.0001586887497152344,-0.00033060023885265365,-0.0001712016847889644,0.140625
0.0006030663095608673,-2.5401278465492465e-05,0.001230541277794229,-5.8925993784300026e-05,7.718472290273993e-08,-0.00016619097153296007,0.0001146970143490627,-0.0004067758008694015,-6.921072433870826e-05,-0.00021067182270248231,-0.00035071452138120423,-0.00015868874971601348,-0.00033060023885363507,-0.00017120168478975352,0.1484375
0.0006030663095614253,-2.5401278464934437e-05,0.0012305412777951275,-5.892599378373736e-05,7.718472346540726e-08,-0.00016619097153201917,0.0001146970143494537,-0.0004067758008690105,-6.921072433795497e-05,-0.0002106718227019243,-0.00035071452138049397,-0.00015868874971529468,-0.00033060023885284653,-0.00017120168478911292,0.15625
0.0006030663095626465,-2.5401278463713262e-05,0.0012305412777961044,-5.892599378260902e-05,7.718472459374333e-08,-0.0001661909715309531,0.00011469701435055146,-0.0004067758008679127,-6.921072433683125e-05,-0.00021067182270070314,-0.00035071452137937995,-0.00015868874971428697,-0.0003306002388519122,-0.0001712016847879246,0.1640625
0.000603066309561238,-2.5401278465121797e-05,0.0012305412777948398,-5.892599378379475e-05,7.718472340802202e-08,-0.00016619097153214353,0.00011469701434933333,-0.0004067758008691309,-6.921072433806798e-05,-0.00021067182270211165,-0.00035071452138064256,-0.00015868874971546333,-0.000330600238853149,-0.00017120168478926149,0.171875
0.0006030663095609456,-2.540127846541419e-05,0.0012305412777947576,-5.892599378412426e-05,7.718472307849526e-08,-0.00016619097153262503,0.00011469701434889581,-0.0004067758008695684,-6.921072433874221e-05,-0.00021067182270240406,-0.0003507145213809025,-0.00015868874971596236,-0.0003306002388533683,-0.00017120168478963283,0.1796875
0.000603066309562147,-2.5401278464212737e-05,0.0012305412777958767,-5.892599378288568e-05,7.718472431708173e-08,-0.00016619097153164447,0.0001146970143500582,-0.000406775800868406,-6.921072433772338e-05,-0.0002106718227012026,-0.0003507145213797513,-0.00015868874971471764,-0.0003306002388521539,-0.00017120168478837024,0.1875
0.0006030663095618369,-2.5401278464522948e-05,0.001230541277795512,-5.8925993783270156e-05,7.718472393260359e-08,-0.00016619097153207309,0.00011469701434994065,-0.0004067758008685236,-6.921072433791006e-05,-0.00021067182270151282,-0.00035071452138012263,-0.00015868874971507787,-0.00033060023885262725,-0.00017120168478904795,0.1953125
0.000603066309560443,-2.5401278465916697e-05,0.0012305412777941238,-5.892599378436683e-05,7.718472283593538e-08,-0.00016619097153341915,0.00011469701434864776,-0.0004067758008698165,-6.921072433899607e-05,-0.00021067182270290654,-0.00035071452138160804,-0.0001586887497164132,-0.0003306002388536709,-0.00017120168479037553,0.203125
0.0006030663095593682,-2.5401278466991517e-05,0.0012305412777930155,-5.8925993785590186e-05,7.718472161257537e-08,-0.00016619097153431202,0.00011469701434765097,-0.00040677580087081325,-6.92107243401637e-05,-0.00021067182270398139,-0.00035071452138264785,-0.00015868874971733943,-0.0003306002388546975,-0.0001712016847909697,0.2109375
0.000603066309560761,-2.5401278465598778e-05,0.0012305412777945117,-5.892599378427172e-05,7.718472293104449e-08,-0.00016619097153284265,0.0001146970143490042,-0.00040677580086946,-6.921072433884242e-05,-0.00021067182270258865,-0.0003507145213810139,-0.00015868874971579252,-0.000330600238853403,-0.00017120168478963283,0.21875
0.0006030663095627952,-2.540127846356456e-05,0.0012305412777963622,-5.892599378277597e-05,7.718472442679876e-08,-0.0001661909715309384,0.00011469701435040707,-0.0004067758008680571,-6.921072433700423e-05,-0.0002106718227005544,-0.0003507145213792314,-0.00015868874971428033,-0.0003306002388518639,-0.0001712016847879246,0.2265625
0.000603066309562464,-2.5401278463895842e-05,0.001230541277796224,-5.892599378292157e-05,7.718472428119125e-08,-0.00016619097153127514,0.00011469701435030411,-0.0004067758008681601,-6.92107243370952e-05,-0.00021067182270088572,-0.0003507145213795285,-0.00015868874971444662,-0.00033060023885220935,-0.00017120168478814741,0.234375
0.0006030663095610802,-2.5401278465279538e-05,0.0012305412777947433,-5.892599378415383e-05,7.718472304893774e-08,-0.00016619097153282368,0.00011469701434901708,-0.00040677580086944716,-6.921072433856619e-05,-0.0002106718227022694,-0.00035071452138093963,-0.00015868874971567388,-0.0003306002388535098,-0.00017120168478955856,0.2421875
0.0006030663095598931,-2.5401278466466675e-05,0.0012305412777936955,-5.8925993785436697e-05,7.718472176606576e-08,-0.00016619097153372693,0.00011469701434800412,-0.00040677580087046007,-6.921072433952381e-05,-0.00021067182270345652,-0.0003507145213819794,-0.00015868874971691868,-0.00033060023885437536,-0.0001712016847906726,0.25
0.0006030663095618398,-2.5401278464519997e-05,0.0012305412777955207,-5.892599378334148e-05,7.718472386128217e-08,-0.00016619097153187178,0.0001146970143498938,-0.0004067758008685704,-6.921072433771196e-05,-0.00021067182270150987,-0.00035071452138012263,-0.000158688749715056,-0.00033060023885260774,-0.00017120168478889012,0.2578125
0.0006030663095615611,-2.540127846479865e-05,0.0012305412777951824,-5.8925993783898654e-05,7.718472330411581e-08,-0.00016619097153237048,0.00011469701434925962,-0.0004067758008692046,-6.92107243380272e-05,-0.0002106718227017885,-0.00035071452138049397,-0.00015868874971527788,-0.00033060023885308354,-0.00017120168478911292,0.265625
0.0006030663095608909,-2.5401278465468897e-05,0.0012305412777940427,-5.8925993784513193e-05,7.718472268957111e-08,-0.0001661909715334974,0.00011469701434865612,-0.00040677580086980814,-6.921072433891208e-05,-0.00021067182270245873,-0.00035071452138138524,-0.00015868874971613597,-0.0003306002388539555,-0.00017120168479000416,0.2734375
0.0006030663095612918,-2.540127846506796e-05,0.001230541277795066,-5.892599378344382e-05,7.718472375894179e-08,-0.000166190971532173,0.00011469701434969323,-0.00040677580086877094,-6.921072433805866e-05,-0.00021067182270205785,-0.00035071452138049397,-0.00015868874971534998,-0.00033060023885294964,-0.00017120168478885299,0.28125
0.0006030663095641957,-2.5401278462164097e-05,0.0012305412777978478,-5.8925993780242873e-05,7.718472695988625e-08,-0.0001661909715291793,0.00011469701435287864,-0.0004067758008655856,-6.921072433551003e-05,-0.00021067182269915398,-0.00035071452137737467,-0.0001586887497123396,-0.00033060023884952074,-0.00017120168478629066,0.2890625
0.0006030663095655986,-2.540127846076116e-05,0.0012305412777992631,-5.892599377883995e-05,7.71847283628208e-08,-0.00016619097152759232,0.00011469701435383755,-0.00040677580086462663,-6.921072433320257e-05,-0.00021067182269775105,-0.00035071452137618633,-0.00015868874971139288,-0.00033060023884815546,-0.00017120168478480525,0.296875
0.0006030663095627841,-2.5401278463575626e-05,0.0012305412777968354,-5.8925993781930604e-05,7.718472527216566e-08,-0.00016619097153041548,0.00011469701435141012,-0.0004067758008670541,-6.921072433633146e-05,-0.00021067182270056547,-0.0003507145213787115,-0.0001586887497137616,-0.0003306002388510881,-0.000171201684787479,0.3046875
0.0006030663095590945,-2.5401278467265295e-05,0.0012305412777928368,-5.8925993786031077e-05,7.718472117168582e-08,-0.00016619097153460098,0.00011469701434726237,-0.00040677580087120183,-6.921072434052396e-05,-0.00021067182270425515,-0.0003507145213827964,-0.00015868874971767475,-0.0003306002388552239,-0.00017120168479148958,0.3125
0.0006030663095582847,-2.5401278468075015e-05,0.0012305412777916548,-5.892599378711931e-05,7.718472008345404e-08,-0.00016619097153573495,0.0001146970143462756,-0.0004067758008721886,-6.921072434186735e-05,-0.00021067182270506488,-0.0003507145213839104,-0.00015868874971880912,-0.0003306002388565749,-0.00017120168479256649,0.3203125
0.0006030663095589724,-2.5401278467387305e-05,0.0012305412777921785,-5.892599378710003e-05,7.718472010273336e-08,-0.00016619097153533526,0.00011469701434669433,-0.0004067758008717699,-6.921072434121355e-05,-0.00021067182270437715,-0.00035071452138331626,-0.00015868874971844917,-0.00033060023885593374,-0.00017120168479223228,0.328125
0.00060306630955757,-2.540127846878974e-05,0.0012305412777920586,-5.892599378775976e-05,7.718471944300093e-08,-0.0001661909715363725,0.00011469701434481523,-0.000406775800873649,-6.921072434215872e-05,-0.00021067182270577962,-0.0003507145213842075,-0.0001586887497196798,-0.00033060023885749906,-0.00017120168479312352,0.3359375
0.0006030663095593037,-2.540127846705611e-05,0.0012305412777930318,-5.892599378561765e-05,7.718472158511881e-08,-0.00016619097153450286,0.00011469701434722986,-0.00040677580087123435,-6.921072434096688e-05,-0.00021067182270404598,-0.00035071452138264785,-0.00015868874971795282,-0.00033060023885518787,-0.0001712016847911925,0.34375
0.0006030663095600983,-2.5401278466261348e-05,0.001230541277793766,-5.8925993784887873e-05,7.718472231489036e-08,-0.00016619097153363062,0.00011469701434840203,-0.00040677580087006217,-6.921072433956325e-05,-0.0002106718227032512,-0.00035071452138183085,-0.0001586887497166366,-0.0003306002388540826,-0.00017120168479052407,0.3515625
0.0006030663095616086,-2.540127846475106e-05,0.0012305412777948324,-5.8925993783424004e-05,7.718472377876054e-08,-0.00016619097153235436,0.00011469701434976571,-0.0004067758008686985,-6.921072433758873e-05,-0.0002106718227017409,-0.00035071452138049397,-0.000158688749715544,-0.0003306002388530217,-0.00017120168478911292,0.359375
0.0006030663095636027,-2.5401278462757047e-05,0.0012305412777973935,-5.8925993781355726e-05,7.718472584704137e-08,-0.00016619097153049294,0.00011469701435189234,-0.00040677580086657185,-6.921072433646179e-05,-0.0002106718226997469,-0.0003507145213784887,-0.0001586887497133531,-0.0003306002388508862,-0.00017120168478708907,0.3671875
0.0006030663095644041,-2.5401278461955598e-05,0.0012305412777981514,-5.892599378093142e-05,7.718472627134013e-08,-0.00016619097152916054,0.00011469701435244861,-0.00040677580086601566,-6.921072433496569e-05,-0.00021067182269894546,-0.00035071452137759747,-0.00015868874971234487,-0.0003306002388497753,-0.0001712016847859936,0.375
0.0006030663095636429,-2.5401278462716847e-05,0.0012305412777973792,-5.892599378131552e-05,7.718472588724116e-08,-0.00016619097152982803,0.00011469701435179059,-0.0004067758008666736,-6.921072433570412e-05,-0.00021067182269970673,-0.0003507145213781916,-0.000158688749712992,-0.000330600238850452,-0.00017120168478688483,0.3828125
0.000603066309562466,-2.5401278463893704e-05,0.0012305412777961315,-5.892599378256201e-05,7.71847246407559e-08,-0.0001661909715310778,0.00011469701435061932,-0.0004067758008678449,-6.921072433700862e-05,-0.00021067182270088358,-0.0003507145213794542,-0.00015868874971438932,-0.0003306002388518745,-0.00017120168478814741,0.390625
0.0006030663095630752,-2.5401278463284552e-05,0.0012305412777967142,-5.8925993782013206e-05,7.718472518956609e-08,-0.00016619097153064186,0.00011469701435107907,-0.0004067758008673851,-6.921072433647136e-05,-0.00021067182270027442,-0.00035071452137893435,-0.0001586887497137174,-0.0003306002388512751,-0.00017120168478751614,0.3984375
0.000603066309562636,-2.540127846372376e-05,0.0012305412777962915,-5.892599378245473e-05,7.718472474803726e-08,-0.00016619097153121405,0.00011469701435037598,-0.0004067758008680882,-6.921072433692206e-05,-0.0002106718227007136,-0.0003507145213793057,-0.00015868874971414014,-0.0003306002388516874,-0.00017120168478785034,0.40625
0.0006030663095606915,-2.5401278465668204e-05,0.0012305412777943467,-5.892599378448969e-05,7.718472271307365e-08,-0.000166190971532917,0.00011469701434853118,-0.00040677580086993304,-6.921072433880599e-05,-0.00021067182270265806,-0.0003507145213812367,-0.00015868874971605872,-0.0003306002388536473,-0.0001712016847898185,0.4140625
0.0006030663095587414,-2.540127846761841e-05,0.001230541277792504,-5.8925993786439895e-05,7.718472076286584e-08,-0.0001661909715349765,0.0001146970143466903,-0.0004067758008717739,-6.921072434077385e-05,-0.00021067182270460827,-0.000350714521383242,-0.00015868874971819276,-0.00033060023885572064,-0.00017120168479186094,0.421875
0.0006030663095581739,-2.540127846818587e-05,0.0012305412777919122,-5.8925993787100195e-05,7.718472010256923e-08,-0.00016619097153550404,0.00011469701434613862,-0.00040677580087232555,-6.921072434160899e-05,-0.00021067182270517574,-0.0003507145213836876,-0.00015868874971872,-0.0003306002388564914,-0.00017120168479245508,0.4296875
0.000603066309559475,-2.5401278466884767e-05,0.0012305412777931324,-5.892599378563198e-05,7.718472157078451e-08,-0.00016619097153429887,0.0001146970143475171,-0.00040677580087094715,-6.921072434018238e-05,-0.00021067182270387462,-0.0003507145213823879,-0.00015868874971748353,-0.00033060023885496853,-0.0001712016847911925,0.4375
0.000603066309561165,-2.5401278465194737e-05,0.001230541277794757,-5.8925993783719144e-05,7.718472348362024e-08,-0.00016619097153252856,0.00011469701434927535,-0.00040677580086918884,-6.921072433853697e-05,-0.00021067182270218462,-0.00035071452138093963,-0.0001586887497157342,-0.00033060023885302895,-0.00017120168478941002,0.4453125
0.0006030663095620229,-2.5401278464336872e-05,0.001230541277795711,-5.8925993782749874e-05,7.718472445289106e-08,-0.0001661909715315868,0.00011469701435027217,-0.00040677580086819203,-6.92107243374905e-05,-0.00021067182270132674,-0.00035071452137982556,-0.00015868874971472195,-0.0003306002388519203,-0.00017120168478840738,0.453125
0.0006030663095617574,-2.5401278464602335e-05,0.0012305412777952917,-5.892599378334955e-05,7.718472385321485e-08,-0.00016619097153204669,0.0001146970143496441,-0.0004067758008688201,-6.921072433780475e-05,-0.0002106718227015922,-0.00035071452138023403,-0.0001586887497151221,-0.0003306002388525352,-0.00017120168478889012,0.4609375
0.0006030663095605672,-2.5401278465792593e-05,0.0012305412777943532,-5.8925993784632645e-05,7.718472257011769e-08,-0.00016619097153310763,0.00011469701434841737,-0.00040677580087004683,-6.921072433891624e-05,-0.00021067182270278245,-0.00035071452138138524,-0.0001586887497162477,-0.0003306002388538433,-0.00017120168478985563,0.46875
0.0006030663095598273,-2.540127846653249e-05,0.001230541277793637,-5.892599378535398e-05,7.718472184879093e-08,-0.0001661909715335418,0.00011469701434791019,-0.000406775800870554,-6.921072433947734e-05,-0.00021067182270352236,-0.00035071452138183085,-0.00015868874971687136,-0.0003306002388544565,-0.00017120168479074687,0.4765625
0.000603066309561878,-2.540127846448189e-05,0.0012305412777956948,-5.892599378337765e-05,7.718472382511848e-08,-0.00016619097153179767,0.00011469701435004446,-0.00040677580086841977,-6.921072433768559e-05,-0.00021067182270147176,-0.00035071452137989983,-0.00015868874971481856,-0.0003306002388526072,-0.00017120168478866732,0.484375
0.0006030663095639565,-2.5401278462403258e-05,0.0012305412777976028,-5.8925993781299015e-05,7.718472590375133e-08,-0.00016619097152991785,0.0001146970143518763,-0.0004067758008665879,-6.921072433557077e-05,-0.0002106718226993931,-0.00035071452137811735,-0.00015868874971289036,-0.00033060023885059475,-0.0001712016847867363,0.4921875
0.000603066309563373,-2.540127846298683e-05,0.0012305412777970826,-5.8925993781511234e-05,7.718472569152766e-08,-0.00016619097153022886,0.00011469701435154003,-0.0004067758008669241,-6.921072433621088e-05,-0.00021067182269997672,-0.0003507145213782659,-0.0001586887497134013,-0.0003306002388509142,-0.000171201684787479,0.5
0.0006030663095622671,-2.5401278464092655e-05,0.0012305412777959249,-5.8925993782765595e-05,7.71847244371645e-08,-0.00016619097153147653,0.00011469701435026969,-0.0004067758008681946,-6.92107243373359e-05,-0.00021067182270108253,-0.00035071452137960276,-0.00015868874971473122,-0.0003306002388518693,-0.00017120168478837024,0.5078125
0.0006030663095628043,-2.5401278463555453e-05,0.0012305412777965142,-5.892599378220983e-05,7.718472499293618e-08,-0.0001661909715308582,0.00011469701435089286,-0.0004067758008675713,-6.921072433660548e-05,-0.0002106718227005453,-0.00035071452137915715,-0.00015868874971401183,-0.0003306002388514257,-0.00017120168478777607,0.515625
0.0006030663095636982,-2.540127846266155e-05,0.001230541277797378,-5.892599378142734e-05,7.718472577543134e-08,-0.0001661909715299666,0.0001146970143517798,-0.00040677580086668445,-6.921072433582995e-05,-0.0002106718226996514,-0.00035071452137811735,-0.00015868874971313186,-0.0003306002388506409,-0.00017120168478688483,0.5234375
0.0006030663095630964,-2.5401278463263393e-05,0.0012305412777965517,-5.892599378215915e-05,7.718472504361274e-08,-0.00016619097153071323,0.00011469701435102563,-0.00040677580086743856,-6.921072433647927e-05,-0.00021067182270025328,-0.00035071452137899,-0.0001586887497139215,-0.0003306002388514705,-0.00017120168478766467,0.53125
0.0006030663095604401,-2.5401278465919726e-05,0.0012305412777940958,-5.892599378436986e-05,7.718472283290576e-08,-0.00016619097153290407,0.00011469701434864654,-0.0004067758008698177,-6.92107243385401e-05,-0.0002106718227029096,-0.0003507145213814595,-0.0001586887497162038,-0.00033060023885371167,-0.00017120168478978136,0.5390625
0.0006030663095592265,-2.540127846713317e-05,0.0012305412777927534,-5.8925993785880386e-05,7.718472132237802e-08,-0.00016619097153453498,0.00011469701434718212,-0.00040677580087128206,-6.921072434029733e-05,-0.00021067182270412304,-0.0003507145213825736,-0.0001586887497177621,-0.0003306002388553119,-0.00017120168479126677,0.546875
0.0006030663095579282,-2.5401278468431615e-05,0.0012305412777915627,-5.892599378736451e-05,7.718471983825716e-08,-0.00016619097153599573,0.00011469701434587887,-0.0004067758008725854,-6.921072434191202e-05,-0.00021067182270542148,-0.00035071452138413326,-0.00015868874971898748,-0.00033060023885660253,-0.00017120168479267792,0.5546875
0.000603066309557543,-2.5401278468816816e-05,0.0012305412777913385,-5.892599378762902e-05,7.718471957374694e-08,-0.000166190971536344,0.0001146970143457074,-0.0004067758008727568,-6.92107243421362e-05,-0.00021067182270580667,-0.0003507145213842818,-0.0001586887497191713,-0.00033060023885673714,-0.00017120168479282645,0.5625
0.0006030663095588105,-2.5401278467549268e-05,0.0012305412777924762,-5.892599378613866e-05,7.718472106410399e-08,-0.00016619097153485965,0.00011469701434668386,-0.00040677580087178036,-6.921072434074978e-05,-0.00021067182270453915,-0.0003507145213830192,-0.00015868874971788885,-0.0003306002388555242,-0.00017120168479148958,0.5703125
0.0006030663095607734,-2.5401278465586445e-05,0.0012305412777944673,-5.892599378416656e-05,7.71847230362093e-08,-0.00016619097153280213,0.00011469701434865412,-0.0004067758008698101,-6.921072433856518e-05,-0.00021067182270257631,-0.0003507145213812367,-0.0001586887497158631,-0.00033060023885348643,-0.0001712016847897071,0.578125
0.0006030663095614732,-2.540127846488656e-05,0.0012305412777950029,-5.892599378374518e-05,7.718472345758525e-08,-0.00016619097153255894,0.00011469701434903088,-0.0004067758008694334,-6.921072433826969e-05,-0.0002106718227018764,-0.0003507145213804197,-0.00015868874971547068,-0.00033060023885294503,-0.0001712016847894843,0.5859375
0.0006030663095625855,-2.540127846377427e-05,0.0012305412777961857,-5.8925993782261536e-05,7.718472494122639e-08,-0.00016619097153105253,0.00011469701435049173,-0.0004067758008679725,-6.921072433710199e-05,-0.00021067182270076412,-0.00035071452137960276,-0.00015868874971421043,-0.0003306002388516951,-0.00017120168478807315,0.59375
0.00060306630956457,-2.540127846178976e-05,0.0012305412777983494,-5.8925993780277026e-05,7.718472692573634e-08,-0.00016619097152910958,0.00011469701435281489,-0.0004067758008656493,-6.921072433480554e-05,-0.0002106718226987796,-0.00035071452137737467,-0.00015868874971223333,-0.0003306002388494707,-0.0001712016847856965,0.6015625
0.0006030663095659318,-2.5401278460427957e-05,0.0012305412777996062,-5.89259937789895e-05,7.718472821326623e-08,-0.00016619097152776354,0.00011469701435419248,-0.0004067758008642717,-6.921072433366192e-05,-0.00021067182269741784,-0.00035071452137618633,-0.00015868874971082511,-0.0003306002388483494,-0.00017120168478480525,0.609375
0.0006030663095645651,-2.5401278461794607e-05,0.0012305412777982925,-5.892599378044899e-05,7.7184726753778e-08,-0.00016619097152933027,0.00011469701435270094,-0.0004067758008657633,-6.921072433521966e-05,-0.00021067182269878448,-0.00035071452137744894,-0.00015868874971237902,-0.0003306002388497796,-0.0001712016847862164,0.6171875
0.0006030663095621782,-2.5401278464181573e-05,0.001230541277795843,-5.892599378324444e-05,7.718472395832797e-08,-0.00016619097153179065,0.00011469701435028527,-0.0004067758008681789,-6.9210724337571e-05,-0.0002106718227011714,-0.0003507145213797513,-0.00015868874971474114,-0.000330600238852615,-0.00017120168478851878,0.625
0.00060306630955917,-2.5401278467189665e-05,0.0012305412777930023,-5.892599378603437e-05,7.718472116840188e-08,-0.00016619097153469208,0.00011469701434725409,-0.0004067758008712101,-6.92107243406373e-05,-0.00021067182270417955,-0.0003507145213825736,-0.00015868874971762428,-0.0003306002388554034,-0.00017120168479148958,0.6328125
0.0006030663095590432,-2.5401278467316547e-05,0.0012305412777928548,-5.8925993786175174e-05,7.718472102759404e-08,-0.0001661909715350147,0.00011469701434718365,-0.00040677580087128054,-6.921072434053065e-05,-0.0002106718227043064,-0.00035071452138309345,-0.0001586887497178597,-0.0003306002388555693,-0.00017120168479156384,0.640625
0.0006030663095593444,-2.5401278467015363e-05,0.0012305412777928878,-5.8925993785669746e-05,7.718472153302401e-08,-0.00016619097153436032,0.00011469701434737304,-0.0004067758008710912,-6.92107243403741e-05,-0.0002106718227040052,-0.000350714521382685,-0.0001586887497175321,-0.00033060023885514417,-0.00017120168479126677,0.6484375
0.0006030663095585273,-2.5401278467832428e-05,0.0012305412777923437,-5.892599378646824e-05,7.718472073452925e-08,-0.0001661909715350412,0.00011469701434680971,-0.0004067758008716545,-6.921072434077373e-05,-0.0002106718227048223,-0.0003507145213834648,-0.00015868874971790425,-0.0003306002388558477,-0.00017120168479178667,0.65625
0.0006030663095604918,-2.5401278465867996e-05,0.0012305412777940848,-5.892599378476375e-05,7.718472243901316e-08,-0.00016619097153356487,0.000114697014348371,-0.0004067758008700932,-6.921072433891775e-05,-0.00021067182270285788,-0.0003507145213816823,-0.00015868874971641664,-0.00033060023885407076,-0.00017120168479015273,0.6640625
0.0006030663095630491,-2.5401278463310647e-05,0.001230541277796644,-5.892599378228067e-05,7.718472492209087e-08,-0.00016619097153065766,0.00011469701435080129,-0.00040677580086766294,-6.921072433629482e-05,-0.00021067182270030052,-0.0003507145213790086,-0.00015868874971380244,-0.0003306002388515082,-0.000171201684787479,0.671875
0.000603066309564283,-2.540127846207676e-05,0.001230541277797912,-5.892599378093538e-05,7.718472626738375e-08,-0.000166190971529264,0.00011469701435213536,-0.0004067758008663289,-6.921072433519509e-05,-0.00021067182269906662,-0.000350714521377746,-0.00015868874971261402,-0.0003306002388500602,-0.00017120168478636493,0.6796875
0.0006030663095615118,-2.540127846484791e-05,0.001230541277795154,-5.892599378352086e-05,7.71847236819096e-08,-0.00016619097153199066,0.00011469701434939398,-0.00040677580086907023,-6.921072433795795e-05,-0.00021067182270183778,-0.00035071452138045684,-0.0001586887497152572,-0.00033060023885279167,-0.00017120168478903866,0.6875
0.0006030663095602786,-2.540127846608117e-05,0.0012305412777939599,-5.892599378500477e-05,7.718472219798742e-08,-0.00016619097153345726,0.00011469701434816197,-0.00040677580087030227,-6.921072433936794e-05,-0.00021067182270307104,-0.0003507145213817566,-0.0001586887497165654,-0.000330600238854047,-0.00017120168479037553,0.6953125
0.000603066309562652,-2.5401278463707818e-05,0.0012305412777962525,-5.892599378252931e-05,7.718472467345974e-08,-0.00016619097153118632,0.00011469701435083269,-0.0004067758008676315,-6.921072433701918e-05,-0.0002106718227006977,-0.0003507145213794542,-0.00015868874971411128,-0.0003306002388517388,-0.00017120168478807315,0.703125
0.0006030663095627199,-2.5401278463639845e-05,0.0012305412777969778,-5.8925993781941446e-05,7.718472526132349e-08,-0.00016619097153051292,0.00011469701435129792,-0.0004067758008671663,-6.921072433633853e-05,-0.00021067182270062968,-0.0003507145213787115,-0.00015868874971411767,-0.0003306002388510729,-0.00017120168478777607,0.7109375
0.0006030663095604164,-2.5401278465943354e-05,0.0012305412777941238,-5.89259937845606e-05,7.718472264216577e-08,-0.00016619097153308413,0.00011469701434866793,-0.0004067758008697963,-6.921072433906377e-05,-0.00021067182270293323,-0.00035071452138138524,-0.0001586887497165312,-0.0003306002388536823,-0.0001712016847904498,0.71875
0.0006030663095592337,-2.540127846712605e-05,0.0012305412777927956,-5.892599378582684e-05,7.71847213759214e-08,-0.00016619097153461115,0.00011469701434722609,-0.0004067758008712381,-6.921072434049357e-05,-0.0002106718227041159,-0.00035071452138287065,-0.00015868874971790178,-0.00033060023885515306,-0.00017120168479160098,0.7265625
0.0006030663095601265,-2.5401278466233216e-05,0.001230541277793747,-5.892599378500828e-05,7.718472219448278e-08,-0.0001661909715336097,0.00011469701434810777,-0.0004067758008703564,-6.92107243394847e-05,-0.00021067182270322307,-0.00035071452138183085,-0.0001586887497167815,-0.0003306002388542007,-0.00017120168479059833,0.734375
0.0006030663095602249,-2.5401278466134916e-05,0.0012305412777940412,-5.892599378477072e-05,7.718472243204082e-08,-0.00016619097153333456,0.00011469701434838669,-0.0004067758008700775,-6.921072433928968e-05,-0.00021067182270312479,-0.00035071452138183085,-0.0001586887497165501,-0.00033060023885398315,-0.00017120168479030126,0.7421875
0.0006030663095605914,-2.5401278465768347e-05,0.0012305412777942914,-5.892599378444129e-05,7.718472276147375e-08,-0.0001661909715330221,0.00011469701434865882,-0.0004067758008698054,-6.921072433890748e-05,-0.00021067182270275822,-0.00035071452138138524,-0.00015868874971619872,-0.0003306002388535758,-0.00017120168478985563,0.75
0.0006030663095617791,-2.54012784645807e-05,0.0012305412777955929,-5.8925993783235075e-05,7.718472396768926e-08,-0.00016619097153157124,0.00011469701434988034,-0.0004067758008685838,-6.921072433747201e-05,-0.00021067182270157055,-0.00035071452138023403,-0.00015868874971484962,-0.0003306002388525294,-0.00017120168478859305,0.7578125
0.0006030663095641347,-2.5401278462225063e-05,0.0012305412777981561,-5.8925993780737866e-05,7.718472646490308e-08,-0.00016619097152930745,0.00011469701435216536,-0.00040677580086629885,-6.921072433496195e-05,-0.00021067182269921494,-0.0003507145213776903,-0.00015868874971260518,-0.00033060023885024005,-0.000171201684786105,0.765625
0.0006030663095634368,-2.5401278462922906e-05,0.0012305412777970273,-5.89259937820229e-05,7.718472517986162e-08,-0.00016619097153051146,0.00011469701435126347,-0.00040677580086720074,-6.921072433635055e-05,-0.00021067182269991278,-0.0003507145213785908,-0.00015868874971329897,-0.00033060023885120716,-0.00017120168478704264,0.7734375
0.0006030663095587082,-2.5401278467651522e-05,0.0012305412777925628,-5.8925993786510145e-05,7.718472069262292e-08,-0.00016619097153500049,0.00011469701434683373,-0.0004067758008716305,-6.921072434085742e-05,-0.00021067182270464137,-0.00035071452138309345,-0.00015868874971795545,-0.0003306002388557755,-0.00017120168479186094,0.78125
0.0006030663095590269,-2.5401278467332793e-05,0.0012305412777924092,-5.892599378645137e-05,7.718472075140222e-08,-0.00016619097153506895,0.0001146970143471126,-0.0004067758008713516,-6.921072434090743e-05,-0.00021067182270432264,-0.00035071452138298205,-0.00015868874971781716,-0.00033060023885549914,-0.00017120168479171238,0.7890625
0.0006030663095627282,-2.540127846363159e-05,0.0012305412777964414,-5.8925993782768726e-05,7.718472443404077e-08,-0.0001661909715312668,0.00011469701435089851,-0.00040677580086756563,-6.921072433689302e-05,-0.00021067182270062147,-0.00035071452137943563,-0.0001586887497143808,-0.00033060023885156625,-0.00017120168478816598,0.796875
0.0006030663095643389,-2.540127846202094e-05,0.0012305412777978981,-5.892599378069388e-05,7.718472650887926e-08,-0.00016619097152931477,0.00011469701435229777,-0.0004067758008661664,-6.921072433516257e-05,-0.0002106718226990108,-0.00035071452137767174,-0.0001586887497126048,-0.0003306002388501017,-0.00017120168478629066,0.8046875
0.0006030663095612011,-2.5401278465158677e-05,0.0012305412777948522,-5.892599378410085e-05,7.71847231019133e-08,-0.00016619097153257876,0.00011469701434895669,-0.0004067758008695075,-6.921072433845247e-05,-0.00021067182270214854,-0.0003507145213809025,-0.0001586887497157266,-0.0003306002388531872,-0.00017120168478941002,0.8125
0.0006030663095589803,-2.540127846737943e-05,0.0012305412777927041,-5.892599378612664e-05,7.718472107611868e-08,-0.0001661909715347152,0.00011469701434679558,-0.00040677580087166863,-6.921072434056376e-05,-0.0002106718227043693,-0.0003507145213829449,-0.00015868874971790018,-0.0003306002388553381,-0.0001712016847916381,0.8203125
0.0006030663095618075,-2.540127846455229e-05,0.0012305412777953194,-5.8925993783448046e-05,7.718472375472052e-08,-0.00016619097153208705,0.00011469701434959885,-0.0004067758008688654,-6.921072433801395e-05,-0.00021067182270154215,-0.0003507145213801969,-0.00015868874971525633,-0.00033060023885270103,-0.00017120168478881585,0.828125
0.0006030663095628174,-2.540127846354239e-05,0.0012305412777965372,-5.892599378191825e-05,7.718472528451131e-08,-0.00016619097153076543,0.00011469701435103977,-0.00040677580086742447,-6.92107243367811e-05,-0.00021067182270053224,-0.0003507145213790086,-0.000158688749713652,-0.00033060023885136437,-0.000171201684787479,0.8359375
0.0006030663095616466,-2.5401278464713127e-05,0.0012305412777955166,-5.892599378327466e-05,7.718472392809888e-08,-0.00016619097153166244,0.00011469701434998522,-0.000406775800868479,-6.921072433730964e-05,-0.000210671822701703,-0.0003507145213804197,-0.00015868874971519084,-0.00033060023885260486,-0.00017120168478881585,0.84375
0.0006030663095593358,-2.5401278467023986e-05,0.001230541277793014,-5.892599378554839e-05,7.718472165437372e-08,-0.0001661909715343986,0.00011469701434756117,-0.000406775800870903,-6.921072434027753e-05,-0.00021067182270401386,-0.000350714521382685,-0.00015868874971746035,-0.00033060023885497075,-0.00017120168479126677,0.8515625
0.0006030663095596434,-2.5401278466716367e-05,0.0012305412777932497,-5.892599378540555e-05,7.718472179720852e-08,-0.00016619097153423035,0.0001146970143476786,-0.0004067758008707856,-6.9210724339852e-05,-0.00021067182270370622,-0.00035071452138242504,-0.00015868874971712227,-0.0003306002388546706,-0.00017120168479074687,0.859375
0.0006030663095608489,-2.5401278465510812e-05,0.001230541277794471,-5.8925993784146625e-05,7.718472305614414e-08,-0.00016619097153290976,0.00011469701434895019,-0.000406775800869514,-6.921072433859402e-05,-0.00021067182270250066,-0.0003507145213807911,-0.00015868874971579217,-0.00033060023885336673,-0.00017120168478985563,0.8671875
0.0006030663095615061,-2.5401278464853694e-05,0.0012305412777951937,-5.8925993783712314e-05,7.718472349045072e-08,-0.0001661909715321811,0.0001146970143494986,-0.0004067758008689656,-6.92107243380427e-05,-0.00021067182270184356,-0.00035071452138049397,-0.00015868874971530948,-0.00033060023885292096,-0.00017120168478911292,0.875
0.0006030663095614537,-2.540127846490609e-05,0.0012305412777951254,-5.8925993783727574e-05,7.718472347518838e-08,-0.00016619097153233977,0.00011469701434944105,-0.0004067758008690231,-6.921072433812683e-05,-0.00021067182270189595,-0.00035071452138049397,-0.00015868874971542538,-0.0003306002388529468,-0.00017120168478911292,0.8828125
0.000603066309561044,-2.5401278465315717e-05,0.0012305412777946579,-5.892599378428574e-05,7.718472291702272e-08,-0.00016619097153273288,0.00011469701434908917,-0.00040677580086937506,-6.92107243385807e-05,-0.00021067182270230556,-0.0003507145213811067,-0.0001586887497159235,-0.0003306002388534005,-0.00017120168478978136,0.890625
0.0006030663095621333,-2.5401278464226473e-05,0.0012305412777959756,-5.892599378254664e-05,7.71847246561277e-08,-0.0001661909715317682,0.00011469701435019158,-0.0004067758008682726,-6.921072433699107e-05,-0.00021067182270121635,-0.00035071452137971416,-0.00015868874971499395,-0.0003306002388522847,-0.00017120168478851878,0.8984375
0.0006030663095638775,-2.540127846248224e-05,0.0012305412777974725,-5.892599378145227e-05,7.718472575049976e-08,-0.00016619097152993948,0.00011469701435159138,-0.0004067758008668729,-6.921072433583843e-05,-0.00021067182269947208,-0.00035071452137811735,-0.0001586887497132724,-0.0003306002388507537,-0.00017120168478703337,0.90625
0.0006030663095631986,-2.5401278463161136e-05,0.0012305412777970147,-5.8925993781982625e-05,7.718472522014003e-08,-0.00016619097153033628,0.00011469701435122454,-0.0004067758008672396,-6.921072433628619e-05,-0.000210671822700151,-0.0003507145213787115,-0.0001586887497136376,-0.00033060023885121475,-0.0001712016847874047,0.9140625
0.0006030663095615935,-2.5401278464766318e-05,0.0012305412777952479,-5.892599378373634e-05,7.718472346642055e-08,-0.00016619097153224545,0.00011469701434947775,-0.0004067758008689864,-6.92107243380113e-05,-0.0002106718227017562,-0.00035071452138034544,-0.00015868874971514842,-0.0003306002388528594,-0.00017120168478889012,0.921875
0.0006030663095604803,-2.5401278465879505e-05,0.0012305412777940327,-5.892599378470099e-05,7.718472250177077e-08,-0.00016619097153342238,0.0001146970143484283,-0.0004067758008700359,-6.92107243391716e-05,-0.00021067182270286937,-0.0003507145213816823,-0.00015868874971631869,-0.0003306002388539072,-0.00017120168479030126,0.9296875
0.0006030663095596695,-2.5401278466690255e-05,0.0012305412777932755,-5.8925993785428186e-05,7.718472177457974e-08,-0.00016619097153406702,0.0001146970143477671,-0.00040677580087069713,-6.921072433999933e-05,-0.0002106718227036801,-0.0003507145213822765,-0.00015868874971735835,-0.000330600238854743,-0.00017120168479104397,0.9375
0.000603066309560457,-2.540127846590282e-05,0.001230541277794122,-5.892599378457577e-05,7.71847226269981e-08,-0.00016619097153309928,0.00011469701434857848,-0.0004067758008698857,-6.921072433894174e-05,-0.00021067182270289268,-0.0003507145213814224,-0.00015868874971628128,-0.00033060023885388926,-0.0001712016847900599,0.9453125
0.000603066309561592,-2.5401278464767744e-05,0.001230541277795178,-5.892599378329215e-05,7.71847239106166e-08,-0.00016619097153202484,0.00011469701434983916,-0.000406775800868625,-6.92107243377833e-05,-0.0002106718227017576,-0.00035071452138034544,-0.00015868874971449603,-0.00033060023885262893,-0.00017120168478881585,0.953125
0.000603066309562573,-2.540127846378677e-05,0.001230541277796389,-5.892599378283107e-05,7.718472437169651e-08,-0.0001661909715311099,0.00011469701435148965,-0.0004067758008669745,-6.921072433654076e-05,-0.00021067182270077665,-0.00035071452137937995,-0.00015868874971366963,-0.00033060023885146884,-0.00017120168478777607,0.9609375
0.000603066309561523,-2.5401278464836804e-05,0.0012305412777953643,-5.892599378365829e-05,7.718472354447651e-08,-0.00016619097153215437,0.00011469701435021122,-0.000406775800868253,-6.921072433779195e-05,-0.00021067182270182664,-0.00035071452138004836,-0.0001586887497150477,-0.0003306002388516258,-0.0001712016847890758,0.96875
0.0006030663095610903,-2.5401278465269492e-05,0.0012305412777945809,-5.8925993783970286e-05,7.718472323247664e-08,-0.00016619097153240146,0.00011469701434914728,-0.00040677580086931694,-6.921072433840203e-05,-0.00021067182270225935,-0.00035071452138088857,-0.00015868874971592802,-0.00033060023885312924,-0.0001712016847896282,0.9765625
0.0006030663095636158,-2.540127846274395e-05,0.001230541277797451,-5.892599378175111e-05,7.718472545165624e-08,-0.00016619097153011843,0.0001146970143516183,-0.0004067758008668459,-6.921072433589028e-05,-0.0002106718226997338,-0.0003507145213782845,-0.00015868874971330008,-0.0003306002388507774,-0.00017120168478703337,0.984375
0.0006030663095628747,-2.5401278463485075e-05,0.0012305412777964258,-5.892599378255723e-05,7.718472464553865e-08,-0.00016619097153100238,0.00011469701435029584,-0.0004067758008681684,-6.921072433701677e-05,-0.00021067182270047494,-0.0003507145213792314,-0.0001586887497142967,-0.00033060023885213866,-0.00017120168478799888,0.9921875
0.0006030663095587254,-2.5401278467634368e-05,0.0012305412777924049,-5.892599378623304e-05,7.718472096972108e-08,-0.00016619097153532295,0.00011469701434637353,-0.0004067758008720907,-6.921072434117716e-05,-0.0002106718227046242,-0.0003507145213839104,-0.00015868874971760943,-0.00033060023885558685,-0.00017120168479223228,1.0
0.0006030663095555242,-2.5401278470835556e-05,0.001230541277789294,-5.892599378965704e-05,7.718471754572418e-08,-0.00016619097153872277,0.00011469701434299961,-0.00040677580087546464,-6.921072434432421e-05,-0.00021067182270782542,-0.0003507145213867327,-0.0001586887497223363,-0.0003306002388584333,-0.0001712016847954259,1.0078125
0.0006030663095596067,-2.540127846675312e-05,0.0012305412777932647,-5.892599378520326e-05,7.718472199950857e-08,-0.0001661909715340125,0.00011469701434801391,-0.0004067758008704503,-6.921072434020272e-05,-0.000210671822703743,-0.0003507145213820908,-0.00015868874971683889,-0.0003306002388544635,-0.00017120168479059833,1.015625
0.0006030663095638716,-2.5401278462488148e-05,0.0012305412777974705,-5.892599378101256e-05,7.718472619020947e-08,-0.00016619097152961116,0.00011469701435195684,-0.0004067758008665074,-6.921072433545647e-05,-0.000210671822699478,-0.00035071452137811735,-0.00015868874971283682,-0.00033060023885030164,-0.00017120168478666203,1.0234375
0.0006030663095643091,-2.540127846205066e-05,0.0012305412777980367,-5.8925993780760736e-05,7.718472644202478e-08,-0.00016619097152957522,0.00011469701435205319,-0.000406775800866411,-6.921072433506821e-05,-0.00021067182269904054,-0.00035071452137767174,-0.00015868874971264633,-0.0003306002388499237,-0.00017120168478625353,1.03125
0.0006030663095629527,-2.5401278463407057e-05,0.0012305412777966586,-5.892599378222854e-05,7.71847249742218e-08,-0.00016619097153082964,0.000114697014350929,-0.0004067758008675352,-6.921072433672472e-05,-0.0002106718227003969,-0.00035071452137899,-0.0001586887497138974,-0.00033060023885160507,-0.00017120168478766467,1.0390625
0.0006030663095630262,-2.5401278463333568e-05,0.0012305412777967365,-5.892599378224789e-05,7.718472495487408e-08,-0.00016619097153074619,0.00011469701435099717,-0.000406775800867467,-6.921072433659797e-05,-0.00021067182270032345,-0.0003507145213788972,-0.00015868874971383806,-0.00033060023885141685,-0.00017120168478766467,1.046875
0.0006030663095620666,-2.540127846429311e-05,0.0012305412777956022,-5.8925993783671615e-05,7.71847235311427e-08,-0.00016619097153191336,0.00011469701434986926,-0.0004067758008685949,-6.921072433790945e-05,-0.00021067182270128297,-0.00035071452138004836,-0.000158688749715158,-0.0003306002388524827,-0.00017120168478863018,1.0546875
0.0006030663095596438,-2.5401278466715954e-05,0.0012305412777930817,-5.892599378531463e-05,7.718472188813754e-08,-0.00016619097153402676,0.00011469701434787969,-0.0004067758008705845,-6.921072434010397e-05,-0.0002106718227037058,-0.0003507145213825736,-0.00015868874971712417,-0.00033060023885516136,-0.00017120168479063547,1.0625
0.0006030663095590434,-2.5401278467316364e-05,0.0012305412777925972,-5.892599378619356e-05,7.718472100920897e-08,-0.0001661909715346417,0.00011469701434710814,-0.00040677580087135606,-6.921072434065246e-05,-0.0002106718227043062,-0.0003507145213829449,-0.0001586887497179004,-0.0003306002388554321,-0.00017120168479148958,1.0703125
0.0006030663095619086,-2.540127846445117e-05,0.0012305412777956655,-5.892599378316125e-05,7.718472404151495e-08,-0.00016619097153167657,0.00011469701434998477,-0.00040677580086847945,-6.921072433761433e-05,-0.00021067182270144105,-0.00035071452138004836,-0.00015868874971485528,-0.00033060023885234823,-0.00017120168478866732,1.078125
0.0006030663095631722,-2.540127846318761e-05,0.0012305412777966743,-5.892599378184663e-05,7.718472535613246e-08,-0.0001661909715304496,0.00011469701435123852,-0.00040677580086722573,-6.9210724336349e-05,-0.00021067182270017746,-0.00035071452137878576,-0.00015868874971353248,-0.0003306002388511387,-0.00017120168478736757,1.0859375
0.0006030663095623798,-2.5401278463979864e-05,0.0012305412777959593,-5.892599378280135e-05,7.718472440141547e-08,-0.00016619097153131615,0.0001146970143500471,-0.00040677580086841706,-6.921072433740735e-05,-0.00021067182270096972,-0.0003507145213797513,-0.0001586887497147641,-0.00033060023885222333,-0.0001712016847884445,1.09375
0.0006030663095614938,-2.5401278464865966e-05,0.0012305412777951269,-5.892599378352034e-05,7.718472368242132e-08,-0.0001661909715320544,0.00011469701434958871,-0.00040677580086887546,-6.921072433796713e-05,-0.00021067182270185583,-0.00035071452138049397,-0.0001586887497153132,-0.00033060023885274456,-0.00017120168478911292,1.1015625
0.0006030663095627225,-2.5401278463637273e-05,0.0012305412777961792,-5.892599378245876e-05,7.718472474400169e-08,-0.00016619097153085274,0.00011469701435064019,-0.000406775800867824,-6.921072433682245e-05,-0.00021067182270062716,-0.00035071452137937995,-0.00015868874971415971,-0.0003306002388515805,-0.00017120168478799888,1.109375
0.0006030663095619327,-2.5401278464427013e-05,0.0012305412777955584,-5.892599378306282e-05,7.718472413994078e-08,-0.00016619097153164483,0.00011469701434992709,-0.00040677580086853713,-6.921072433752835e-05,-0.0002106718227014169,-0.0003507145213799741,-0.00015868874971485604,-0.00033060023885230915,-0.00017120168478859305,1.1171875
0.0006030663095586681,-2.5401278467691752e-05,0.0012305412777922815,-5.892599378647611e-05,7.718472072666005e-08,-0.00016619097153524178,0.00011469701434647468,-0.0004067758008719895,-6.921072434091797e-05,-0.00021067182270468162,-0.00035071452138331626,-0.00015868874971825914,-0.00033060023885572184,-0.0001712016847919352,1.125
0.0006030663095580624,-2.5401278468297367e-05,0.0012305412777916637,-5.892599378682177e-05,7.718472038099182e-08,-0.00016619097153584356,0.00011469701434593949,-0.0004067758008725247,-6.921072434153811e-05,-0.00021067182270528723,-0.0003507145213839847,-0.00015868874971863386,-0.00033060023885647465,-0.00017120168479245508,1.1328125
0.0006030663095595364,-2.5401278466823334e-05,0.0012305412777933564,-5.892599378564482e-05,7.718472155794783e-08,-0.00016619097153429716,0.0001146970143477868,-0.0004067758008706774,-6.921072434022805e-05,-0.0002106718227038132,-0.0003507145213824993,-0.00015868874971745062,-0.00033060023885501363,-0.00017120168479111824,1.140625
0.0006030663095621958,-2.540127846416388e-05,0.0012305412777960344,-5.892599378294823e-05,7.718472425453589e-08,-0.00016619097153132163,0.00011469701435047365,-0.00040677580086799053,-6.921072433750386e-05,-0.00021067182270115376,-0.0003507145213795656,-0.00015868874971452243,-0.0003306002388521962,-0.00017120168478822168,1.1484375
0.0006030663095624747,-2.540127846388505e-05,0.001230541277796185,-5.8925993782603256e-05,7.71847245995105e-08,-0.00016619097153131236,0.0001146970143506623,-0.0004067758008678019,-6.921072433704767e-05,-0.00021067182270087493,-0.0003507145213794171,-0.0001586887497143914,-0.0003306002388519291,-0.00017120168478818455,1.15625
0.0006030663095608238,-2.5401278465536043e-05,0.0012305412777948114,-5.8925993784153286e-05,7.718472304947944e-08,-0.00016619097153276353,0.00011469701434932906,-0.0004067758008691351,-6.921072433873928e-05,-0.0002106718227025259,-0.00035071452138097677,-0.0001586887497158532,-0.00033060023885314913,-0.0001712016847897071,1.1640625
0.0006030663095607929,-2.540127846556686e-05,0.0012305412777944718,-5.892599378420267e-05,7.718472300009572e-08,-0.00016619097153278782,0.00011469701434893895,-0.00040677580086952527,-6.921072433874896e-05,-0.00021067182270255674,-0.00035071452138116244,-0.0001586887497161574,-0.0003306002388534748,-0.00017120168479000416,1.171875
0.0006030663095618384,-2.5401278464521393e-05,0.0012305412777954784,-5.892599378345428e-05,7.71847237484818e-08,-0.00016619097153175704,0.00011469701434992479,-0.00040677580086853946,-6.921072433776962e-05,-0.00021067182270151125,-0.0003507145213801969,-0.00015868874971483571,-0.00033060023885261993,-0.00017120168478881585,1.1796875
0.0006030663095623793,-2.5401278463980484e-05,0.0012305412777961957,-5.892599378291338e-05,7.71847242893884e-08,-0.00016619097153130924,0.00011469701435037315,-0.00040677580086809104,-6.921072433700574e-05,-0.00021067182270097037,-0.00035071452137955635,-0.0001586887497143409,-0.00033060023885198627,-0.00017120168478822168,1.1875
0.0006030663095631834,-2.540127846317632e-05,0.0012305412777967643,-5.8925993781918894e-05,7.718472528386683e-08,-0.0001661909715304309,0.00011469701435103816,-0.00040677580086742604,-6.921072433630418e-05,-0.0002106718227001662,-0.0003507145213788601,-0.00015868874971392295,-0.0003306002388512673,-0.000171201684787479,1.1953125
0.0006030663095620638,-2.5401278464296e-05,0.001230541277795679,-5.8925993782857535e-05,7.718472434522501e-08,-0.0001661909715314216,0.00011469701435026295,-0.00040677580086820125,-6.921072433738255e-05,-0.00021067182270128587,-0.0003507145213797513,-0.00015868874971465834,-0.0003306002388520236,-0.00017120168478837024,1.203125
0.0006030663095617125,-2.540127846464726e-05,0.0012305412777955098,-5.892599378324593e-05,7.718472395683383e-08,-0.00016619097153169343,0.00011469701434990656,-0.0004067758008685576,-6.921072433760462e-05,-0.00021067182270163712,-0.0003507145213801969,-0.0001586887497149369,-0.00033060023885253406,-0.00017120168478874158,1.2109375
0.0006030663095619373,-2.5401278464422544e-05,0.0012305412777954597,-5.892599378328117e-05,7.718472392159875e-08,-0.00016619097153175127,0.0001146970143500796,-0.0004067758008683846,-6.921072433756541e-05,-0.0002106718227014124,-0.00035071452138004836,-0.00015868874971474898,-0.00033060023885246543,-0.00017120168478866732,1.21875
0.0006030663095614632,-2.5401278464896513e-05,0.0012305412777949745,-5.892599378394081e-05,7.71847232619543e-08,-0.00016619097153258654,0.00011469701434926135,-0.0004067758008692029,-6.92107243382059e-05,-0.00021067182270188638,-0.00035071452138047543,-0.00015868874971559306,-0.000330600238853196,-0.0001712016847893172,1.2265625
0.0006030663095604334,-2.5401278465926434e-05,0.0012305412777941858,-5.892599378482219e-05,7.718472238057643e-08,-0.00016619097153337613,0.00011469701434843675,-0.0004067758008700275,-6.921072433940232e-05,-0.0002106718227029163,-0.00035071452138144097,-0.00015868874971636186,-0.00033060023885409635,-0.000171201684790162,1.234375
0.0006030663095593268,-2.5401278467032954e-05,0.001230541277792981,-5.892599378592871e-05,7.718472127405423e-08,-0.00016619097153440268,0.00011469701434747306,-0.00040677580087099117,-6.921072434038824e-05,-0.0002106718227040228,-0.0003507145213827221,-0.00015868874971745,-0.0003306002388551267,-0.00017120168479134104,1.2421875
0.0006030663095602363,-2.540127846612357e-05,0.001230541277794118,-5.8925993784875425e-05,7.718472232733898e-08,-0.00016619097153344094,0.00011469701434847398,-0.00040677580086999023,-6.921072433921499e-05,-0.00021067182270311343,-0.00035071452138160804,-0.0001586887497163053,-0.00033060023885383153,-0.00017120168479015273,1.25
0.000603066309562127,-2.5401278464232778e-05,0.0012305412777959429,-5.892599378312854e-05,7.718472407423052e-08,-0.00016619097153170503,0.00011469701435000441,-0.00040677580086845983,-6.921072433761775e-05,-0.00021067182270122263,-0.00035071452137971416,-0.00015868874971489486,-0.00033060023885236065,-0.00017120168478859305,1.2578125
0.0006030663095620581,-2.54012784643016e-05,0.001230541277795483,-5.8925993783243776e-05,7.71847239589916e-08,-0.00016619097153132084,0.00011469701434998389,-0.0004067758008684803,-6.92107243378289e-05,-0.00021067182270129145,-0.000350714521379677,-0.0001586887497146449,-0.000330600238852164,-0.00017120168478889012,1.265625
0.0006030663095597141,-2.5401278466645704e-05,0.0012305412777930751,-5.892599378539292e-05,7.718472180984397e-08,-0.00016619097153464592,0.00011469701434767381,-0.0004067758008707904,-6.921072433994781e-05,-0.00021067182270363558,-0.0003507145213825736,-0.0001586887497171792,-0.0003306002388548011,-0.00017120168479074687,1.2734375
0.0006030663095588807,-2.5401278467479113e-05,0.0012305412777927002,-5.8925993786226335e-05,7.718472097643543e-08,-0.00016619097153462343,0.00011469701434702429,-0.0004067758008714399,-6.921072434039849e-05,-0.00021067182270446898,-0.0003507145213830192,-0.00015868874971769272,-0.00033060023885515106,-0.00017120168479104397,1.28125
0.0006030663095594181,-2.5401278466941678e-05,0.001230541277793085,-5.892599378568889e-05,7.718472151387241e-08,-0.0001661909715343073,0.00011469701434748596,-0.00040677580087097827,-6.921072434010119e-05,-0.00021067182270393154,-0.0003507145213825736,-0.00015868874971722708,-0.0003306002388548855,-0.00017120168479104397,1.2890625
0.000603066309561951,-2.540127846440876e-05,0.0012305412777955701,-5.892599378323895e-05,7.718472396381113e-08,-0.0001661909715318502,0.00011469701434961307,-0.00040677580086885117,-6.921072433767304e-05,-0.00021067182270139863,-0.00035071452138004836,-0.00015868874971505223,-0.00033060023885217964,-0.00017120168478866732,1.296875
0.0006030663095639096,-2.5401278462450092e-05,0.0012305412777975939,-5.89259937809745e-05,7.718472622826667e-08,-0.0001661909715294359,0.00011469701435193197,-0.0004067758008665323,-6.921072433543687e-05,-0.00021067182269943996,-0.0003507145213779688,-0.00015868874971305846,-0.0003306002388501559,-0.0001712016847864392,1.3046875
0.000603066309562911,-2.5401278463448795e-05,0.0012305412777964576,-5.89259937818618e-05,7.718472534096993e-08,-0.00016619097153056062,0.00011469701435122639,-0.0004067758008672378,-6.921072433654506e-05,-0.00021067182270043865,-0.00035071452137893435,-0.00015868874971388622,-0.0003306002388511595,-0.0001712016847877018,1.3125
0.0006030663095623948,-2.5401278463964923e-05,0.001230541277795985,-5.892599378300922e-05,7.718472419354368e-08,-0.00016619097153183518,0.00011469701435015037,-0.0004067758008683138,-6.921072433737222e-05,-0.00021067182270095478,-0.00035071452138004836,-0.00015868874971485732,-0.0003306002388522503,-0.00017120168478851878,1.3203125
0.0006030663095623387,-2.540127846402109e-05,0.001230541277795984,-5.8925993782768306e-05,7.718472443445593e-08,-0.00016619097153117168,0.00011469701435041432,-0.0004067758008680499,-6.921072433688745e-05,-0.00021067182270101094,-0.00035071452137915715,-0.0001586887497145743,-0.000330600238851918,-0.00017120168478822168,1.328125
0.0006030663095630975,-2.5401278463262326e-05,0.001230541277796905,-5.892599378202811e-05,7.718472517465632e-08,-0.0001661909715307182,0.00011469701435093993,-0.00040677580086752427,-6.921072433653054e-05,-0.0002106718227002522,-0.00035071452137891575,-0.0001586887497137466,-0.0003306002388513043,-0.00017120168478744184,1.3359375
0.0006030663095621885,-2.5401278464171324e-05,0.0012305412777959197,-5.892599378314135e-05,7.718472406141407e-08,-0.00016619097153099517,0.00011469701434993735,-0.00040677580086852683,-6.921072433731823e-05,-0.0002106718227011612,-0.00035071452137960276,-0.0001586887497146915,-0.000330600238851885,-0.0001712016847879246,1.34375
0.0006030663095613376,-2.5401278465022145e-05,0.0012305412777950508,-5.892599378402931e-05,7.718472317345704e-08,-0.00016619097153260258,0.00011469701434936034,-0.00040677580086910384,-6.921072433830164e-05,-0.000210671822702012,-0.00035071452138064256,-0.00015868874971547328,-0.00033060023885334705,-0.00017120168478926149,1.3515625
0.0006030663095615811,-2.540127846477864e-05,0.001230541277795165,-5.892599378382294e-05,7.718472337982584e-08,-0.00016619097153240791,0.00011469701434946704,-0.00040677580086899716,-6.921072433837759e-05,-0.00021067182270176853,-0.0003507145213805683,-0.00015868874971531162,-0.00033060023885308267,-0.00017120168478911292,1.359375
0.0006030663095606685,-2.540127846569119e-05,0.001230541277794176,-5.892599378452196e-05,7.718472268080662e-08,-0.00016619097153314463,0.00011469701434858289,-0.0004067758008698813,-6.921072433909384e-05,-0.00021067182270268105,-0.00035071452138131097,-0.00015868874971612868,-0.00033060023885376946,-0.0001712016847899299,1.3671875
0.0006030663095595288,-2.540127846683095e-05,0.001230541277793438,-5.8925993784984e-05,7.718472221876248e-08,-0.00016619097153406,0.00011469701434760862,-0.0004067758008708556,-6.921072433982703e-05,-0.00021067182270382082,-0.00035071452138216505,-0.00015868874971712373,-0.00033060023885438263,-0.00017120168479048693,1.375
0.0006030663095592175,-2.540127846714222e-05,0.0012305412777928678,-5.8925993785592354e-05,7.718472161040883e-08,-0.00016619097153462115,0.0001146970143473987,-0.0004067758008710655,-6.921072434070093e-05,-0.00021067182270413206,-0.00035071452138242504,-0.00015868874971744617,-0.0003306002388550248,-0.00017120168479160098,1.3828125
0.0006030663095599793,-2.5401278466380457e-05,0.001230541277793782,-5.892599378512768e-05,7.718472207508918e-08,-0.000166190971533416,0.00011469701434808845,-0.0004067758008703757,-6.921072433936438e-05,-0.00021067182270337033,-0.00035071452138194225,-0.0001586887497166489,-0.00033060023885425133,-0.0001712016847905055,1.390625
0.0006030663095604338,-2.5401278465925997e-05,0.0012305412777941624,-5.8925993784617514e-05,7.718472258525173e-08,-0.00016619097153329447,0.00011469701434839311,-0.0004067758008700711,-6.92107243390963e-05,-0.00021067182270291586,-0.00035071452138149664,-0.00015868874971630727,-0.0003306002388537965,-0.00017120168479000416,1.3984375
0.0006030663095602653,-2.540127846609442e-05,0.0012305412777940006,-5.892599378484164e-05,7.718472236112607e-08,-0.0001661909715334188,0.00011469701434814342,-0.00040677580087032075,-6.921072433928098e-05,-0.00021067182270308426,-0.00035071452138160804,-0.00015868874971654534,-0.00033060023885405547,-0.00017120168479015273,1.40625
0.0006030663095605829,-2.540127846577685e-05,0.0012305412777941828,-5.892599378430126e-05,7.718472290150762e-08,-0.00016619097153304025,0.00011469701434858569,-0.00040677580086987856,-6.921072433893539e-05,-0.0002106718227027667,-0.00035071452138138524,-0.00015868874971635742,-0.000330600238853439,-0.00017120168479000416,1.4140625
0.0006030663095628019,-2.5401278463557913e-05,0.0012305412777965108,-5.892599378230513e-05,7.718472489763671e-08,-0.0001661909715307492,0.00011469701435084392,-0.0004067758008676203,-6.921072433663067e-05,-0.00021067182270054777,-0.0003507145213792314,-0.00015868874971405975,-0.0003306002388514498,-0.00017120168478785034,1.421875
0.0006030663095637425,-2.5401278462617334e-05,0.001230541277797763,-5.8925993781661627e-05,7.718472554113512e-08,-0.00016619097152928728,0.00011469701435200587,-0.00040677580086645834,-6.921072433520607e-05,-0.0002106718226996072,-0.0003507145213779688,-0.0001586887497129124,-0.0003306002388506511,-0.0001712016847864392,1.4296875
0.0006030663095630433,-2.540127846331651e-05,0.0012305412777961205,-5.89259937823608e-05,7.718472484196044e-08,-0.00016619097153105,0.00011469701435058777,-0.00040677580086787647,-6.921072433668426e-05,-0.00021067182270030635,-0.0003507145213793057,-0.00015868874971427835,-0.00033060023885158105,-0.00017120168478777607,1.4375
0.0006030663095608293,-2.5401278465530453e-05,0.0012305412777944287,-5.8925993784574756e-05,7.71847226280127e-08,-0.00016619097153309514,0.00011469701434872489,-0.0004067758008697393,-6.921072433905801e-05,-0.00021067182270252032,-0.0003507145213812367,-0.00015868874971614348,-0.0003306002388537139,-0.00017120168478985563,1.4453125
0.0006030663095612313,-2.5401278465128404e-05,0.0012305412777949352,-5.8925993783801354e-05,7.718472340141421e-08,-0.0001661909715326812,0.00011469701434926359,-0.0004067758008692006,-6.921072433847276e-05,-0.00021067182270211827,-0.00035071452138064256,-0.00015868874971567212,-0.000330600238853147,-0.00017120168478933575,1.453125
0.0006030663095629233,-2.540127846343646e-05,0.0012305412777966701,-5.892599378218368e-05,7.718472501909066e-08,-0.00016619097153071377,0.00011469701435097716,-0.000406775800867487,-6.921072433666153e-05,-0.00021067182270042631,-0.0003507145213790597,-0.00015868874971389013,-0.00033060023885140037,-0.00017120168478768787,1.4609375
0.0006030663095626082,-2.5401278463751596e-05,0.0012305412777962677,-5.892599378242454e-05,7.71847247782258e-08,-0.00016619097153099737,0.00011469701435063048,-0.0004067758008678337,-6.921072433691167e-05,-0.00021067182270074146,-0.0003507145213793057,-0.00015868874971414955,-0.00033060023885168025,-0.0001712016847879246,1.46875
0.000603066309561381,-2.540127846497885e-05,0.0012305412777949701,-5.8925993783243315e-05,7.718472395945409e-08,-0.00016619097153196643,0.00011469701434955349,-0.0004067758008689107,-6.92107243381586e-05,-0.0002106718227019687,-0.00035071452138049397,-0.00015868874971523044,-0.00033060023885274716,-0.00017120168478911292,1.4765625
0.0006030663095602215,-2.5401278466138304e-05,0.0012305412777937781,-5.892599378453274e-05,7.718472267002606e-08,-0.00016619097153345588,0.00011469701434827841,-0.00040677580087018577,-6.921072433893253e-05,-0.00021067182270312815,-0.0003507145213816823,-0.00015868874971660296,-0.00033060023885365144,-0.00017120168479015273,1.484375
0.0006030663095610025,-2.5401278465357296e-05,0.001230541277794643,-5.892599378403024e-05,7.718472317252554e-08,-0.00016619097153262676,0.0001146970143490856,-0.0004067758008693786,-6.921072433845881e-05,-0.00021067182270234717,-0.00035071452138093963,-0.0001586887497158238,-0.0003306002388532691,-0.00017120168478952142,1.4921875
0.0006030663095614073,-2.540127846495249e-05,0.0012305412777952895,-5.892599378355117e-05,7.7184723651599e-08,-0.0001661909715321268,0.00011469701434958092,-0.0004067758008688833,-6.921072433803673e-05,-0.00021067182270194238,-0.00035071452138034544,-0.00015868874971505025,-0.0003306002388527335,-0.0001712016847889644,1.5
0.00060306630956113,-2.5401278465229804e-05,0.001230541277794631,-5.892599378414413e-05,7.718472305863447e-08,-0.000166190971532682,0.00011469701434904301,-0.0004067758008694212,-6.921072433854393e-05,-0.0002106718227022197,-0.00035071452138093963,-0.00015868874971580588,-0.0003306002388534021,-0.00017120168478955856,1.5078125
0.0006030663095588946,-2.5401278467465246e-05,0.0012305412777925406,-5.8925993786361006e-05,7.718472084176362e-08,-0.00016619097153490703,0.00011469701434681576,-0.00040677580087164847,-6.92107243407805e-05,-0.00021067182270445513,-0.0003507145213831677,-0.00015868874971802503,-0.000330600238855583,-0.00017120168479156384,1.515625
0.0006030663095587461,-2.540127846761359e-05,0.0012305412777924329,-5.892599378680644e-05,7.718472039633355e-08,-0.00016619097153521041,0.00011469701434667386,-0.00040677580087179033,-6.921072434105729e-05,-0.00021067182270460345,-0.00035071452138331626,-0.00015868874971805888,-0.000330600238855981,-0.00017120168479186094,1.5234375
0.0006030663095600655,-2.5401278466294223e-05,0.0012305412777938018,-5.892599378541279e-05,7.718472178997775e-08,-0.00016619097153381646,0.00011469701434799296,-0.00040677580087047124,-6.921072433946574e-05,-0.00021067182270328408,-0.00035071452138183085,-0.0001586887497166408,-0.00033060023885451306,-0.00017120168479048693,1.53125
0.0006030663095623755,-2.540127846398424e-05,0.0012305412777960031,-5.892599378291713e-05,7.718472428563718e-08,-0.0001661909715314804,0.00011469701435018404,-0.0004067758008682801,-6.921072433722595e-05,-0.0002106718227009741,-0.0003507145213795285,-0.00015868874971456404,-0.000330600238852083,-0.0001712016847884445,1.5390625
0.0006030663095634074,-2.5401278462952386e-05,0.0012305412777969627,-5.892599378143037e-05,7.718472577239072e-08,-0.00016619097153030147,0.00011469701435154227,-0.00040677580086692194,-6.921072433599937e-05,-0.00021067182269994227,-0.00035071452137856295,-0.0001586887497135048,-0.0003306002388508133,-0.00017120168478733044,1.546875
0.0006030663095626924,-2.5401278463667333e-05,0.0012305412777963284,-5.892599378193179e-05,7.718472527097286e-08,-0.00016619097153053252,0.00011469701435109542,-0.0004067758008673688,-6.921072433659734e-05,-0.0002106718227006572,-0.00035071452137915715,-0.00015868874971395797,-0.00033060023885124007,-0.00017120168478762754,1.5546875
0.0006030663095614331,-2.5401278464926688e-05,0.001230541277794945,-5.892599378343252e-05,7.718472377024176e-08,-0.00016619097153201636,0.00011469701434950354,-0.0004067758008689607,-6.921072433799812e-05,-0.00021067182270191655,-0.00035071452138064256,-0.00015868874971542587,-0.00033060023885270423,-0.00017120168478911292,1.5625
0.0006030663095618308,-2.540127846452892e-05,0.0012305412777956566,-5.8925993782737684e-05,7.718472446508634e-08,-0.0001661909715316154,0.00011469701434993521,-0.000406775800868529,-6.921072433757325e-05,-0.0002106718227015188,-0.00035071452138012263,-0.00015868874971501103,-0.0003306002388521445,-0.00017120168478859305,1.5703125
0.0006030663095625577,-2.5401278463802038e-05,0.0012305412777963748,-5.892599378228931e-05,7.718472491345516e-08,-0.00016619097153100526,0.00011469701435076029,-0.0004067758008677039,-6.921072433715492e-05,-0.0002106718227007919,-0.0003507145213793057,-0.00015868874971399145,-0.0003306002388517784,-0.00017120168478805458,1.578125
0.00060306630956309,-2.540127846326976e-05,0.0012305412777967799,-5.892599378209125e-05,7.718472511151774e-08,-0.00016619097153057762,0.00011469701435113727,-0.00040677580086732694,-6.92107243364696e-05,-0.00021067182270025962,-0.00035071452137878576,-0.00015868874971374726,-0.0003306002388513676,-0.00017120168478733044,1.5859375
0.0006030663095623586,-2.5401278464001213e-05,0.0012305412777960949,-5.892599378289697e-05,7.718472430579383e-08,-0.00016619097153137318,0.00011469701435050702,-0.0004067758008679572,-6.921072433717372e-05,-0.00021067182270099108,-0.0003507145213793057,-0.00015868874971457255,-0.00033060023885221943,-0.00017120168478822168,1.59375
0.0006030663095587715,-2.5401278467588262e-05,0.0012305412777926428,-5.892599378637261e-05,7.718472083015404e-08,-0.00016619097153500867,0.00011469701434652282,-0.00040677580087194136,-6.921072434106392e-05,-0.00021067182270457813,-0.0003507145213833905,-0.00015868874971809748,-0.00033060023885566177,-0.00017120168479208375,1.6015625
0.0006030663095575706,-2.540127846878917e-05,0.0012305412777915295,-5.892599378760137e-05,7.718471960139458e-08,-0.00016619097153623753,0.00011469701434583262,-0.00040677580087263157,-6.921072434192334e-05,-0.00021067182270577905,-0.00035071452138435606,-0.00015868874971909817,-0.0003306002388568503,-0.000171201684792975,1.609375
0.0006030663095604727,-2.5401278465887064e-05,0.0012305412777940787,-5.892599378467142e-05,7.718472253134907e-08,-0.00016619097153342978,0.00011469701434845773,-0.0004067758008700065,-6.921072433911322e-05,-0.0002106718227028769,-0.0003507145213815338,-0.00015868874971638008,-0.00033060023885386514,-0.000171201684790227,1.6171875
0.0006030663095616538,-2.5401278464705924e-05,0.0012305412777956477,-5.89259937833046e-05,7.718472389816674e-08,-0.0001661909715317652,0.0001146970143500838,-0.00040677580086838036,-6.921072433775504e-05,-0.00021067182270169578,-0.00035071452138003443,-0.00015868874971495625,-0.00033060023885259716,-0.0001712016847886383,1.625
0.0006030663095625535,-2.5401278463806284e-05,0.001230541277796353,-5.892599378255349e-05,7.718472464926769e-08,-0.0001661909715312789,0.00011469701435080263,-0.00040677580086766153,-6.921072433647723e-05,-0.00021067182270079616,-0.00035071452137926855,-0.00015868874971426575,-0.0003306002388516867,-0.0001712016847879246,1.6328125
0.0006030663095620551,-2.5401278464304668e-05,0.001230541277795692,-5.892599378274552e-05,7.718472445724596e-08,-0.00016619097153142137,0.00011469701435004114,-0.000406775800868423,-6.921072433735078e-05,-0.00021067182270129454,-0.0003507145213797884,-0.0001586887497146418,-0.00033060023885220886,-0.00017120168478840738,1.640625
0.0006030663095618479,-2.5401278464511882e-05,0.0012305412777954478,-5.892599378332872e-05,7.718472387403936e-08,-0.00016619097153164474,0.00011469701435028179,-0.0004067758008681824,-6.921072433728545e-05,-0.00021067182270150176,-0.00035071452138012263,-0.0001586887497146567,-0.00033060023885217855,-0.0001712016847884445,1.6484375
0.0006030663095621576,-2.5401278464202166e-05,0.0012305412777957197,-5.892599378296795e-05,7.718472423481548e-08,-0.00016619097153141495,0.00011469701435020262,-0.0004067758008682616,-6.9210724337395e-05,-0.000210671822701192,-0.0003507145213797513,-0.00015868874971472138,-0.0003306002388521074,-0.00017120168478851878,1.65625
0.0006030663095607473,-2.5401278465612425e-05,0.0012305412777942812,-5.892599378435036e-05,7.71847228524085e-08,-0.00016619097153309885,0.00011469701434866682,-0.0004067758008697974,-6.921072433901633e-05,-0.00021067182270260228,-0.00035071452138138524,-0.0001586887497161731,-0.00033060023885372343,-0.00017120168479000416,1.6640625
0.0006030663095602691,-2.5401278466090704e-05,0.0012305412777936663,-5.8925993785135004e-05,7.718472206776417e-08,-0.0001661909715336929,0.00011469701434809077,-0.00040677580087037344,-6.921072433942412e-05,-0.00021067182270308058,-0.0003507145213819051,-0.00015868874971679817,-0.0003306002388543238,-0.00017120168479052407,1.671875
0.0006030663095608275,-2.5401278465532293e-05,0.0012305412777944976,-5.892599378435379e-05,7.718472284898338e-08,-0.00016619097153275863,0.00011469701434883033,-0.00040677580086963386,-6.921072433867015e-05,-0.00021067182270252216,-0.0003507145213812367,-0.00015868874971603435,-0.00033060023885350394,-0.0001712016847898185,1.6796875
0.0006030663095616452,-2.5401278464714574e-05,0.0012305412777953294,-5.892599378335967e-05,7.718472384309628e-08,-0.00016619097153208184,0.00011469701434970544,-0.00040677580086875874,-6.92107243378123e-05,-0.00021067182270170443,-0.0003507145213801969,-0.0001586887497152478,-0.00033060023885257846,-0.00017120168478889012,1.6875
0.0006030663095620506,-2.54012784643092e-05,0.0012305412777956037,-5.8925993782982144e-05,7.718472422061826e-08,-0.00016619097153184445,0.00011469701434967534,-0.0004067758008687889,-6.92107243375684e-05,-0.00021067182270129907,-0.00035071452138006696,-0.0001586887497151282,-0.0003306002388524829,-0.00017120168478877872,1.6953125
0.0006030663095614651,-2.540127846489465e-05,0.0012305412777951078,-5.8925993783604734e-05,7.718472359803136e-08,-0.00016619097153249636,0.00011469701434969479,-0.0004067758008687694,-6.921072433767339e-05,-0.00021067182270188454,-0.0003507145213801412,-0.00015868874971514265,-0.00033060023885244673,-0.00017120168478918722,1.703125
0.0006030663095617669,-2.5401278464592845e-05,0.0012305412777952776,-5.892599378363714e-05,7.718472356562236e-08,-0.00016619097153206582,0.00011469701434942225,-0.00040677580086904194,-6.921072433804756e-05,-0.0002106718227015827,-0.00035071452138028976,-0.00015868874971535727,-0.00033060023885289424,-0.0001712016847891315,1.7109375
0.0006030663095613488,-2.5401278465011066e-05,0.0012305412777951336,-5.892599378368401e-05,7.718472351875197e-08,-0.00016619097153227938,0.00011469701434944924,-0.00040677580086901494,-6.921072433812973e-05,-0.00021067182270200093,-0.0003507145213805683,-0.00015868874971553047,-0.0003306002388529534,-0.00017120168478922435,1.71875
0.0006030663095612157,-2.5401278465144054e-05,0.0012305412777949534,-5.8925993783742726e-05,7.718472346003674e-08,-0.0001661909715324298,0.00011469701434961216,-0.00040677580086885204,-6.921072433839747e-05,-0.00021067182270213393,-0.0003507145213806797,-0.00015868874971554302,-0.0003306002388529498,-0.00017120168478933575,1.7265625
0.0006030663095606491,-2.5401278465710627e-05,0.0012305412777944647,-5.8925993784532106e-05,7.718472267065472e-08,-0.00016619097153296444,0.00011469701434875374,-0.0004067758008697105,-6.921072433898176e-05,-0.00021067182270270048,-0.0003507145213813295,-0.00015868874971603362,-0.0003306002388537657,-0.00017120168478989276,1.734375
0.000603066309561001,-2.5401278465358773e-05,0.0012305412777946817,-5.8925993784217396e-05,7.71847229853715e-08,-0.00016619097153278568,0.00011469701434898159,-0.0004067758008694826,-6.921072433877307e-05,-0.00021067182270234863,-0.00035071452138093963,-0.00015868874971574528,-0.00033060023885337253,-0.00017120168478955856,1.7421875
0.0006030663095614106,-2.5401278464949158e-05,0.0012305412777949823,-5.892599378375671e-05,7.718472344604897e-08,-0.00016619097153246126,0.00011469701434935572,-0.0004067758008691085,-6.921072433817119e-05,-0.00021067182270193905,-0.00035071452138064256,-0.00015868874971540606,-0.00033060023885305323,-0.00017120168478911292,1.75
0.0006030663095620021,-2.5401278464357702e-05,0.0012305412777955972,-5.892599378303065e-05,7.718472417211674e-08,-0.00016619097153177417,0.00011469701435019507,-0.0004067758008682691,-6.921072433738167e-05,-0.00021067182270134756,-0.0003507145213800298,-0.0001586887497150405,-0.00033060023885277644,-0.00017120168478857448,1.7578125
0.0006030663095627996,-2.5401278463560102e-05,0.0012305412777964193,-5.892599378212165e-05,7.718472508112149e-08,-0.000166190971530349,0.00011469701435112633,-0.00040677580086733784,-6.921072433644585e-05,-0.00021067182270054994,-0.0003507145213790086,-0.00015868874971383649,-0.00033060023885149735,-0.00017120168478762754,1.765625
0.0006030663095629377,-2.5401278463422168e-05,0.0012305412777967517,-5.892599378215081e-05,7.718472505195077e-08,-0.00016619097153074402,0.00011469701435098025,-0.00040677580086748394,-6.921072433655648e-05,-0.00021067182270041203,-0.00035071452137893435,-0.00015868874971358295,-0.0003306002388514257,-0.00017120168478762754,1.7734375
0.0006030663095611897,-2.540127846517009e-05,0.0012305412777947856,-5.8925993783954436e-05,7.718472324832387e-08,-0.00016619097153258003,0.0001146970143489305,-0.0004067758008695337,-6.921072433845766e-05,-0.00021067182270215995,-0.0003507145213807911,-0.00015868874971574875,-0.0003306002388532153,-0.0001712016847893729,1.78125
0.0006030663095592195,-2.540127846714031e-05,0.0012305412777929615,-5.892599378568328e-05,7.718472151948423e-08,-0.00016619097153449788,0.00011469701434718645,-0.0004067758008712777,-6.921072434056422e-05,-0.0002106718227041302,-0.0003507145213827221,-0.00015868874971760176,-0.0003306002388549886,-0.0001712016847911925,1.7890625
0.0006030663095578236,-2.5401278468536173e-05,0.0012305412777918767,-5.892599378708843e-05,7.718472011433476e-08,-0.0001661909715359179,0.00011469701434604683,-0.0004067758008724174,-6.921072434171356e-05,-0.00021067182270552605,-0.0003507145213839104,-0.0001586887497190523,-0.0003306002388562409,-0.00017120168479252935,1.796875
0.0006030663095598973,-2.5401278466462426e-05,0.0012305412777934481,-5.892599378521893e-05,7.718472198383766e-08,-0.00016619097153384318,0.00011469701434808712,-0.000406775800870377,-6.921072433999725e-05,-0.0002106718227034523,-0.00035071452138229505,-0.00015868874971695538,-0.0003306002388545041,-0.00017120168479097897,1.8046875
0.0006030663095636494,-2.54012784627103e-05,0.0012305412777974603,-5.8925993781420385e-05,7.718472578238273e-08,-0.00016619097152993114,0.00011469701435175823,-0.00040677580086670597,-6.92107243358471e-05,-0.00021067182269970017,-0.00035071452137822875,-0.00015868874971309882,-0.0003306002388506677,-0.00017120168478688483,1.8125
0.0006030663095636665,-2.540127846269335e-05,0.00123054127779721,-5.892599378158911e-05,7.718472561366115e-08,-0.00016619097152998104,0.00011469701435150783,-0.00040677580086695636,-6.92107243360158e-05,-0.00021067182269968323,-0.00035071452137834015,-0.00015868874971326752,-0.0003306002388508216,-0.00017120168478705194,1.8203125
0.0006030663095614514,-2.5401278464908324e-05,0.0012305412777950256,-5.892599378365554e-05,7.718472354722382e-08,-0.0001661909715321418,0.00011469701434960998,-0.0004067758008688542,-6.921072433816189e-05,-0.0002106718227018982,-0.00035071452138045684,-0.00015868874971527045,-0.00033060023885275855,-0.00017120168478909436,1.828125
0.0006030663095586312,-2.5401278467728578e-05,0.0012305412777924515,-5.892599378636439e-05,7.71847208383761e-08,-0.000166190971535014,0.00011469701434684168,-0.0004067758008716225,-6.921072434087487e-05,-0.00021067182270471843,-0.000350714521383242,-0.00015868874971791328,-0.0003306002388555838,-0.00017120168479186094,1.8359375
0.0006030663095597368,-2.540127846662298e-05,0.0012305412777931853,-5.892599378538876e-05,7.718472181400044e-08,-0.00016619097153389436,0.00011469701434761757,-0.0004067758008708466,-6.921072433976677e-05,-0.00021067182270361284,-0.00035071452138242504,-0.0001586887497171369,-0.0003306002388546468,-0.00017120168479089543,1.84375
0.0006030663095614636,-2.540127846489615e-05,0.0012305412777952078,-5.892599378371764e-05,7.718472348512703e-08,-0.00016619097153216028,0.00011469701434946715,-0.0004067758008689971,-6.921072433799651e-05,-0.000210671822701886,-0.00035071452138034544,-0.00015868874971543463,-0.000330600238852868,-0.00017120168478926149,1.8515625
0.0006030663095617358,-2.5401278464623972e-05,0.0012305412777954574,-5.892599378337119e-05,7.718472383157731e-08,-0.0001661909715319052,0.00011469701434994208,-0.0004067758008685221,-6.921072433787162e-05,-0.00021067182270161384,-0.00035071452138012263,-0.0001586887497151228,-0.00033060023885273773,-0.00017120168478881585,1.859375
0.0006030663095621836,-2.540127846417612e-05,0.0012305412777958416,-5.892599378284906e-05,7.71847243537012e-08,-0.00016619097153136301,0.00011469701435044414,-0.0004067758008680201,-6.921072433717911e-05,-0.00021067182270116598,-0.0003507145213797884,-0.00015868874971448272,-0.00033060023885218414,-0.00017120168478837024,1.8671875
0.0006030663095632539,-2.540127846310584e-05,0.0012305412777970598,-5.892599378183449e-05,7.71847253682758e-08,-0.00016619097153029844,0.00011469701435153868,-0.0004067758008669255,-6.921072433593856e-05,-0.0002106718227000957,-0.0003507145213782659,-0.00015868874971361035,-0.0003306002388507073,-0.0001712016847871819,1.875
0.0006030663095637714,-2.540127846258833e-05,0.0012305412777974891,-5.8925993781316986e-05,7.718472588578441e-08,-0.00016619097153004322,0.000114697014351599,-0.00040677580086686524,-6.921072433571475e-05,-0.0002106718226995782,-0.00035071452137856295,-0.00015868874971331355,-0.00033060023885047213,-0.00017120168478688483,1.8828125
0.0006030663095612746,-2.5401278465085168e-05,0.0012305412777949588,-5.892599378406448e-05,7.71847231382852e-08,-0.00016619097153258326,0.00011469701434923353,-0.00040677580086923064,-6.921072433851665e-05,-0.00021067182270207503,-0.0003507145213807911,-0.0001586887497157103,-0.00033060023885318144,-0.00017120168478926149,1.890625
0.0006030663095585193,-2.5401278467840468e-05,0.001230541277792211,-5.8925993786661953e-05,7.71847205408114e-08,-0.00016619097153512997,0.00011469701434643679,-0.00040677580087202745,-6.921072434090198e-05,-0.00021067182270483032,-0.00035071452138331626,-0.00015868874971852406,-0.00033060023885596936,-0.000171201684792158,1.8984375
0.0006030663095583391,-2.540127846802066e-05,0.0012305412777920267,-5.892599378661934e-05,7.718472058342919e-08,-0.0001661909715354593,0.00011469701434633146,-0.0004067758008721328,-6.921072434124689e-05,-0.0002106718227050105,-0.00035071452138365046,-0.00015868874971825382,-0.0003306002388559393,-0.000171201684792158,1.90625
0.0006030663095611695,-2.5401278465190197e-05,0.0012305412777949213,-5.892599378386314e-05,7.718472333962261e-08,-0.00016619097153253395,0.00011469701434928987,-0.00040677580086917437,-6.921072433834741e-05,-0.00021067182270218004,-0.0003507145213806797,-0.00015868874971550816,-0.00033060023885317624,-0.00017120168478915006,1.9140625
0.0006030663095626867,-2.5401278463673062e-05,0.001230541277796368,-5.892599378238314e-05,7.718472481962147e-08,-0.00016619097153135412,0.0001146970143504016,-0.00040677580086806263,-6.921072433701628e-05,-0.00021067182270066291,-0.0003507145213795285,-0.00015868874971402885,-0.0003306002388516478,-0.00017120168478777607,1.921875
0.0006030663095613304,-2.540127846502935e-05,0.0012305412777949437,-5.89259937839251e-05,7.718472327766289e-08,-0.00016619097153250614,0.00011469701434924952,-0.0004067758008692147,-6.921072433825501e-05,-0.00021067182270201922,-0.00035071452138049397,-0.00015868874971540993,-0.0003306002388530226,-0.00017120168478926149,1.9296875
0.0006030663095616431,-2.5401278464716627e-05,0.001230541277795312,-5.8925993783361717e-05,7.718472384104327e-08,-0.00016619097153210098,0.00011469701434956262,-0.0004067758008689016,-6.921072433783065e-05,-0.0002106718227017065,-0.00035071452138034544,-0.0001586887497151989,-0.00033060023885261717,-0.0001712016847889644,1.9375
0.0006030663095629206,-2.54012784634392e-05,0.0012305412777965721,-5.892599378196361e-05,7.718472523915781e-08,-0.00016619097153057233,0.00011469701435090447,-0.0004067758008675597,-6.92107243363916e-05,-0.00021067182270042908,-0.00035071452137893435,-0.00015868874971383028,-0.0003306002388512065,-0.000171201684787479,1.9453125
0.0006030663095639203,-2.5401278462439504e-05,0.0012305412777974393,-5.8925993780982476e-05,7.718472622028569e-08,-0.0001661909715295773,0.00011469701435189026,-0.00040677580086657397,-6.921072433541615e-05,-0.00021067182269942936,-0.0003507145213779688,-0.0001586887497129162,-0.0003306002388502145,-0.0001712016847864392,1.953125
0.0006030663095616464,-2.5401278464713483e-05,0.0012305412777952882,-5.8925993783404997e-05,7.718472379777005e-08,-0.0001661909715319874,0.00011469701434967816,-0.00040677580086878606,-6.921072433774858e-05,-0.00021067182270170334,-0.00035071452138027117,-0.0001586887497152328,-0.00033060023885250913,-0.0001712016847889644,1.9609375
0.0006030663095607029,-2.5401278465656908e-05,0.0012305412777943226,-5.89259937843902e-05,7.718472281256618e-08,-0.0001661909715329545,0.00011469701434876769,-0.0004067758008696965,-6.921072433882225e-05,-0.0002106718227026468,-0.00035071452138138524,-0.00015868874971619536,-0.0003306002388535471,-0.0001712016847899299,1.96875
0.0006030663095605399,-2.5401278465819803e-05,0.0012305412777941357,-5.892599378463201e-05,7.718472257075932e-08,-0.00016619097153316642,0.0001146970143486074,-0.00040677580086985677,-6.92107243391807e-05,-0.0002106718227028097,-0.00035071452138160804,-0.00015868874971640588,-0.000330600238853847,-0.000171201684790227,1.9765625
0.0006030663095605528,-2.540127846580688e-05,0.0012305412777942571,-5.892599378466637e-05,7.718472253639326e-08,-0.00016619097153328222,0.00011469701434850591,-0.00040677580086995825,-6.921072433915449e-05,-0.00021067182270279673,-0.0003507145213813899,-0.0001586887497163191,-0.0003306002388539365,-0.00017120168479014343,1.984375
0.0006030663095590693,-2.5401278467290482e-05,0.001230541277792643,-5.8925993786093405e-05,7.718472110936411e-08,-0.0001661909715347728,0.00011469701434729041,-0.0004067758008711738,-6.921072434067057e-05,-0.00021067182270428035,-0.0003507145213827221,-0.00015868874971762656,-0.00033060023885560724,-0.00017120168479156384,1.9921875
0.0006030663095591028,-2.5401278467256893e-05,0.00123054127779269,-5.89259937863569e-05,7.718472084587192e-08,-0.00016619097153490337,0.00011469701434704312,-0.0004067758008714211,-6.921072434070497e-05,-0.00021067182270424674,-0.0003507145213827964,-0.00015868874971788734,-0.0003306002388555326,-0.0001712016847916381,2.0
0.0006030663095597752,-2.5401278466584586e-05,0.0012305412777934425,-5.892599378544321e-05,7.718472175955968e-08,-0.00016619097153420777,0.00011469701434780355,-0.00040677580087066065,-6.921072433989396e-05,-0.00021067182270357443,-0.0003507145213821279,-0.00015868874971720686,-0.00033060023885475044,-0.00017120168479089543,2.0078125
0.0006030663095618047,-2.5401278464555122e-05,0.0012305412777954714,-5.8925993783228075e-05,7.718472397469546e-08,-0.0001661909715318846,0.00011469701434991065,-0.0004067758008685535,-6.921072433767694e-05,-0.000210671822701545,-0.00035071452138027117,-0.00015868874971487656,-0.0003306002388525364,-0.00017120168478859305,2.015625
0.0006030663095632224,-2.54012784631374e-05,0.0012305412777971856,-5.8925993781364725e-05,7.718472583804261e-08,-0.00016619097153039837,0.00011469701435155695,-0.00040677580086690725,-6.921072433588466e-05,-0.00021067182270012724,-0.0003507145213785258,-0.0001586887497133039,-0.0003306002388508978,-0.00017120168478725617,2.0234375
0.000603066309562905,-2.5401278463454745e-05,0.0012305412777964195,-5.8925993781774905e-05,7.718472542785823e-08,-0.00016619097153054048,0.00011469701435067447,-0.0004067758008677898,-6.921072433633443e-05,-0.0002106718227004446,-0.00035071452137915715,-0.00015868874971358902,-0.00033060023885146623,-0.00017120168478733044,2.03125
0.000603066309562097,-2.540127846426281e-05,0.001230541277796212,-5.892599378271295e-05,7.718472448981919e-08,-0.0001661909715311231,0.00011469701435040223,-0.000406775800868062,-6.921072433732343e-05,-0.0002106718227012527,-0.00035071452137949136,-0.00015868874971431335,-0.00033060023885193916,-0.00017120168478807315,2.0390625
0.0006030663095629852,-2.5401278463374537e-05,0.0012305412777964954,-5.8925993782121755e-05,7.71847250810139e-08,-0.0001661909715307759,0.00011469701435064321,-0.000406775800867821,-6.921072433667926e-05,-0.00021067182270036438,-0.0003507145213793057,-0.00015868874971406178,-0.00033060023885137977,-0.00017120168478762754,2.046875
0.0006030663095628171,-2.54012784635427e-05,0.001230541277796428,-5.8925993782327056e-05,7.718472487571182e-08,-0.00016619097153066915,0.00011469701435072004,-0.00040677580086774415,-6.921072433675668e-05,-0.00021067182270053257,-0.0003507145213790875,-0.00015868874971412274,-0.00033060023885143154,-0.00017120168478777144,2.0546875
0.0006030663095628204,-2.5401278463539234e-05,0.0012305412777964654,-5.892599378224931e-05,7.718472495344959e-08,-0.00016619097153078774,0.00011469701435091055,-0.0004067758008675537,-6.921072433675556e-05,-0.0002106718227005291,-0.00035071452137915715,-0.0001586887497141518,-0.00033060023885146564,-0.00017120168478777607,2.0625
0.000603066309560935,-2.5401278465424784e-05,0.0012305412777945954,-5.892599378429269e-05,7.71847229100785e-08,-0.00016619097153276622,0.00011469701434899723,-0.00040677580086946694,-6.921072433875556e-05,-0.00021067182270241466,-0.00035071452138093963,-0.00015868874971593206,-0.0003306002388536019,-0.0001712016847897071,2.0703125
0.000603066309560172,-2.540127846618783e-05,0.0012305412777938373,-5.892599378493504e-05,7.718472226772153e-08,-0.00016619097153353074,0.00011469701434799429,-0.0004067758008704699,-6.92107243394136e-05,-0.0002106718227031777,-0.00035071452138173804,-0.00015868874971671716,-0.000330600238854285,-0.00017120168479035696,2.078125
0.0006030663095592404,-2.540127846711936e-05,0.0012305412777930227,-5.8925993785866576e-05,7.718472133618705e-08,-0.0001661909715343765,0.00011469701434727405,-0.0004067758008711902,-6.921072434022361e-05,-0.0002106718227041092,-0.0003507145213825736,-0.00015868874971747995,-0.00033060023885512607,-0.00017120168479126677,2.0859375
0.0006030663095586893,-2.5401278467670482e-05,0.0012305412777920495,-5.8925993786863324e-05,7.71847203394436e-08,-0.0001661909715350854,0.00011469701434650939,-0.00040677580087195486,-6.92107243408191e-05,-0.00021067182270466034,-0.0003507145213834648,-0.00015868874971834262,-0.00033060023885568026,-0.0001712016847919352,2.09375
0.0006030663095585172,-2.5401278467842545e-05,0.0012305412777923522,-5.89259937866269e-05,7.71847205758698e-08,-0.0001661909715349578,0.00011469701434648326,-0.000406775800871981,-6.921072434102563e-05,-0.00021067182270483243,-0.0003507145213831677,-0.00015868874971850932,-0.0003306002388559505,-0.00017120168479178667,2.1015625
0.0006030663095591716,-2.540127846718813e-05,0.0012305412777927965,-5.892599378593535e-05,7.718472126742035e-08,-0.0001661909715346361,0.00011469701434719192,-0.0004067758008712723,-6.921072434047104e-05,-0.00021067182270417798,-0.0003507145213827964,-0.00015868874971759037,-0.00033060023885535125,-0.0001712016847914153,2.109375
0.0006030663095613085,-2.5401278465051297e-05,0.0012305412777950482,-5.892599378372425e-05,7.718472347852054e-08,-0.00016619097153229958,0.00011469701434940754,-0.0004067758008690566,-6.921072433816666e-05,-0.00021067182270204115,-0.00035071452138064256,-0.00015868874971556408,-0.0003306002388529251,-0.00017120168478929862,2.1171875
0.0006030663095623742,-2.5401278463985553e-05,0.0012305412777960472,-5.892599378259351e-05,7.718472460925272e-08,-0.00016619097153140928,0.00011469701435048047,-0.0004067758008679837,-6.921072433722637e-05,-0.0002106718227009754,-0.0003507145213794171,-0.00015868874971453571,-0.00033060023885195526,-0.00017120168478829595,2.125
0.0006030663095626406,-2.540127846371913e-05,0.0012305412777963004,-5.892599378246634e-05,7.718472473642032e-08,-0.00016619097153114967,0.00011469701435066203,-0.00040677580086780215,-6.921072433699111e-05,-0.00021067182270070902,-0.0003507145213794542,-0.0001586887497143409,-0.0003306002388517217,-0.00017120168478814741,2.1328125
0.0006030663095636669,-2.5401278462692855e-05,0.0012305412777973194,-5.892599378151434e-05,7.71847256884244e-08,-0.0001661909715301512,0.00011469701435153041,-0.00040677580086693376,-6.92107243359659e-05,-0.00021067182269968271,-0.00035071452137834015,-0.0001586887497132425,-0.0003306002388507913,-0.00017120168478703337,2.140625
0.000603066309563257,-2.5401278463102765e-05,0.001230541277796937,-5.8925993781849986e-05,7.71847253527835e-08,-0.00016619097153038672,0.00011469701435124323,-0.000406775800867221,-6.921072433647681e-05,-0.00021067182270009262,-0.0003507145213788601,-0.0001586887497136687,-0.00033060023885111837,-0.000171201684787479,2.1484375
0.0006030663095609456,-2.540127846541414e-05,0.0012305412777946203,-5.8925993784105655e-05,7.718472309711269e-08,-0.00016619097153276565,0.00011469701434897153,-0.0004067758008694927,-6.92107243385196e-05,-0.00021067182270240398,-0.00035071452138093963,-0.0001586887497159721,-0.0003306002388533161,-0.0001712016847897071,2.15625
0.0006030663095604323,-2.5401278465927468e-05,0.0012305412777941598,-5.89259937847211e-05,7.718472248166355e-08,-0.00016619097153324806,0.00011469701434842729,-0.00040677580087003696,-6.921072433913985e-05,-0.00021067182270291732,-0.00035071452138149664,-0.0001586887497163929,-0.0003306002388540141,-0.00017120168479015273,2.1640625
0.0006030663095617937,-2.5401278464566052e-05,0.001230541277795576,-5.89259937833504e-05,7.718472385236343e-08,-0.0001661909715320437,0.00011469701434982507,-0.00040677580086863915,-6.921072433774584e-05,-0.0002106718227015559,-0.00035071452137989983,-0.00015868874971478064,-0.00033060023885268336,-0.00017120168478859305,2.171875
0.0006030663095616143,-2.5401278464745525e-05,0.0012305412777952644,-5.892599378347882e-05,7.718472372394936e-08,-0.00016619097153221357,0.00011469701434951298,-0.00040677580086895124,-6.921072433814136e-05,-0.00021067182270173538,-0.0003507145213804197,-0.0001586887497151833,-0.0003306002388527629,-0.00017120168478903866,2.1796875
0.0006030663095601114,-2.540127846624843e-05,0.0012305412777937855,-5.892599378488424e-05,7.718472231852757e-08,-0.00016619097153354814,0.00011469701434841038,-0.0004067758008700539,-6.921072433937029e-05,-0.0002106718227032383,-0.0003507145213817937,-0.00015868874971660708,-0.00033060023885409597,-0.00017120168479026413,2.1875
0.0006030663095606113,-2.540127846574843e-05,0.0012305412777942875,-5.892599378445851e-05,7.718472274425444e-08,-0.0001661909715329939,0.00011469701434874474,-0.0004067758008697195,-6.921072433884265e-05,-0.00021067182270273832,-0.0003507145213812367,-0.00015868874971620034,-0.0003306002388537389,-0.00017120168479000416,2.1953125
0.0006030663095624416,-2.5401278463918197e-05,0.001230541277796221,-5.8925993782665415e-05,7.718472453735344e-08,-0.000166190971531143,0.00011469701435033147,-0.00040677580086813267,-6.921072433686091e-05,-0.00021067182270090805,-0.0003507145213794542,-0.00015868874971441992,-0.00033060023885191406,-0.00017120168478777607,2.203125
0.0006030663095627039,-2.5401278463655905e-05,0.0012305412777963416,-5.892599378268164e-05,7.71847245211289e-08,-0.00016619097153114344,0.00011469701435042015,-0.00040677580086804404,-6.921072433687459e-05,-0.00021067182270064576,-0.0003507145213794171,-0.0001586887497141896,-0.00033060023885176103,-0.0001712016847879246,2.2109375
0.000603066309561383,-2.540127846497679e-05,0.001230541277794899,-5.8925993783872545e-05,7.718472333021865e-08,-0.000166190971532418,0.00011469701434908082,-0.0004067758008693834,-6.921072433832949e-05,-0.00021067182270196667,-0.00035071452138069824,-0.00015868874971546292,-0.00033060023885292725,-0.00017120168478926149,2.21875
0.0006030663095603031,-2.54012784660566e-05,0.001230541277793905,-5.892599378469242e-05,7.718472251035147e-08,-0.0001661909715335256,0.00011469701434832585,-0.00040677580087013833,-6.92107243392247e-05,-0.00021067182270304645,-0.0003507145213816823,-0.0001586887497166563,-0.00033060023885397296,-0.00017120168479037553,2.2265625
0.000603066309559901,-2.5401278466458794e-05,0.001230541277793275,-5.8925993784834666e-05,7.71847223681041e-08,-0.00016619097153389766,0.00011469701434789356,-0.0004067758008705706,-6.921072433975091e-05,-0.00021067182270344866,-0.0003507145213822022,-0.00015868874971682376,-0.000330600238854427,-0.00017120168479074687,2.234375
0.0006030663095591545,-2.5401278467205295e-05,0.0012305412777930064,-5.892599378595252e-05,7.718472125025123e-08,-0.00016619097153446478,0.00011469701434715334,-0.00040677580087131085,-6.921072434051042e-05,-0.00021067182270419516,-0.0003507145213827964,-0.00015868874971774482,-0.00033060023885496517,-0.00017120168479171238,2.2421875
0.0006030663095588243,-2.5401278467535414e-05,0.0012305412777924086,-5.892599378643117e-05,7.71847207715955e-08,-0.00016619097153516206,0.00011469701434693044,-0.00040677580087153376,-6.921072434091301e-05,-0.0002106718227045253,-0.0003507145213831677,-0.00015868874971807133,-0.0003306002388556158,-0.00017120168479171238,2.25
0.000603066309559832,-2.540127846652785e-05,0.0012305412777934431,-5.892599378549787e-05,7.718472170488633e-08,-0.0001661909715341348,0.00011469701434776977,-0.0004067758008706944,-6.921072434018871e-05,-0.0002106718227035177,-0.0003507145213823322,-0.00015868874971733323,-0.0003306002388548244,-0.0001712016847908397,2.2578125
0.0006030663095625012,-2.54012784638586e-05,0.0012305412777961343,-5.8925993782791494e-05,7.718472441127608e-08,-0.00016619097153115547,0.00011469701435027748,-0.0004067758008681867,-6.921072433718421e-05,-0.00021067182270084845,-0.00035071452137960276,-0.00015868874971473616,-0.0003306002388519033,-0.00017120168478837024,2.265625
0.0006030663095634714,-2.540127846288839e-05,0.0012305412777967443,-5.8925993781969825e-05,7.718472523294532e-08,-0.0001661909715306815,0.00011469701435085273,-0.0004067758008676115,-6.921072433645405e-05,-0.00021067182269987825,-0.00035071452137856295,-0.0001586887497137633,-0.0003306002388509747,-0.00017120168478762754,2.2734375
0.0006030663095625531,-2.5401278463806677e-05,0.0012305412777961987,-5.892599378252604e-05,7.718472467672479e-08,-0.00016619097153108595,0.00011469701435059034,-0.0004067758008678739,-6.921072433690584e-05,-0.00021067182270079654,-0.00035071452137924996,-0.00015868874971440772,-0.0003306002388518053,-0.000171201684788036,2.28125
0.0006030663095626863,-2.5401278463673482e-05,0.0012305412777960764,-5.8925993782550666e-05,7.718472465209716e-08,-0.00016619097153132054,0.00011469701435027434,-0.00040677580086818986,-6.921072433699022e-05,-0.00021067182270066335,-0.0003507145213797513,-0.0001586887497147561,-0.0003306002388520206,-0.00017120168478837024,2.2890625
0.0006030663095621858,-2.540127846417401e-05,0.001230541277795848,-5.8925993782921226e-05,7.718472428153826e-08,-0.0001661909715312085,0.00011469701435055378,-0.00040677580086791046,-6.921072433712551e-05,-0.00021067182270116387,-0.0003507145213797513,-0.00015868874971463758,-0.0003306002388516485,-0.00017120168478822168,2.296875
0.0006030663095621336,-2.5401278464226165e-05,0.001230541277795792,-5.89259937827877e-05,7.718472441506031e-08,-0.00016619097153146444,0.00011469701435012983,-0.0004067758008683344,-6.921072433719441e-05,-0.00021067182270121602,-0.00035071452137982556,-0.00015868874971442613,-0.0003306002388520471,-0.00017120168478822168,2.3046875
0.0006030663095618355,-2.540127846452439e-05,0.00123054127779535,-5.8925993783494416e-05,7.718472370834558e-08,-0.00016619097153210865,0.00011469701434967626,-0.0004067758008687879,-6.921072433792553e-05,-0.00021067182270151426,-0.00035071452138023403,-0.00015868874971503312,-0.0003306002388528877,-0.00017120168478877872,2.3125
0.0006030663095613659,-2.540127846499386e-05,0.001230541277795071,-5.892599378374107e-05,7.718472346168762e-08,-0.00016619097153264774,0.0001146970143492764,-0.00040677580086918776,-6.921072433823255e-05,-0.00021067182270198372,-0.00035071452138049397,-0.00015868874971554906,-0.00033060023885308327,-0.00017120168478915006,2.3203125
0.0006030663095600118,-2.5401278466347884e-05,0.001230541277793685,-5.892599378495004e-05,7.718472225272572e-08,-0.00016619097153355844,0.00011469701434814056,-0.0004067758008703237,-6.921072433942553e-05,-0.00021067182270333772,-0.00035071452138183085,-0.00015868874971672605,-0.0003306002388542419,-0.00017120168479052407,2.328125
0.0006030663095593583,-2.540127846700147e-05,0.0012305412777930394,-5.8925993785600154e-05,7.718472160261736e-08,-0.0001661909715342029,0.00011469701434741051,-0.00040677580087105367,-6.92107243400459e-05,-0.00021067182270399133,-0.0003507145213825736,-0.00015868874971739096,-0.0003306002388548658,-0.00017120168479104397,2.3359375
0.0006030663095604593,-2.5401278465900478e-05,0.001230541277793923,-5.892599378472196e-05,7.718472248080201e-08,-0.00016619097153353497,0.00011469701434823902,-0.0004067758008702252,-6.921072433934385e-05,-0.00021067182270289033,-0.0003507145213816823,-0.0001586887497164194,-0.0003306002388538225,-0.00017120168479015273,2.34375
0.0006030663095621421,-2.5401278464217704e-05,0.0012305412777961601,-5.8925993783057754e-05,7.718472414500655e-08,-0.00016619097153193295,0.00011469701435013251,-0.00040677580086833173,-6.92107243375729e-05,-0.00021067182270120756,-0.0003507145213797513,-0.0001586887497147645,-0.0003306002388522409,-0.00017120168478866732,2.3515625
0.0006030663095627306,-2.5401278463629203e-05,0.0012305412777961708,-5.89259937819308e-05,7.718472527196678e-08,-0.00016619097153102973,0.00011469701435094475,-0.00040677580086751944,-6.921072433684358e-05,-0.00021067182270061906,-0.00035071452137915715,-0.00015868874971424718,-0.0003306002388515847,-0.00017120168478837024,2.359375
0.0006030663095608219,-2.5401278465537843e-05,0.0012305412777946741,-5.892599378406225e-05,7.718472314051865e-08,-0.00016619097153268352,0.00011469701434900406,-0.0004067758008694601,-6.921072433847295e-05,-0.00021067182270252771,-0.0003507145213810139,-0.00015868874971589436,-0.00033060023885311124,-0.00017120168478963283,2.3671875
0.0006030663095601686,-2.5401278466191152e-05,0.0012305412777938421,-5.892599378479446e-05,7.7184722408297e-08,-0.00016619097153346466,0.00011469701434828362,-0.00040677580087018056,-6.92107243393513e-05,-0.00021067182270318103,-0.0003507145213816823,-0.0001586887497165846,-0.0003306002388540826,-0.00017120168479030126,2.375
0.0006030663095601082,-2.5401278466251505e-05,0.001230541277793682,-5.892599378509157e-05,7.718472211120429e-08,-0.00016619097153354592,0.00011469701434816063,-0.00040677580087030357,-6.921072433948359e-05,-0.00021067182270324136,-0.0003507145213819794,-0.00015868874971668206,-0.00033060023885421496,-0.00017120168479030126,2.3828125
0.0006030663095611864,-2.5401278465173283e-05,0.0012305412777946878,-5.8925993784347554e-05,7.718472285521132e-08,-0.0001661909715326363,0.00011469701434905469,-0.0004067758008694095,-6.921072433845198e-05,-0.00021067182270216315,-0.00035071452138108817,-0.00015868874971601272,-0.0003306002388532981,-0.00017120168478926149,2.390625
0.0006030663095614897,-2.540127846487006e-05,0.0012305412777952832,-5.892599378382152e-05,7.718472338124608e-08,-0.00016619097153204324,0.00011469701434971794,-0.0004067758008687463,-6.921072433795699e-05,-0.00021067182270185993,-0.00035071452138049397,-0.0001586887497151403,-0.0003306002388529168,-0.00017120168478926149,2.3984375
0.0006030663095618928,-2.5401278464467007e-05,0.0012305412777956618,-5.8925993783232785e-05,7.71847239699737e-08,-0.0001661909715317307,0.00011469701434998866,-0.00040677580086847555,-6.921072433750573e-05,-0.00021067182270145685,-0.00035071452138004836,-0.00015868874971480793,-0.0003306002388523645,-0.00017120168478866732,2.40625
0.0006030663095621995,-2.5401278464160198e-05,0.0012305412777959017,-5.892599378300026e-05,7.71847242025114e-08,-0.00016619097153156102,0.00011469701435015411,-0.0004067758008683101,-6.92107243374033e-05,-0.00021067182270115005,-0.00035071452137976056,-0.0001586887497146128,-0.0003306002388522024,-0.00017120168478841665,2.4140625
0.000603066309562044,-2.5401278464315743e-05,0.001230541277795781,-5.8925993783220784e-05,7.718472398197991e-08,-0.0001661909715316804,0.00011469701435000879,-0.0004067758008684554,-6.921072433758515e-05,-0.0002106718227013056,-0.00035071452137984415,-0.00015868874971484878,-0.0003306002388524665,-0.0001712016847885002,2.421875
0.0006030663095618755,-2.5401278464484337e-05,0.0012305412777955638,-5.8925993783380094e-05,7.718472382266995e-08,-0.00016619097153185153,0.00011469701434994487,-0.00040677580086851935,-6.921072433778842e-05,-0.0002106718227014742,-0.0003507145213801969,-0.00015868874971492893,-0.0003306002388525958,-0.00017120168478889012,2.4296875
0.0006030663095604454,-2.5401278465914366e-05,0.0012305412777941509,-5.892599378449448e-05,7.718472270829051e-08,-0.00016619097153326744,0.00011469701434870501,-0.00040677580086975924,-6.921072433911797e-05,-0.00021067182270290423,-0.0003507145213816823,-0.0001586887497162694,-0.0003306002388537612,-0.00017120168479000416,2.4375
0.0006030663095611724,-2.5401278465187425e-05,0.0012305412777947643,-5.892599378386966e-05,7.718472333310983e-08,-0.0001661909715327078,0.00011469701434916289,-0.0004067758008693013,-6.921072433858485e-05,-0.0002106718227021773,-0.0003507145213807911,-0.00015868874971576298,-0.00033060023885318903,-0.00017120168478941002,2.4453125
0.000603066309562495,-2.540127846386475e-05,0.001230541277796048,-5.8925993782639814e-05,7.718472456294779e-08,-0.00016619097153120578,0.00011469701435055222,-0.000406775800867912,-6.921072433697036e-05,-0.0002106718227008546,-0.0003507145213794821,-0.00015868874971434408,-0.00033060023885184364,-0.00017120168478816598,2.453125
0.0006030663095633799,-2.540127846297992e-05,0.0012305412777970542,-5.892599378200565e-05,7.718472519711173e-08,-0.00016619097153035303,0.00011469701435132523,-0.00040677580086713894,-6.921072433636222e-05,-0.00021067182269996978,-0.0003507145213787115,-0.00015868874971369234,-0.00033060023885121714,-0.0001712016847874047,2.4609375
0.0006030663095619198,-2.5401278464440044e-05,0.0012305412777955077,-5.892599378300158e-05,7.718472420118027e-08,-0.0001661909715316242,0.00011469701435025173,-0.00040677580086821247,-6.921072433735378e-05,-0.0002106718227014299,-0.0003507145213797513,-0.00015868874971482807,-0.0003306002388521748,-0.00017120168478851878,2.46875
0.0006030663095606864,-2.5401278465673347e-05,0.0012305412777943432,-5.8925993784216325e-05,7.718472298644544e-08,-0.00016619097153270244,0.00011469701434895623,-0.000406775800869508,-6.921072433885684e-05,-0.0002106718227026632,-0.00035071452138131097,-0.00015868874971587674,-0.0003306002388536659,-0.0001712016847897071,2.4765625
0.0006030663095605022,-2.5401278465857516e-05,0.0012305412777944126,-5.8925993784381924e-05,7.718472282084221e-08,-0.00016619097153294525,0.00011469701434851503,-0.0004067758008699492,-6.92107243388599e-05,-0.0002106718227028474,-0.0003507145213814595,-0.00015868874971607005,-0.00033060023885362824,-0.00017120168478978136,2.484375
0.0006030663095603383,-2.5401278466021437e-05,0.0012305412777939674,-5.8925993784693225e-05,7.718472250954284e-08,-0.00016619097153335125,0.00011469701434826132,-0.0004067758008702029,-6.9210724339141e-05,-0.00021067182270301132,-0.00035071452138160804,-0.00015868874971648923,-0.000330600238853927,-0.00017120168479015273,2.4921875
0.0006030663095591815,-2.540127846717825e-05,0.0012305412777928117,-5.8925993785851194e-05,7.718472135156908e-08,-0.00016619097153454078,0.00011469701434720917,-0.000406775800871255,-6.92107243403766e-05,-0.0002106718227041681,-0.0003507145213827221,-0.00015868874971761564,-0.00033060023885504676,-0.00017120168479137817,2.5
0.0006030663095599256,-2.5401278466434152e-05,0.0012305412777933906,-5.892599378529277e-05,7.718472190999209e-08,-0.00016619097153390948,0.00011469701434780611,-0.0004067758008706581,-6.921072433988344e-05,-0.000210671822703424,-0.0003507145213819794,-0.00015868874971700206,-0.0003306002388546498,-0.000171201684790784,2.5078125
0.0006030663095609232,-2.5401278465436588e-05,0.0012305412777945195,-5.892599378449017e-05,7.718472271259849e-08,-0.00016619097153290757,0.00011469701434889218,-0.00040677580086957206,-6.921072433878203e-05,-0.00021067182270242642,-0.00035071452138138524,-0.00015868874971600104,-0.0003306002388535455,-0.00017120168479000416,2.515625
0.0006030663095617924,-2.5401278464567356e-05,0.0012305412777954276,-5.892599378338884e-05,7.718472381392308e-08,-0.00016619097153195743,0.00011469701434958763,-0.00040677580086887654,-6.921072433782882e-05,-0.0002106718227015572,-0.00035071452138004836,-0.00015868874971513097,-0.0003306002388525688,-0.00017120168478866732,2.5234375
0.0006030663095635154,-2.5401278462844383e-05,0.0012305412777971758,-5.892599378144306e-05,7.718472575970893e-08,-0.0001661909715300082,0.00011469701435145574,-0.00040677580086700846,-6.921072433586018e-05,-0.00021067182269983423,-0.0003507145213785258,-0.00015868874971332512,-0.0003306002388506962,-0.0001712016847869591,2.53125
0.0006030663095625876,-2.5401278463772145e-05,0.0012305412777962735,-5.892599378240796e-05,7.718472479481213e-08,-0.00016619097153096717,0.0001146970143507077,-0.0004067758008677565,-6.921072433676648e-05,-0.00021067182270076198,-0.0003507145213793057,-0.00015868874971424713,-0.00033060023885165906,-0.0001712016847879246,2.5390625
0.0006030663095594534,-2.5401278466906397e-05,0.001230541277793209,-5.892599378573717e-05,7.71847214655973e-08,-0.0001661909715342253,0.00011469701434761377,-0.00040677580087085044,-6.921072434005472e-05,-0.00021067182270389628,-0.0003507145213823508,-0.0001586887497174201,-0.00033060023885498317,-0.0001712016847911925,2.546875
0.0006030663095589733,-2.5401278467386424e-05,0.0012305412777925881,-5.8925993786467854e-05,7.718472073490935e-08,-0.00016619097153511032,0.00011469701434702815,-0.00040677580087143607,-6.921072434099056e-05,-0.00021067182270437628,-0.0003507145213829449,-0.0001586887497180412,-0.0003306002388558582,-0.0001712016847919352,2.5546875
0.0006030663095614071,-2.5401278464952685e-05,0.0012305412777951995,-5.8925993783774174e-05,7.71847234285928e-08,-0.00016619097153248682,0.0001146970143495692,-0.00040677580086889497,-6.921072433855498e-05,-0.00021067182270194254,-0.00035071452138012263,-0.00015868874971571516,-0.0003306002388531507,-0.00017120168478941002,2.5625
0.0006030663095642824,-2.5401278462077398e-05,0.0012305412777978792,-5.892599378089888e-05,7.71847263038843e-08,-0.00016619097152973983,0.0001146970143521272,-0.000406775800866337,-6.921072433559188e-05,-0.00021067182269906727,-0.00035071452137767174,-0.00015868874971281284,-0.0003306002388502687,-0.00017120168478658773,2.5703125
0.0006030663095641335,-2.5401278462226174e-05,0.0012305412777977585,-5.892599378101517e-05,7.718472618759917e-08,-0.00016619097152951014,0.00011469701435211051,-0.0004067758008663537,-6.921072433533822e-05,-0.00021067182269921602,-0.00035071452137767174,-0.00015868874971271374,-0.000330600238850217,-0.00017120168478658773,2.578125
0.0006030663095625634,-2.5401278463796377e-05,0.0012305412777960521,-5.892599378272927e-05,7.718472447349693e-08,-0.00016619097153118732,0.00011469701435048944,-0.0004067758008679747,-6.921072433714194e-05,-0.00021067182270078624,-0.0003507145213795656,-0.00015868874971447248,-0.00033060023885207046,-0.00017120168478825882,2.5859375
0.0006030663095610572,-2.540127846530253e-05,0.001230541277794581,-5.8925993783882635e-05,7.718472332012913e-08,-0.00016619097153282316,0.00011469701434929869,-0.00040677580086916553,-6.921072433824802e-05,-0.0002106718227022924,-0.0003507145213810139,-0.00015868874971571693,-0.0003306002388532485,-0.00017120168478933575,2.59375
0.0006030663095599045,-2.540127846645532e-05,0.0012305412777936834,-5.8925993785128275e-05,7.718472207449431e-08,-0.00016619097153351873,0.0001146970143483014,-0.0004067758008701628,-6.921072433902353e-05,-0.0002106718227034452,-0.0003507145213821279,-0.00015868874971633798,-0.0003306002388541746,-0.0001712016847904498,2.6015625
0.000603066309560886,-2.5401278465473695e-05,0.001230541277794794,-5.8925993784035236e-05,7.718472316752881e-08,-0.00016619097153260012,0.00011469701434912321,-0.00040677580086934096,-6.921072433831636e-05,-0.00021067182270246356,-0.00035071452138108817,-0.0001586887497155339,-0.00033060023885299116,-0.00017120168478926149,2.609375
0.0006030663095632991,-2.5401278463060617e-05,0.001230541277796601,-5.892599378193781e-05,7.718472526495944e-08,-0.00016619097153036864,0.00011469701435112375,-0.00040677580086734044,-6.92107243364378e-05,-0.00021067182270005048,-0.0003507145213788601,-0.00015868874971381852,-0.0003306002388511523,-0.00017120168478755327,2.6171875
0.0006030663095626438,-2.5401278463715973e-05,0.0012305412777962694,-5.892599378235179e-05,7.718472485097913e-08,-0.00016619097153108207,0.00011469701435086069,-0.0004067758008676035,-6.921072433685458e-05,-0.00021067182270070585,-0.0003507145213793057,-0.00015868874971410813,-0.00033060023885178374,-0.00017120168478807315,2.625
0.0006030663095617495,-2.5401278464610308e-05,0.0012305412777954177,-5.89259937834318e-05,7.718472377096957e-08,-0.0001661909715320762,0.00011469701434969479,-0.0004067758008687694,-6.92107243378874e-05,-0.00021067182270160018,-0.0003507145213801969,-0.00015868874971494522,-0.000330600238852439,-0.00017120168478881585,2.6328125
0.0006030663095590921,-2.540127846726764e-05,0.001230541277792751,-5.892599378605199e-05,7.718472115077204e-08,-0.00016619097153466785,0.00011469701434712034,-0.00040677580087134386,-6.921072434012734e-05,-0.0002106718227042575,-0.00035071452138264785,-0.00015868874971751047,-0.0003306002388551982,-0.0001712016847914153,2.640625
0.0006030663095586691,-2.5401278467690573e-05,0.0012305412777927828,-5.8925993786544555e-05,7.718472065821115e-08,-0.00016619097153475367,0.00011469701434685227,-0.00040677580087161193,-6.92107243410321e-05,-0.00021067182270468043,-0.00035071452138309345,-0.00015868874971782478,-0.00033060023885559385,-0.00017120168479171238,2.6484375
0.0006030663095587507,-2.5401278467609028e-05,0.001230541277792472,-5.892599378613343e-05,7.718472106933131e-08,-0.0001661909715349326,0.00011469701434655375,-0.00040677580087191046,-6.921072434074238e-05,-0.00021067182270459892,-0.0003507145213831677,-0.00015868874971813922,-0.00033060023885546455,-0.00017120168479178667,2.65625
0.0006030663095572558,-2.540127846910405e-05,0.0012305412777910867,-5.892599378762846e-05,7.718471957430697e-08,-0.00016619097153621856,0.00011469701434559238,-0.0004067758008728718,-6.921072434230403e-05,-0.00021067182270609393,-0.0003507145213845046,-0.0001586887497191362,-0.0003306002388568899,-0.00017120168479312352,2.6640625
0.0006030663095577642,-2.540127846859556e-05,0.0012305412777914298,-5.892599378756559e-05,7.718471963717761e-08,-0.00016619097153608596,0.0001146970143458083,-0.0004067758008726559,-6.921072434208186e-05,-0.0002106718227055854,-0.0003507145213845046,-0.00015868874971897756,-0.0003306002388568038,-0.00017120168479342062,2.671875
0.0006030663095619169,-2.5401278464442883e-05,0.0012305412777954467,-5.8925993783505746e-05,7.718472369701829e-08,-0.00016619097153199725,0.00011469701434983931,-0.0004067758008686249,-6.921072433770642e-05,-0.00021067182270143275,-0.00035071452138004836,-0.00015868874971518236,-0.0003306002388527096,-0.00017120168478874158,2.6796875
0.0006030663095661684,-2.5401278460191415e-05,0.0012305412777998475,-5.892599377916144e-05,7.718472804132412e-08,-0.00016619097152748458,0.0001146970143542009,-0.0004067758008642633,-6.921072433337468e-05,-0.00021067182269718127,-0.0003507145213755922,-0.00015868874971096996,-0.0003306002388480615,-0.00017120168478480525,2.6875
0.0006030663095652591,-2.5401278461100637e-05,0.0012305412777987705,-5.8925993779922126e-05,7.718472728064047e-08,-0.0001661909715280849,0.00011469701435331699,-0.0004067758008651472,-6.921072433418731e-05,-0.0002106718226980905,-0.00035071452137633486,-0.00015868874971166746,-0.0003306002388487688,-0.0001712016847852509,2.6953125
0.0006030663095638163,-2.5401278462543425e-05,0.0012305412777974256,-5.892599378127207e-05,7.718472593069194e-08,-0.0001661909715296861,0.00011469701435203261,-0.0004067758008664316,-6.921072433543275e-05,-0.0002106718226995333,-0.00035071452137856295,-0.0001586887497130869,-0.00033060023885012204,-0.00017120168478688483,2.703125
0.0006030663095639467,-2.540127846241312e-05,0.0012305412777976908,-5.892599378086326e-05,7.718472633950765e-08,-0.0001661909715297511,0.00011469701435213544,-0.0004067758008663287,-6.92107243355137e-05,-0.00021067182269940302,-0.0003507145213779688,-0.00015868874971280349,-0.0003306002388500878,-0.00017120168478658773,2.7109375
0.0006030663095630811,-2.5401278463278694e-05,0.001230541277796718,-5.8925993781506016e-05,7.718472569674882e-08,-0.00016619097152924307,0.00011469701435115884,-0.00040677580086730537,-6.921072433543419e-05,-0.00021067182270026856,-0.00035071452137822875,-0.0001586887497133757,-0.0003306002388505326,-0.00017120168478651347,2.71875
0.0006030663095615261,-2.5401278464833663e-05,0.0012305412777950406,-5.892599378343233e-05,7.718472377042873e-08,-0.00016619097153204883,0.00011469701434966634,-0.0004067758008687979,-6.921072433749085e-05,-0.00021067182270182353,-0.00035071452138049397,-0.00015868874971482,-0.0003306002388525293,-0.00017120168478881585,2.7265625
0.0006030663095603828,-2.5401278465976897e-05,0.0012305412777939085,-5.892599378487961e-05,7.718472232314982e-08,-0.00016619097153340058,0.00011469701434806087,-0.0004067758008704033,-6.921072433935351e-05,-0.0002106718227029668,-0.0003507145213816823,-0.0001586887497164946,-0.00033060023885393854,-0.000171201684790227,2.734375
0.0006030663095596252,-2.5401278466734524e-05,0.0012305412777930068,-5.8925993785593154e-05,7.718472160961724e-08,-0.00016619097153406772,0.00011469701434732647,-0.00040677580087113775,-6.921072434039894e-05,-0.00021067182270372438,-0.0003507145213827221,-0.00015868874971739844,-0.0003306002388553855,-0.00017120168479148958,2.7421875
0.0006030663095593786,-2.540127846698107e-05,0.0012305412777927592,-5.892599378550548e-05,7.718472169728712e-08,-0.00016619097153517954,0.00011469701434597706,-0.00040677580087248715,-6.92107243406764e-05,-0.00021067182270397095,-0.00035071452138287065,-0.00015868874971874662,-0.00033060023885559856,-0.00017120168479174954,2.75
0.0006030663095582392,-2.5401278468120632e-05,0.0012305412777921776,-5.892599378694212e-05,7.718472026064689e-08,-0.0001661909715356045,0.00011469701434627672,-0.0004067758008721875,-6.921072434133824e-05,-0.0002106718227051105,-0.0003507145213839104,-0.00015868874971848508,-0.0003306002388561039,-0.0001712016847919352,2.7578125
0.0006030663095574402,-2.540127846891955e-05,0.0012305412777913276,-5.892599378774104e-05,7.718471946172903e-08,-0.00016619097153619525,0.00011469701434541818,-0.000406775800873046,-6.921072434202998e-05,-0.0002106718227059094,-0.00035071452138435606,-0.0001586887497192182,-0.00033060023885698195,-0.00017120168479282645,2.765625
0.0006030663095592331,-2.5401278467126578e-05,0.0012305412777929077,-5.892599378587379e-05,7.718472132897163e-08,-0.00016619097153468268,0.0001146970143471202,-0.000406775800871344,-6.921072434036182e-05,-0.00021067182270411645,-0.00035071452138264785,-0.0001586887497176006,-0.0003306002388549358,-0.00017120168479121107,2.7734375
0.0006030663095627155,-2.5401278463644243e-05,0.001230541277796257,-5.892599378246573e-05,7.718472473703514e-08,-0.00016619097153106041,0.00011469701435075968,-0.00040677580086770457,-6.921072433695723e-05,-0.00021067182270063413,-0.0003507145213793057,-0.0001586887497141252,-0.0003306002388517039,-0.0001712016847879246,2.78125
0.0006030663095627498,-2.5401278463609982e-05,0.0012305412777964834,-5.8925993782320056e-05,7.718472488270344e-08,-0.00016619097153070957,0.00011469701435103436,-0.0004067758008674299,-6.921072433643455e-05,-0.00021067182270059984,-0.00035071452137915715,-0.00015868874971381968,-0.0003306002388516508,-0.000171201684787479,2.7890625
0.0006030663095618884,-2.5401278464471398e-05,0.0012305412777957301,-5.8925993783292876e-05,7.718472390988457e-08,-0.00016619097153147043,0.00011469701434999815,-0.00040677580086846606,-6.921072433778091e-05,-0.00021067182270146124,-0.0003507145213801969,-0.00015868874971501973,-0.00033060023885233636,-0.00017120168478874158,2.796875
0.0006030663095614921,-2.540127846486766e-05,0.001230541277795004,-5.89259937836613e-05,7.71847235414687e-08,-0.00016619097153215326,0.00011469701434942424,-0.00040677580086904,-6.921072433802212e-05,-0.00021067182270185752,-0.00035071452138064256,-0.00015868874971557931,-0.0003306002388528869,-0.00017120168478933575,2.8046875
0.000603066309562856,-2.5401278463503706e-05,0.0012305412777963158,-5.892599378232519e-05,7.718472487757235e-08,-0.00016619097153091402,0.0001146970143508201,-0.00040677580086764413,-6.921072433692721e-05,-0.00021067182270049356,-0.0003507145213792314,-0.0001586887497142057,-0.0003306002388515862,-0.00017120168478796174,2.8125
0.0006030663095644895,-2.5401278461870285e-05,0.0012305412777980297,-5.892599378043182e-05,7.718472677094106e-08,-0.00016619097152900157,0.00011469701435269438,-0.0004067758008657698,-6.921072433480513e-05,-0.00021067182269886016,-0.00035071452137744894,-0.00015868874971248622,-0.00033060023884974837,-0.0001712016847862164,2.8203125
0.0006030663095654829,-2.540127846087682e-05,0.0012305412777990268,-5.892599377979115e-05,7.718472741161941e-08,-0.00016619097152816137,0.00011469701435341404,-0.0004067758008650502,-6.921072433414534e-05,-0.00021067182269786668,-0.00035071452137663193,-0.0001586887497114731,-0.0003306002388492083,-0.00017120168478539942,2.828125
0.0006030663095624642,-2.540127846389563e-05,0.001230541277796106,-5.892599378271712e-05,7.718472448564755e-08,-0.00016619097153115355,0.00011469701435038715,-0.00040677580086807705,-6.921072433704072e-05,-0.0002106718227008855,-0.00035071452138004836,-0.0001586887497144864,-0.00033060023885210065,-0.00017120168478807315,2.8359375
0.0006030663095597097,-2.5401278466650048e-05,0.0012305412777930788,-5.892599378532299e-05,7.718472187977327e-08,-0.0001661909715342463,0.00011469701434752545,-0.0004067758008709388,-6.921072433991663e-05,-0.00021067182270363992,-0.00035071452138242504,-0.00015868874971729815,-0.00033060023885481924,-0.00017120168479074687,2.84375
0.0006030663095602705,-2.540127846608928e-05,0.0012305412777939362,-5.892599378468795e-05,7.718472251480948e-08,-0.00016619097153335356,0.00011469701434838555,-0.00040677580087007865,-6.921072433920607e-05,-0.0002106718227030791,-0.0003507145213817009,-0.00015868874971647495,-0.0003306002388538508,-0.00017120168479026413,2.8515625
0.00060306630956117,-2.540127846518976e-05,0.0012305412777949333,-5.892599378401125e-05,7.71847231915189e-08,-0.00016619097153243036,0.00011469701434929853,-0.00040677580086916564,-6.921072433823717e-05,-0.0002106718227021796,-0.0003507145213807911,-0.00015868874971558522,-0.00033060023885340137,-0.00017120168478926149,2.859375
0.000603066309562038,-2.5401278464321757e-05,0.0012305412777959919,-5.892599378292044e-05,7.718472428232989e-08,-0.00016619097153129688,0.00011469701435053234,-0.0004067758008679319,-6.921072433746716e-05,-0.00021067182270131162,-0.000350714521379677,-0.00015868874971439328,-0.0003306002388521849,-0.0001712016847880917,2.8671875
0.0006030663095610303,-2.5401278465329415e-05,0.0012305412777947207,-5.892599378437371e-05,7.718472282905413e-08,-0.0001661909715328915,0.00011469701434892334,-0.00040677580086954083,-6.921072433879239e-05,-0.00021067182270231928,-0.00035071452138108817,-0.00015868874971581326,-0.0003306002388534625,-0.0001712016847897071,2.875
0.0006030663095596643,-2.5401278466695394e-05,0.001230541277793211,-5.892599378554473e-05,7.718472165803298e-08,-0.00016619097153410423,0.00011469701434756655,-0.00040677580087089766,-6.921072433998667e-05,-0.00021067182270368526,-0.0003507145213821279,-0.00015868874971717472,-0.00033060023885484705,-0.00017120168479074687,2.8828125
0.0006030663095586485,-2.5401278467711227e-05,0.0012305412777925374,-5.892599378645845e-05,7.718472074432261e-08,-0.00016619097153512203,0.00011469701434705869,-0.0004067758008714055,-6.921072434075485e-05,-0.0002106718227047011,-0.00035071452138361333,-0.000158688749717802,-0.00033060023885562057,-0.0001712016847916381,2.890625
0.0006030663095589573,-2.540127846740244e-05,0.001230541277792733,-5.892599378594542e-05,7.718472125735121e-08,-0.00016619097153443887,0.00011469701434739227,-0.00040677580087107194,-6.921072434050242e-05,-0.0002106718227043923,-0.00035071452138287065,-0.00015868874971742956,-0.00033060023885485274,-0.0001712016847911925,2.8984375
0.0006030663095612228,-2.540127846513696e-05,0.001230541277794889,-5.892599378377277e-05,7.718472342999515e-08,-0.00016619097153250872,0.00011469701434922255,-0.00040677580086924165,-6.921072433836732e-05,-0.0002106718227021268,-0.0003507145213806797,-0.0001586887497154898,-0.00033060023885300857,-0.00017120168478915006,2.90625
0.0006030663095624885,-2.5401278463871295e-05,0.0012305412777964544,-5.8925993782200746e-05,7.718472500202292e-08,-0.00016619097153090868,0.0001146970143506366,-0.00040677580086782763,-6.921072433691969e-05,-0.00021067182270086116,-0.00035071452137915715,-0.0001586887497140598,-0.0003306002388518743,-0.0001712016847879246,2.9140625
0.000603066309561241,-2.5401278465118805e-05,0.0012305412777952177,-5.892599378340184e-05,7.718472380093385e-08,-0.00016619097153184977,0.00011469701434960254,-0.0004067758008688617,-6.921072433778506e-05,-0.00021067182270210867,-0.0003507145213801969,-0.0001586887497151233,-0.0003306002388528944,-0.00017120168478926149,2.921875
0.0006030663095602273,-2.540127846613248e-05,0.0012305412777939351,-5.892599378502824e-05,7.718472217452687e-08,-0.00016619097153361222,0.00011469701434822358,-0.00040677580087024063,-6.921072433975674e-05,-0.00021067182270312235,-0.0003507145213819794,-0.00015868874971697606,-0.0003306002388539905,-0.00017120168479059833,2.9296875
0.00060306630956101,-2.5401278465349686e-05,0.0012305412777947294,-5.89259937839855e-05,7.718472321726595e-08,-0.00016619097153231793,0.00011469701434923762,-0.0004067758008692266,-6.921072433839986e-05,-0.00021067182270233955,-0.00035071452138064256,-0.00015868874971567638,-0.0003306002388531734,-0.0001712016847897071,2.9375
0.0006030663095633174,-2.5401278463042328e-05,0.0012305412777972096,-5.8925993781678134e-05,7.718472552462753e-08,-0.00016619097153042206,0.00011469701435147371,-0.0004067758008669905,-6.92107243362889e-05,-0.0002106718227000322,-0.00035071452137856295,-0.00015868874971331618,-0.00033060023885086705,-0.0001712016847871819,2.9453125
0.000603066309564723,-2.5401278461636737e-05,0.0012305412777984252,-5.892599378056963e-05,7.718472663313395e-08,-0.00016619097152892483,0.00011469701435278764,-0.00040677580086567657,-6.921072433484344e-05,-0.00021067182269862662,-0.0003507145213773004,-0.00015868874971223937,-0.0003306002388497342,-0.00017120168478606786,2.953125
0.0006030663095630958,-2.5401278463263935e-05,0.001230541277796671,-5.892599378230824e-05,7.718472489453222e-08,-0.00016619097153074998,0.00011469701435128413,-0.0004067758008671801,-6.921072433622451e-05,-0.00021067182270025382,-0.0003507145213787115,-0.00015868874971374563,-0.00033060023885159455,-0.00017120168478762754,2.9609375
0.0006030663095618541,-2.540127846450569e-05,0.0012305412777952763,-5.892599378338288e-05,7.718472381988845e-08,-0.0001661909715321231,0.00011469701434933821,-0.00040677580086912596,-6.921072433794617e-05,-0.00021067182270149555,-0.00035071452138064256,-0.0001586887497152788,-0.0003306002388527562,-0.00017120168478866732,2.96875
0.0006030663095608752,-2.5401278465484615e-05,0.0012305412777943977,-5.892599378423648e-05,7.718472296629185e-08,-0.00016619097153274703,0.00011469701434883053,-0.0004067758008696337,-6.92107243387257e-05,-0.00021067182270247448,-0.0003507145213812367,-0.00015868874971589143,-0.00033060023885344815,-0.00017120168478955856,2.9765625
0.0006030663095611058,-2.5401278465254015e-05,0.0012305412777947368,-5.892599378370415e-05,7.718472349861434e-08,-0.0001661909715322545,0.00011469701434942123,-0.000406775800869043,-6.921072433829041e-05,-0.00021067182270224387,-0.00035071452138086536,-0.00015868874971555316,-0.0003306002388530266,-0.00017120168478928005,2.984375
0.0006030663095607286,-2.5401278465631152e-05,0.001230541277794279,-5.8925993784341225e-05,7.718472286153408e-08,-0.00016619097153289353,0.00011469701434897176,-0.0004067758008694924,-6.921072433902544e-05,-0.00021067182270262104,-0.00035071452138138524,-0.00015868874971607048,-0.00033060023885372007,-0.00017120168478985563,2.9921875
0.0006030663095604398,-2.540127846592e-05,0.0012305412777941752,-5.892599378465794e-05,7.718472254482995e-08,-0.00016619097153321743,0.00011469701434844876,-0.0004067758008700155,-6.92107243391246e-05,-0.00021067182270290987,-0.00035071452138140383,-0.0001586887497161935,-0.00033060023885389056,-0.00017120168479000416,3.0
0.0006030663095597257,-2.54012784666341e-05,0.0012305412777933924,-5.892599378530704e-05,7.71847218957208e-08,-0.00016619097153373994,0.00011469701434760803,-0.0004067758008708562,-6.921072433971925e-05,-0.00021067182270362398,-0.00035071452138205365,-0.00015868874971691933,-0.0003306002388543923,-0.0001712016847905612,3.0078125
0.000603066309559611,-2.5401278466748808e-05,0.0012305412777930981,-5.892599378545889e-05,7.718472174387632e-08,-0.0001661909715342647,0.00011469701434744847,-0.0004067758008710157,-6.921072434008684e-05,-0.00021067182270373866,-0.0003507145213824993,-0.0001586887497170942,-0.00033060023885461893,-0.00017120168479082114,3.015625
0.0006030663095601026,-2.540127846625724e-05,0.0012305412777937324,-5.892599378478165e-05,7.718472242111943e-08,-0.00016619097153339993,0.00011469701434831881,-0.0004067758008701454,-6.921072433934256e-05,-0.0002106718227032471,-0.00035071452138183085,-0.00015868874971665422,-0.0003306002388539782,-0.00017120168479030126,3.0234375
0.0006030663095613167,-2.540127846504307e-05,0.001230541277794899,-5.8925993783716013e-05,7.718472348674885e-08,-0.00016619097153246353,0.00011469701434936516,-0.0004067758008690991,-6.921072433826288e-05,-0.0002106718227020329,-0.0003507145213805683,-0.0001586887497154862,-0.00033060023885298043,-0.00017120168478929862,3.03125
0.0006030663095628406,-2.54012784635191e-05,0.0012305412777964392,-5.892599378234058e-05,7.718472486218008e-08,-0.0001661909715310903,0.00011469701435066848,-0.0004067758008677957,-6.921072433696876e-05,-0.00021067182270050896,-0.0003507145213790829,-0.00015868874971419915,-0.00033060023885170476,-0.00017120168478777607,3.0390625
0.0006030663095628066,-2.5401278463553166e-05,0.0012305412777966487,-5.892599378228182e-05,7.718472492094648e-08,-0.00016619097153073342,0.00011469701435100475,-0.0004067758008674595,-6.921072433666093e-05,-0.00021067182270054303,-0.00035071452137899,-0.00015868874971416213,-0.00033060023885162084,-0.0001712016847878132,3.046875
0.0006030663095609809,-2.5401278465378844e-05,0.0012305412777946754,-5.892599378420033e-05,7.718472300243207e-08,-0.00016619097153245977,0.00011469701434906115,-0.00040677580086940303,-6.921072433849023e-05,-0.0002106718227023687,-0.00035071452138108817,-0.00015868874971597648,-0.00033060023885335155,-0.00017120168478978136,3.0546875
0.0006030663095611126,-2.54012784652472e-05,0.0012305412777947806,-5.8925993784068684e-05,7.71847231340806e-08,-0.00016619097153271352,0.00011469701434883552,-0.0004067758008696287,-6.921072433852407e-05,-0.00021067182270223707,-0.0003507145213809025,-0.000158688749715953,-0.000330600238853076,-0.0001712016847895957,3.0625
0.0006030663095609205,-2.5401278465439343e-05,0.0012305412777944928,-5.8925993784130856e-05,7.718472307191065e-08,-0.00016619097153272588,0.00011469701434870495,-0.00040677580086975924,-6.921072433864692e-05,-0.0002106718227024292,-0.00035071452138131097,-0.0001586887497158766,-0.00033060023885338776,-0.00017120168478978136,3.0703125
0.0006030663095607411,-2.5401278465618663e-05,0.0012305412777944959,-5.892599378426608e-05,7.718472293668805e-08,-0.00016619097153291275,0.0001146970143487885,-0.0004067758008696757,-6.921072433870934e-05,-0.00021067182270260852,-0.00035071452138116244,-0.00015868874971601243,-0.00033060023885353554,-0.00017120168478974423,3.078125
0.0006030663095606696,-2.5401278465690132e-05,0.0012305412777945239,-5.892599378434451e-05,7.71847228582543e-08,-0.00016619097153311547,0.00011469701434870438,-0.00040677580086975984,-6.92107243388206e-05,-0.00021067182270268,-0.0003507145213811253,-0.0001586887497161217,-0.00033060023885361057,-0.0001712016847899299,3.0859375
0.0006030663095615011,-2.540127846485862e-05,0.0012305412777951518,-5.892599378390292e-05,7.718472329984594e-08,-0.000166190971532594,0.00011469701434919604,-0.00040677580086926815,-6.921072433830785e-05,-0.0002106718227018485,-0.00035071452138049397,-0.00015868874971550068,-0.0003306002388528514,-0.00017120168478926149,3.09375
0.0006030663095607673,-2.5401278465592503e-05,0.0012305412777945063,-5.892599378433972e-05,7.718472286304458e-08,-0.00016619097153273713,0.00011469701434883693,-0.0004067758008696273,-6.921072433872214e-05,-0.00021067182270258236,-0.00035071452138116244,-0.00015868874971594813,-0.0003306002388535431,-0.0001712016847897071,3.1015625
0.0006030663095613004,-2.5401278465059435e-05,0.001230541277795027,-5.892599378395519e-05,7.718472324757454e-08,-0.0001661909715323329,0.00011469701434961022,-0.000406775800868854,-6.92107243380721e-05,-0.0002106718227020493,-0.00035071452138064256,-0.00015868874971531114,-0.0003306002388529354,-0.00017120168478911292,3.109375
0.0006030663095615853,-2.540127846477446e-05,0.0012305412777953784,-5.892599378359595e-05,7.718472360681722e-08,-0.00016619097153219267,0.00011469701434966863,-0.0004067758008687956,-6.921072433752515e-05,-0.0002106718227017643,-0.0003507145213801969,-0.00015868874971531916,-0.0003306002388527482,-0.00017120168478881585,3.1171875
0.0006030663095633183,-2.540127846304143e-05,0.0012305412777971437,-5.892599378151013e-05,7.718472569263097e-08,-0.00016619097153011393,0.00011469701435165012,-0.0004067758008668141,-6.921072433580468e-05,-0.00021067182270003129,-0.0003507145213782659,-0.00015868874971335133,-0.00033060023885075136,-0.00017120168478703337,3.125
0.0006030663095637662,-2.5401278462593566e-05,0.0012305412777973454,-5.892599378132222e-05,7.718472588055009e-08,-0.000166190971529727,0.00011469701435217748,-0.00040677580086628676,-6.921072433563037e-05,-0.00021067182269958343,-0.00035071452137822875,-0.0001586887497129678,-0.00033060023885035476,-0.00017120168478688483,3.1328125
0.0006030663095608434,-2.5401278465516314e-05,0.0012305412777945104,-5.8925993783947884e-05,7.71847232548817e-08,-0.00016619097153280628,0.00011469701434896565,-0.00040677580086949855,-6.921072433871372e-05,-0.00021067182270250617,-0.0003507145213810139,-0.0001586887497159518,-0.00033060023885319976,-0.00017120168478963283,3.140625
0.0006030663095602341,-2.5401278466125707e-05,0.001230541277793872,-5.8925993784845075e-05,7.718472235769256e-08,-0.00016619097153360246,0.00011469701434817172,-0.00040677580087029245,-6.921072433941017e-05,-0.00021067182270311557,-0.0003507145213816823,-0.00015868874971665175,-0.00033060023885418395,-0.00017120168479015273,3.1484375
0.0006030663095608668,-2.540127846549296e-05,0.0012305412777945904,-5.8925993784314446e-05,7.718472288831933e-08,-0.00016619097153290605,0.00011469701434883362,-0.00040677580086963055,-6.921072433889841e-05,-0.00021067182270248283,-0.0003507145213811253,-0.00015868874971593607,-0.0003306002388536754,-0.0001712016847897071,3.15625
0.0006030663095606546,-2.5401278465705108e-05,0.0012305412777944371,-5.8925993784600865e-05,7.718472260189736e-08,-0.00016619097153325487,0.00011469701434860957,-0.0004067758008698546,-6.921072433888612e-05,-0.00021067182270269498,-0.0003507145213812367,-0.00015868874971607065,-0.00033060023885371026,-0.00017120168478985563,3.1640625
0.0006030663095610413,-2.5401278465318468e-05,0.0012305412777945319,-5.892599378428849e-05,7.718472291427033e-08,-0.0001661909715330092,0.00011469701434898866,-0.0004067758008694755,-6.921072433882137e-05,-0.00021067182270230833,-0.00035071452138093963,-0.00015868874971588219,-0.0003306002388535687,-0.00017120168478966996,3.171875
0.0006030663095601904,-2.54012784661693e-05,0.0012305412777938991,-5.892599378497222e-05,7.71847222305477e-08,-0.00016619097153358717,0.0001146970143481899,-0.0004067758008702743,-6.921072433936064e-05,-0.00021067182270315915,-0.00035071452138183085,-0.00015868874971671333,-0.0003306002388542203,-0.0001712016847904498,3.1796875
0.0006030663095615966,-2.54012784647632e-05,0.0012305412777954075,-5.892599378373323e-05,7.718472346953652e-08,-0.00016619097153220663,0.00011469701434951943,-0.00040677580086894474,-6.921072433808579e-05,-0.00021067182270175308,-0.00035071452138045684,-0.00015868874971533765,-0.0003306002388529805,-0.0001712016847890758,3.1875
0.0006030663095601459,-2.5401278466213805e-05,0.0012305412777939607,-5.892599378481248e-05,7.718472239028476e-08,-0.0001661909715333998,0.00011469701434818273,-0.00040677580087028145,-6.921072433896147e-05,-0.00021067182270320366,-0.0003507145213816823,-0.0001586887497163811,-0.0003306002388540482,-0.00017120168479000416,3.1953125
0.000603066309559185,-2.5401278467174747e-05,0.0012305412777927575,-5.892599378577342e-05,7.718472142933957e-08,-0.00016619097153416516,0.00011469701434739757,-0.0004067758008710667,-6.921072434019612e-05,-0.0002106718227041646,-0.0003507145213824993,-0.0001586887497175181,-0.00033060023885462213,-0.0001712016847911925,3.203125
0.0006030663095601408,-2.540127846621893e-05,0.0012305412777934297,-5.892599378518896e-05,7.71847220138057e-08,-0.00016619097153397773,0.00011469701434785918,-0.00040677580087060503,-6.921072433960564e-05,-0.0002106718227032088,-0.0003507145213819794,-0.00015868874971721868,-0.00033060023885436805,-0.00017120168479074687,3.2109375
0.0006030663095621466,-2.5401278464213178e-05,0.0012305412777954357,-5.892599378325748e-05,7.718472394529106e-08,-0.00016619097153189704,0.00011469701435001281,-0.00040677580086845137,-6.921072433760024e-05,-0.00021067182270120304,-0.00035071452138004836,-0.00015868874971521364,-0.0003306002388524364,-0.00017120168478881585,3.21875
0.0006030663095621756,-2.5401278464184206e-05,0.0012305412777957284,-5.892599378282002e-05,7.718472438274662e-08,-0.0001661909715315371,0.00011469701435049066,-0.00040677580086797356,-6.921072433736729e-05,-0.00021067182270117406,-0.00035071452137987196,-0.0001586887497145539,-0.00033060023885213616,-0.00017120168478859305,3.2265625
0.0006030663095621446,-2.5401278464215258e-05,0.0012305412777958383,-5.892599378296248e-05,7.718472424028992e-08,-0.00016619097153182106,0.00011469701435000696,-0.0004067758008684573,-6.921072433747238e-05,-0.0002106718227012051,-0.00035071452137993696,-0.00015868874971495587,-0.0003306002388519668,-0.00017120168478859305,3.234375
0.0006030663095634491,-2.5401278462910726e-05,0.0012305412777976442,-5.8925993781212326e-05,7.718472599044559e-08,-0.00016619097152949607,0.00011469701435237057,-0.00040677580086609366,-6.921072433562899e-05,-0.00021067182269990058,-0.0003507145213778203,-0.00015868874971272214,-0.0003306002388501983,-0.0001712016847864392,3.2421875
0.0006030663095642491,-2.5401278462110632e-05,0.001230541277797682,-5.8925993781452016e-05,7.71847257507522e-08,-0.0001661909715295405,0.00011469701435230696,-0.0004067758008661572,-6.921072433525097e-05,-0.00021067182269910047,-0.0003507145213778388,-0.00015868874971261763,-0.000330600238850571,-0.00017120168478630923,3.25
0.0006030663095630594,-2.5401278463300334e-05,0.0012305412777967198,-5.8925993782493176e-05,7.718472470959174e-08,-0.00016619097153083514,0.00011469701435085085,-0.0004067758008676134,-6.92107243366877e-05,-0.0002106718227002902,-0.00035071452137904575,-0.0001586887497140786,-0.0003306002388517462,-0.00017120168478755327,3.2578125
0.00060306630956016,-2.5401278466199728e-05,0.0012305412777937458,-5.8925993784854114e-05,7.718472234865692e-08,-0.0001661909715335158,0.00011469701434827119,-0.00040677580087019303,-6.9210724339362e-05,-0.0002106718227031896,-0.0003507145213817937,-0.0001586887497166021,-0.00033060023885407135,-0.000171201684790227,3.265625
0.0006030663095604923,-2.5401278465867504e-05,0.001230541277794135,-5.892599378435477e-05,7.718472284799189e-08,-0.00016619097153315265,0.00011469701434855394,-0.0004067758008699103,-6.921072433898094e-05,-0.00021067182270285737,-0.0003507145213815338,-0.00015868874971628358,-0.00033060023885366077,-0.00017120168479000416,3.2734375
0.0006030663095621472,-2.5401278464212565e-05,0.001230541277795682,-5.892599378314546e-05,7.718472405730578e-08,-0.00016619097153157907,0.00011469701435016025,-0.0004067758008683039,-6.921072433736127e-05,-0.0002106718227012024,-0.00035071452137989983,-0.00015868874971456922,-0.00033060023885218143,-0.00017120168478851878,3.28125
0.0006030663095627249,-2.5401278463634844e-05,0.001230541277796366,-5.892599378260487e-05,7.718472459789164e-08,-0.00016619097153101057,0.00011469701435061719,-0.000406775800867847,-6.921072433692492e-05,-0.00021067182270062472,-0.00035071452137915715,-0.00015868874971407,-0.0003306002388518049,-0.00017120168478777607,3.2890625
0.0006030663095608112,-2.540127846554859e-05,0.001230541277794571,-5.892599378435151e-05,7.718472285125765e-08,-0.0001661909715328949,0.00011469701434884117,-0.000406775800869623,-6.921072433872708e-05,-0.00021067182270253845,-0.00035071452138108817,-0.00015868874971603907,-0.00033060023885358504,-0.00017120168478966996,3.296875
0.0006030663095579164,-2.5401278468443396e-05,0.0012305412777916345,-5.89259937871117e-05,7.718472009106384e-08,-0.00016619097153576406,0.00011469701434594625,-0.000406775800872518,-6.921072434151518e-05,-0.00021067182270543324,-0.00035071452138387327,-0.00015868874971881796,-0.0003306002388563637,-0.00017120168479260365,3.3046875
0.0006030663095588896,-2.5401278467470114e-05,0.0012305412777923307,-5.892599378658868e-05,7.718472061408168e-08,-0.00016619097153504884,0.00011469701434687356,-0.0004067758008715907,-6.92107243409486e-05,-0.00021067182270445998,-0.0003507145213831677,-0.00015868874971791073,-0.0003306002388555345,-0.00017120168479178667,3.3125
0.0006030663095605519,-2.5401278465807883e-05,0.0012305412777942522,-5.892599378433229e-05,7.718472287047557e-08,-0.00016619097153320602,0.00011469701434857798,-0.00040677580086988626,-6.921072433894933e-05,-0.00021067182270279774,-0.00035071452138149664,-0.0001586887497160943,-0.000330600238853614,-0.0001712016847899299,3.3203125
0.000603066309561491,-2.5401278464868836e-05,0.0012305412777949543,-5.8925993783690325e-05,7.718472351244441e-08,-0.00016619097153204324,0.0001146970143495161,-0.00040677580086894804,-6.921072433806857e-05,-0.0002106718227018587,-0.00035071452138064256,-0.00015868874971543894,-0.0003306002388528665,-0.00017120168478926149,3.328125
0.0006030663095608754,-2.540127846548437e-05,0.0012305412777947674,-5.892599378408304e-05,7.718472311972051e-08,-0.00016619097153256952,0.00011469701434910841,-0.0004067758008693558,-6.921072433846961e-05,-0.00021067182270247424,-0.00035071452138093963,-0.00015868874971605254,-0.0003306002388533099,-0.00017120168478985563,3.3359375
0.0006030663095601845,-2.5401278466175313e-05,0.00123054127779379,-5.892599378495966e-05,7.71847222431008e-08,-0.00016619097153360918,0.00011469701434824631,-0.0004067758008702179,-6.921072433936293e-05,-0.00021067182270316517,-0.00035071452138183085,-0.00015868874971673976,-0.0003306002388542285,-0.0001712016847904498,3.34375
0.0006030663095617643,-2.5401278464595427e-05,0.0012305412777954346,-5.892599378343548e-05,7.718472376728605e-08,-0.00016619097153190455,0.00011469701434966431,-0.0004067758008687999,-6.921072433783583e-05,-0.00021067182270158527,-0.0003507145213801969,-0.00015868874971513547,-0.00033060023885273394,-0.00017120168478889012,3.3515625
0.000603066309562648,-2.5401278463711822e-05,0.0012305412777963408,-5.892599378249617e-05,7.718472470659289e-08,-0.00016619097153106795,0.0001146970143504464,-0.0004067758008680178,-6.92107243369261e-05,-0.00021067182270070167,-0.00035071452137924996,-0.0001586887497143296,-0.00033060023885172677,-0.00017120168478788748,3.359375
0.0006030663095629683,-2.540127846339136e-05,0.0012305412777967072,-5.89259937820086e-05,7.718472519416313e-08,-0.00016619097153055515,0.00011469701435116867,-0.00040677580086729556,-6.921072433644638e-05,-0.0002106718227003812,-0.0003507145213790829,-0.00015868874971376487,-0.00033060023885124934,-0.00017120168478762754,3.3671875
0.000603066309562421,-2.5401278463938797e-05,0.0012305412777959329,-5.8925993783052726e-05,7.718472415004147e-08,-0.00016619097153118095,0.00011469701435052321,-0.000406775800867941,-6.921072433739125e-05,-0.00021067182270092865,-0.00035071452137960276,-0.0001586887497141092,-0.00033060023885193895,-0.00017120168478837024,3.375
0.0006030663095621623,-2.540127846419743e-05,0.0012305412777958262,-5.8925993782777535e-05,7.718472442522635e-08,-0.00016619097153136648,0.00011469701435035858,-0.0004067758008681056,-6.921072433737949e-05,-0.00021067182270118732,-0.00035071452137982556,-0.0001586887497145001,-0.00033060023885202004,-0.00017120168478829595,3.3828125
0.0006030663095613649,-2.540127846499484e-05,0.0012305412777951685,-5.892599378357495e-05,7.718472362781448e-08,-0.00016619097153228128,0.00011469701434952072,-0.0004067758008689435,-6.921072433818803e-05,-0.0002106718227019847,-0.00035071452138057756,-0.0001586887497151805,-0.00033060023885265853,-0.00017120168478911292,3.390625
0.000603066309561282,-2.5401278465077758e-05,0.0012305412777949534,-5.892599378367643e-05,7.718472352633459e-08,-0.00016619097153232844,0.00011469701434936495,-0.0004067758008690993,-6.921072433818556e-05,-0.00021067182270206763,-0.0003507145213806797,-0.0001586887497154826,-0.0003306002388529709,-0.00017120168478922435,3.3984375
0.0006030663095620211,-2.5401278464338708e-05,0.0012305412777956755,-5.8925993783067356e-05,7.71847241354089e-08,-0.00016619097153156638,0.00011469701434992314,-0.0004067758008685411,-6.9210724337547e-05,-0.00021067182270132856,-0.0003507145213798813,-0.00015868874971492595,-0.00033060023885246863,-0.00017120168478866732,3.40625
0.0006030663095610433,-2.5401278465316404e-05,0.0012305412777947283,-5.8925993784100756e-05,7.718472310200827e-08,-0.00016619097153264972,0.0001146970143490975,-0.0004067758008693667,-6.92107243384918e-05,-0.00021067182270230624,-0.00035071452138093963,-0.00015868874971589354,-0.00033060023885329897,-0.00017120168478955856,3.4140625
0.0006030663095596603,-2.5401278466699467e-05,0.0012305412777933033,-5.892599378557666e-05,7.718472162610971e-08,-0.0001661909715341504,0.00011469701434736786,-0.00040677580087109634,-6.921072433994361e-05,-0.00021067182270368933,-0.00035071452138242504,-0.00015868874971717274,-0.0003306002388547522,-0.00017120168479104397,3.421875
0.0006030663095590798,-2.5401278467279915e-05,0.0012305412777927466,-5.8925993786008566e-05,7.718472119420285e-08,-0.00016619097153466417,0.00011469701434689713,-0.0004067758008715671,-6.921072434050438e-05,-0.00021067182270426978,-0.0003507145213828149,-0.00015868874971778808,-0.0003306002388554094,-0.000171201684791471,3.4296875
0.0006030663095623096,-2.540127846405018e-05,0.0012305412777960517,-5.8925993782871664e-05,7.71847243310981e-08,-0.00016619097153144498,0.00011469701435025807,-0.00040677580086820607,-6.921072433725125e-05,-0.00021067182270104003,-0.0003507145213797513,-0.00015868874971467867,-0.00033060023885225125,-0.00017120168478829595,3.4375
0.0006030663095640172,-2.540127846234252e-05,0.0012305412777977019,-5.892599378123828e-05,7.718472596448895e-08,-0.000166190971529809,0.00011469701435203742,-0.0004067758008664268,-6.921072433577609e-05,-0.0002106718226993324,-0.00035071452137789454,-0.00015868874971299037,-0.0003306002388502704,-0.0001712016847866063,3.4453125
0.000603066309561048,-2.5401278465311776e-05,0.0012305412777947194,-5.8925993784207537e-05,7.718472299522993e-08,-0.00016619097153260047,0.00011469701434918749,-0.0004067758008692767,-6.921072433860479e-05,-0.00021067182270230166,-0.00035071452138086536,-0.00015868874971567852,-0.000330600238853428,-0.00017120168478955856,3.453125
0.0006030663095578377,-2.540127846852212e-05,0.0012305412777915477,-5.89259937872322e-05,7.718471997056528e-08,-0.00016619097153579678,0.00011469701434596311,-0.0004067758008725011,-6.921072434156299e-05,-0.00021067182270551198,-0.000350714521384059,-0.0001586887497187188,-0.00033060023885641085,-0.00017120168479252935,3.4609375
0.0006030663095591605,-2.5401278467199277e-05,0.001230541277792853,-5.892599378590936e-05,7.71847212934066e-08,-0.0001661909715344822,0.00011469701434729422,-0.00040677580087117,-6.921072434033871e-05,-0.00021067182270418915,-0.0003507145213830006,-0.0001586887497175188,-0.00033060023885510314,-0.0001712016847914153,3.46875
0.000603066309561766,-2.5401278464593872e-05,0.0012305412777956339,-5.892599378320184e-05,7.718472400093358e-08,-0.00016619097153184088,0.00011469701435010505,-0.0004067758008683591,-6.921072433762072e-05,-0.00021067182270158375,-0.00035071452137989983,-0.00015868874971480893,-0.0003306002388524455,-0.00017120168478859305,3.4765625
0.0006030663095607668,-2.5401278465592984e-05,0.001230541277795037,-5.892599378409882e-05,7.718472310394444e-08,-0.00016619097153302564,0.00011469701434908738,-0.00040677580086937685,-6.92107243386678e-05,-0.00021067182270258285,-0.0003507145213809025,-0.00015868874971600608,-0.0003306002388528412,-0.00017120168478955856,3.484375
0.0006030663095583714,-2.540127846798841e-05,0.0012305412777923225,-5.892599378688417e-05,7.718472031859891e-08,-0.0001661909715351361,0.00011469701434696401,-0.00040677580087150015,-6.9210724341269e-05,-0.00021067182270497828,-0.00035071452138331626,-0.00015868874971803322,-0.0003306002388560082,-0.00017120168479223228,3.4921875
0.000603066309560457,-2.540127846590276e-05,0.0012305412777941186,-5.8925993784798515e-05,7.718472240424672e-08,-0.00016619097153342663,0.00011469701434838602,-0.00040677580087007816,-6.921072433892486e-05,-0.0002106718227028926,-0.0003507145213815709,-0.00015868874971647037,-0.00033060023885375076,-0.00017120168479026413,3.5
0.0006030663095642277,-2.5401278462132055e-05,0.0012305412777980273,-5.892599378065647e-05,7.718472654630132e-08,-0.0001661909715293514,0.000114697014352335,-0.0004067758008661292,-6.921072433513867e-05,-0.0002106718226991219,-0.0003507145213779688,-0.00015868874971265942,-0.00033060023884993735,-0.00017120168478629066,3.5078125
0.0006030663095657723,-2.5401278460587477e-05,0.0012305412777992904,-5.89259937793347e-05,7.71847278680713e-08,-0.00016619097152791772,0.00011469701435365623,-0.000406775800864808,-6.921072433378316e-05,-0.00021067182269757733,-0.0003507145213764834,-0.00015868874971120518,-0.0003306002388484205,-0.00017120168478510235,3.515625
0.0006030663095652197,-2.540127846114012e-05,0.0012305412777990044,-5.8925993779738794e-05,7.718472746396721e-08,-0.0001661909715283738,0.00011469701435330408,-0.00040677580086516017,-6.921072433418315e-05,-0.00021067182269813,-0.00035071452137655767,-0.00015868874971167535,-0.0003306002388489904,-0.00017120168478517662,3.5234375
0.0006030663095632434,-2.5401278463116396e-05,0.0012305412777971838,-5.8925993781845046e-05,7.718472535772124e-08,-0.00016619097153023834,0.00011469701435142034,-0.00040677580086704386,-6.921072433597753e-05,-0.00021067182270010626,-0.0003507145213784144,-0.0001586887497134178,-0.0003306002388510192,-0.0001712016847871819,3.53125
0.000603066309561069,-2.540127846529079e-05,0.0012305412777945707,-5.89259937841819e-05,7.718472302086175e-08,-0.00016619097153216164,0.00011469701434939871,-0.0004067758008690655,-6.92107243382553e-05,-0.00021067182270228065,-0.0003507145213807911,-0.00015868874971529764,-0.00033060023885346117,-0.00017120168478926149,3.5390625
0.0006030663095582409,-2.540127846811891e-05,0.0012305412777923797,-5.892599378668045e-05,7.718472052231503e-08,-0.00016619097153509985,0.00011469701434688955,-0.00040677580087157463,-6.921072434062978e-05,-0.00021067182270510877,-0.00035071452138331626,-0.00015868874971784974,-0.00033060023885605826,-0.00017120168479148958,3.546875
0.0006030663095573682,-2.540127846899152e-05,0.0012305412777915987,-5.892599378785653e-05,7.718471934624088e-08,-0.00016619097153581976,0.000114697014345555,-0.0004067758008729092,-6.921072434200517e-05,-0.0002106718227059814,-0.00035071452138465313,-0.00015868874971897943,-0.00033060023885688405,-0.00017120168479267792,3.5546875
0.0006030663095602699,-2.5401278466089945e-05,0.0012305412777939406,-5.892599378483716e-05,7.718472236560299e-08,-0.00016619097153345813,0.00011469701434826599,-0.0004067758008701982,-6.921072433923152e-05,-0.00021067182270307982,-0.0003507145213816823,-0.0001586887497164509,-0.00033060023885413364,-0.00017120168479030126,3.5625
0.0006030663095618858,-2.540127846447397e-05,0.0012305412777956794,-5.8925993783258324e-05,7.718472394444289e-08,-0.0001661909715317016,0.0001146970143498157,-0.00040677580086864853,-6.921072433763586e-05,-0.00021067182270146381,-0.0003507145213799741,-0.00015868874971494983,-0.00033060023885240895,-0.00017120168478859305,3.5703125
0.0006030663095604661,-2.5401278465893654e-05,0.0012305412777941672,-5.892599378460374e-05,7.71847225990295e-08,-0.00016619097153309977,0.00011469701434844876,-0.00040677580087001544,-6.921072433911288e-05,-0.00021067182270288352,-0.00035071452138138524,-0.00015868874971644705,-0.0003306002388536234,-0.00017120168479015273,3.578125
0.0006030663095580518,-2.5401278468308043e-05,0.0012305412777918034,-5.8925993786535366e-05,7.718472066739752e-08,-0.00016619097153498504,0.00011469701434684208,-0.00040677580087162207,-6.921072434092589e-05,-0.0002106718227052979,-0.0003507145213831677,-0.00015868874971795575,-0.0003306002388559233,-0.0001712016847919352,3.5859375
0.0006030663095592892,-2.5401278467070616e-05,0.0012305412777927549,-5.892599378547433e-05,7.718472172843173e-08,-0.0001661909715345985,0.00011469701434745893,-0.0004067758008710053,-6.921072434033391e-05,-0.00021067182270406048,-0.00035071452138262925,-0.00015868874971731295,-0.0003306002388550515,-0.00017120168479109967,3.59375
0.0006030663095597936,-2.5401278466566168e-05,0.0012305412777935446,-5.89259937849606e-05,7.718472224216456e-08,-0.0001661909715341765,0.0001146970143479762,-0.000406775800870488,-6.92107243397197e-05,-0.00021067182270355605,-0.0003507145213817937,-0.0001586887497168025,-0.0003306002388541088,-0.0001712016847903384,3.6015625
0.0006030663095613508,-2.5401278465008925e-05,0.001230541277794857,-5.8925993783631974e-05,7.718472357079367e-08,-0.00016619097153226618,0.00011469701434929873,-0.0004067758008691654,-6.921072433800216e-05,-0.0002106718227019988,-0.0003507145213805311,-0.00015868874971555072,-0.0003306002388529021,-0.00017120168478924292,3.609375
0.000603066309563974,-2.5401278462385738e-05,0.0012305412777976641,-5.892599378109582e-05,7.71847261069455e-08,-0.00016619097152952356,0.00011469701435188836,-0.00040677580086657586,-6.921072433544797e-05,-0.0002106718226993756,-0.00035071452137822875,-0.0001586887497129965,-0.0003306002388503341,-0.0001712016847866249,3.6171875
0.000603066309564598,-2.540127846176179e-05,0.0012305412777983487,-5.8925993780509004e-05,7.718472669375953e-08,-0.00016619097152904074,0.00011469701435246776,-0.00040677580086599647,-6.921072433474665e-05,-0.00021067182269875166,-0.00035071452137737467,-0.0001586887497124406,-0.0003306002388498624,-0.00017120168478614213,3.625
0.0006030663095631662,-2.5401278463193584e-05,0.0012305412777967322,-5.89259937819408e-05,7.718472526196341e-08,-0.0001661909715305384,0.00011469701435113896,-0.0004067758008673252,-6.921072433640593e-05,-0.00021067182270018345,-0.0003507145213787115,-0.0001586887497136218,-0.0003306002388512542,-0.000171201684787479,3.6328125
0.0006030663095608436,-2.5401278465516165e-05,0.0012305412777945297,-5.8925993784263387e-05,7.718472293938157e-08,-0.00016619097153274643,0.00011469701434899893,-0.00040677580086946526,-6.92107243386601e-05,-0.00021067182270250603,-0.00035071452138107424,-0.00015868874971588183,-0.00033060023885351386,-0.00017120168478969782,3.640625
0.0006030663095614262,-2.5401278464933627e-05,0.001230541277795383,-5.892599378371797e-05,7.718472348478838e-08,-0.00016619097153202945,0.00011469701434974412,-0.0004067758008687201,-6.921072433813161e-05,-0.0002106718227019235,-0.00035071452138038257,-0.00015868874971511034,-0.00033060023885297317,-0.00017120168478892725,3.6484375
0.0006030663095630216,-2.5401278463338223e-05,0.001230541277796693,-5.892599378238251e-05,7.71847248202464e-08,-0.00016619097153018118,0.00011469701435101237,-0.00040677580086745184,-6.921072433625995e-05,-0.00021067182270032809,-0.00035071452137878576,-0.00015868874971370513,-0.0003306002388511573,-0.00017120168478727474,3.65625
0.0006030663095628341,-2.5401278463525726e-05,0.0012305412777960318,-5.892599378257002e-05,7.718472463274447e-08,-0.00016619097153106757,0.000114697014350484,-0.00040677580086798023,-6.921072433690091e-05,-0.00021067182270051557,-0.00035071452137936136,-0.00015868874971420536,-0.00033060023885194914,-0.00017120168478790604,3.6640625
0.0006030663095614375,-2.540127846492228e-05,0.0012305412777949324,-5.892599378371128e-05,7.718472349148945e-08,-0.0001661909715321559,0.0001146970143494012,-0.000406775800869063,-6.921072433803393e-05,-0.00021067182270191216,-0.00035071452138071683,-0.00015868874971565973,-0.00033060023885315477,-0.00017120168478926149,3.671875
0.0006030663095621971,-2.5401278464162637e-05,0.0012305412777958817,-5.892599378296555e-05,7.718472423720912e-08,-0.000166190971531407,0.00011469701435023659,-0.00040677580086822765,-6.921072433731731e-05,-0.00021067182270115249,-0.00035071452137989983,-0.00015868874971462405,-0.00033060023885203506,-0.00017120168478837024,3.6796875
0.0006030663095605806,-2.540127846577918e-05,0.0012305412777941032,-5.892599378482348e-05,7.71847223792901e-08,-0.00016619097153325435,0.00011469701434857234,-0.00040677580086989184,-6.921072433899747e-05,-0.00021067182270276903,-0.00035071452138131097,-0.00015868874971633072,-0.0003306002388540442,-0.00017120168479015273,3.6875
0.0006030663095582233,-2.54012784681365e-05,0.00123054127779189,-5.892599378690228e-05,7.718472030048269e-08,-0.0001661909715355224,0.00011469701434629285,-0.0004067758008721714,-6.921072434157357e-05,-0.00021067182270512638,-0.0003507145213834648,-0.00015868874971855,-0.00033060023885632227,-0.00017120168479208375,3.6953125
0.0006030663095581673,-2.5401278468192488e-05,0.001230541277791744,-5.89259937869397e-05,7.718472026306398e-08,-0.0001661909715354408,0.00011469701434611786,-0.00040677580087234637,-6.921072434130988e-05,-0.00021067182270518233,-0.00035071452138361333,-0.00015868874971857936,-0.0003306002388562952,-0.00017120168479223228,3.703125
0.0006030663095605009,-2.5401278465858848e-05,0.0012305412777941004,-5.892599378460607e-05,7.718472259669777e-08,-0.00016619097153305142,0.00011469701434847002,-0.0004067758008699942,-6.921072433908974e-05,-0.0002106718227028487,-0.0003507145213815338,-0.00015868874971624987,-0.0003306002388538193,-0.00017120168479000416,3.7109375
0.000603066309562826,-2.5401278463533783e-05,0.0012305412777964984,-5.892599378226243e-05,7.718472494033106e-08,-0.00016619097153092516,0.00011469701435086388,-0.0004067758008676003,-6.921072433683167e-05,-0.00021067182270052365,-0.00035071452137912,-0.00015868874971385456,-0.00033060023885155427,-0.00017120168478777607,3.71875
0.0006030663095613395,-2.540127846502016e-05,0.0012305412777948522,-5.892599378373024e-05,7.718472347252682e-08,-0.00016619097153245592,0.0001146970143493291,-0.0004067758008691351,-6.921072433824384e-05,-0.00021067182270201,-0.00035071452138064256,-0.00015868874971560102,-0.0003306002388528883,-0.00017120168478926149,3.7265625
0.00060306630956069,-2.5401278465669726e-05,0.0012305412777943682,-5.892599378439837e-05,7.718472280439319e-08,-0.0001661909715329903,0.00011469701434887998,-0.00040677580086958425,-6.921072433879237e-05,-0.00021067182270265958,-0.00035071452138116244,-0.00015868874971625277,-0.0003306002388536542,-0.00017120168479000416,3.734375
0.0006030663095616967,-2.540127846466304e-05,0.0012305412777955072,-5.892599378333599e-05,7.718472386677807e-08,-0.0001661909715317584,0.00011469701434982855,-0.0004067758008686357,-6.921072433787161e-05,-0.0002106718227016529,-0.0003507145213801969,-0.0001586887497152137,-0.00033060023885258486,-0.00017120168478881585,3.7421875
0.0006030663095627967,-2.5401278463563083e-05,0.001230541277796513,-5.892599378218032e-05,7.718472502244004e-08,-0.00016619097153102382,0.00011469701435071829,-0.0004067758008677459,-6.921072433695033e-05,-0.00021067182270055295,-0.00035071452137915715,-0.0001586887497141926,-0.00033060023885161905,-0.00017120168478807315,3.75
0.0006030663095608534,-2.54012784655064e-05,0.0012305412777948565,-5.8925993783476025e-05,7.718472372673774e-08,-0.00016619097153237303,0.00011469701434923473,-0.0004067758008692295,-6.921072433849273e-05,-0.00021067182270249627,-0.00035071452138064256,-0.00015868874971596312,-0.00033060023885288925,-0.00017120168478941002,3.7578125
0.000603066309561784,-2.5401278464575884e-05,0.001230541277795387,-5.892599378345307e-05,7.718472374969399e-08,-0.00016619097153193973,0.00011469701434968288,-0.00040677580086878135,-6.921072433793648e-05,-0.00021067182270156576,-0.00035071452138049397,-0.00015868874971520778,-0.0003306002388527667,-0.00017120168478911292,3.765625
0.0006030663095630998,-2.5401278463259876e-05,0.0012305412777966955,-5.892599378196996e-05,7.718472523280721e-08,-0.00016619097153037593,0.00011469701435119672,-0.0004067758008672675,-6.921072433647139e-05,-0.00021067182270024975,-0.0003507145213788601,-0.0001586887497137607,-0.0003306002388511205,-0.00017120168478762754,3.7734375
0.0006030663095629741,-2.5401278463385694e-05,0.0012305412777963729,-5.892599378211898e-05,7.718472508378304e-08,-0.00016619097153080175,0.00011469701435079065,-0.00040677580086767356,-6.921072433643002e-05,-0.00021067182270037555,-0.0003507145213788601,-0.00015868874971409526,-0.000330600238851874,-0.0001712016847877018,3.78125
0.000603066309561285,-2.540127846507471e-05,0.0012305412777951262,-5.892599378404474e-05,7.718472315803022e-08,-0.0001661909715322649,0.00011469701434904756,-0.00040677580086941664,-6.921072433782415e-05,-0.00021067182270206457,-0.0003507145213804383,-0.0001586887497152827,-0.0003306002388529786,-0.00017120168478918722,3.7890625
0.0006030663095607108,-2.5401278465648966e-05,0.0012305412777946425,-5.892599378443332e-05,7.718472276944543e-08,-0.00016619097153263725,0.00011469701434903264,-0.00040677580086943154,-6.921072433857249e-05,-0.00021067182270263885,-0.0003507145213812367,-0.00015868874971579661,-0.0003306002388533185,-0.0001712016847897071,3.796875
0.0006030663095634249,-2.5401278462934863e-05,0.0012305412777971114,-5.8925993781275915e-05,7.718472592685031e-08,-0.0001661909715299277,0.00011469701435195088,-0.0004067758008665133,-6.921072433572898e-05,-0.00021067182269992474,-0.00035071452137834015,-0.00015868874971315328,-0.0003306002388506384,-0.00017120168478703337,3.8046875
0.0006030663095622435,-2.5401278464116237e-05,0.0012305412777958416,-5.892599378286346e-05,7.718472433931006e-08,-0.00016619097153154313,0.00011469701435037269,-0.0004067758008680915,-6.9210724337415e-05,-0.0002106718227011061,-0.00035071452137960276,-0.000158688749714643,-0.000330600238852229,-0.00017120168478837024,3.8125
0.0006030663095581684,-2.5401278468191366e-05,0.0012305412777918424,-5.8925993787012855e-05,7.718472018991429e-08,-0.0001661909715357529,0.00011469701434598655,-0.00040677580087247766,-6.921072434157214e-05,-0.00021067182270518122,-0.0003507145213839104,-0.00015868874971865937,-0.00033060023885637377,-0.00017120168479238082,3.8203125
0.0006030663095576528,-2.540127846870692e-05,0.0012305412777911873,-5.8925993787625884e-05,7.718471957688113e-08,-0.00016619097153620577,0.00011469701434551046,-0.00040677580087295374,-6.921072434215602e-05,-0.00021067182270569678,-0.0003507145213842075,-0.00015868874971921874,-0.0003306002388569551,-0.000171201684792975,3.828125
0.0006030663095614398,-2.5401278464919922e-05,0.0012305412777950367,-5.892599378364857e-05,7.718472355419259e-08,-0.00016619097153226534,0.00011469701434939468,-0.0004067758008690695,-6.921072433804527e-05,-0.0002106718227019098,-0.00035071452138064256,-0.00015868874971541552,-0.0003306002388529251,-0.00017120168478911292,3.8359375
0.000603066309562747,-2.540127846361273e-05,0.0012305412777962729,-5.892599378233209e-05,7.71847248706735e-08,-0.0001661909715307948,0.00011469701435086813,-0.0004067758008675961,-6.921072433677259e-05,-0.0002106718227006026,-0.00035071452137926855,-0.00015868874971410773,-0.00033060023885162686,-0.00017120168478796174,3.84375
0.0006030663095604672,-2.5401278465892583e-05,0.0012305412777942352,-5.89259937844727e-05,7.718472273007107e-08,-0.00016619097153307272,0.0001146970143487209,-0.0004067758008697433,-6.921072433901899e-05,-0.00021067182270288247,-0.00035071452138131097,-0.00015868874971631603,-0.0003306002388535889,-0.00017120168479000416,3.8515625
0.0006030663095608869,-2.5401278465472926e-05,0.0012305412777947747,-5.892599378390101e-05,7.718472330175637e-08,-0.00016619097153285412,0.00011469701434888557,-0.0004067758008695786,-6.921072433874732e-05,-0.00021067182270246277,-0.00035071452138086536,-0.0001586887497158999,-0.000330600238853326,-0.00017120168478941002,3.859375
0.000603066309562957,-2.5401278463402784e-05,0.0012305412777963674,-5.892599378255849e-05,7.718472464428008e-08,-0.00016619097153166575,0.0001146970143501026,-0.0004067758008683616,-6.921072433691374e-05,-0.00021067182270039262,-0.0003507145213793057,-0.000158688749714911,-0.0003306002388516333,-0.00017120168478822168,3.8671875
0.0006030663095615065,-2.5401278464853318e-05,0.0012305412777952837,-5.892599378356339e-05,7.718472363936671e-08,-0.00016619097153215486,0.00011469701434928743,-0.00040677580086917676,-6.921072433793289e-05,-0.00021067182270184318,-0.00035071452138049397,-0.0001586887497155359,-0.0003306002388525406,-0.00017120168478918722,3.875
0.000603066309559569,-2.540127846679075e-05,0.001230541277793011,-5.892599378579791e-05,7.718472140485278e-08,-0.00016619097153434286,0.00011469701434735919,-0.000406775800871105,-6.921072434034798e-05,-0.00021067182270378062,-0.0003507145213827221,-0.00015868874971757454,-0.0003306002388551495,-0.0001712016847911925,3.8828125
0.0006030663095608873,-2.540127846547238e-05,0.0012305412777944365,-5.8925993784758054e-05,7.718472244471103e-08,-0.0001661909715327467,0.00011469701434888253,-0.0004067758008695817,-6.92107243387672e-05,-0.00021067182270246223,-0.00035071452138108817,-0.00015868874971600985,-0.00033060023885401086,-0.0001712016847897071,3.890625
0.0006030663095646066,-2.540127846175313e-05,0.001230541277798249,-5.8925993780537485e-05,7.718472666528258e-08,-0.00016619097152911587,0.00011469701435259737,-0.00040677580086586685,-6.921072433497614e-05,-0.00021067182269874298,-0.00035071452137744894,-0.00015868874971231408,-0.000330600238849696,-0.00017120168478606786,3.8984375
0.0006030663095644864,-2.5401278461873358e-05,0.001230541277798136,-5.8925993780750544e-05,7.718472645222031e-08,-0.0001661909715292823,0.00011469701435233764,-0.0004067758008661266,-6.921072433499333e-05,-0.0002106718226988632,-0.00035071452137767174,-0.0001586887497126646,-0.00033060023884986877,-0.0001712016847864392,3.90625
0.0006030663095615297,-2.5401278464830096e-05,0.0012305412777954261,-5.8925993783428774e-05,7.718472377399215e-08,-0.0001661909715320233,0.00011469701434994501,-0.0004067758008685192,-6.921072433783783e-05,-0.00021067182270181997,-0.0003507145213801969,-0.00015868874971522047,-0.00033060023885264216,-0.00017120168478881585,3.9140625
0.0006030663095603702,-2.5401278465989626e-05,0.0012305412777943118,-5.892599378481111e-05,7.718472239165349e-08,-0.00016619097153322258,0.00011469701434867674,-0.00040677580086978743,-6.921072433885147e-05,-0.0002106718227029795,-0.00035071452138131097,-0.00015868874971631101,-0.000330600238854112,-0.00017120168479012486,3.921875
0.0006030663095599689,-2.5401278466390832e-05,0.001230541277793666,-5.892599378528659e-05,7.718472191617788e-08,-0.00016619097153359566,0.00011469701434783889,-0.0004067758008706253,-6.921072433962728e-05,-0.0002106718227033807,-0.0003507145213821279,-0.00015868874971690443,-0.00033060023885450384,-0.00017120168479059833,3.9296875
0.0006030663095587752,-2.540127846758459e-05,0.0012305412777923756,-5.89259937863875e-05,7.718472081525926e-08,-0.0001661909715348795,0.00011469701434669805,-0.00040677580087176616,-6.921072434072768e-05,-0.00021067182270457447,-0.00035071452138331626,-0.00015868874971809713,-0.00033060023885559764,-0.0001712016847916381,3.9375
0.0006030663095586691,-2.540127846769064e-05,0.0012305412777922312,-5.892599378628932e-05,7.718472091344682e-08,-0.00016619097153477408,0.00011469701434686327,-0.0004067758008716009,-6.921072434054892e-05,-0.0002106718227046805,-0.00035071452138331626,-0.00015868874971774495,-0.00033060023885576325,-0.00017120168479178667,3.9453125
0.0006030663095613734,-2.5401278464986346e-05,0.001230541277794896,-5.8925993783724274e-05,7.718472347848779e-08,-0.00016619097153241548,0.00011469701434952339,-0.00040677580086894083,-6.921072433834368e-05,-0.0002106718227019762,-0.00035071452138049397,-0.00015868874971519396,-0.00033060023885294514,-0.00017120168478903866,3.953125
0.0006030663095630218,-2.5401278463338003e-05,0.0012305412777966806,-5.892599378178813e-05,7.718472541462708e-08,-0.00016619097153059537,0.00011469701435142236,-0.00040677580086704185,-6.921072433649422e-05,-0.00021067182270032787,-0.00035071452137893435,-0.0001586887497135797,-0.0003306002388510461,-0.00017120168478744184,3.9609375
0.0006030663095617209,-2.5401278464638988e-05,0.0012305412777954433,-5.8925993783142504e-05,7.718472406025754e-08,-0.00016619097153203855,0.0001146970143500106,-0.00040677580086845365,-6.921072433779769e-05,-0.00021067182270162886,-0.0003507145213803083,-0.00015868874971490654,-0.0003306002388523582,-0.00017120168478840738,3.96875
0.0006030663095619853,-2.5401278464374456e-05,0.0012305412777956384,-5.8925993783093824e-05,7.718472410894224e-08,-0.0001661909715317248,0.00011469701434990797,-0.00040677580086855627,-6.921072433766003e-05,-0.0002106718227013643,-0.00035071452138004836,-0.00015868874971490272,-0.00033060023885236894,-0.00017120168478866732,3.9765625
0.0006030663095634688,-2.5401278462890932e-05,0.0012305412777970299,-5.892599378181919e-05,7.718472538358163e-08,-0.00016619097153004327,0.00011469701435110986,-0.0004067758008673543,-6.921072433632007e-05,-0.0002106718226998808,-0.0003507145213788601,-0.00015868874971349743,-0.00033060023885108237,-0.000171201684787479,3.984375
0.0006030663095623001,-2.5401278464059597e-05,0.0012305412777967623,-5.8925993782562246e-05,7.718472464052087e-08,-0.00016619097153066997,0.00011469701435069606,-0.00040677580086776816,-6.921072433712614e-05,-0.00021067182270104946,-0.00035071452137915715,-0.00015868874971406972,-0.00033060023885208374,-0.00017120168478807315,3.9921875
0.0006030663095597439,-2.5401278466615868e-05,0.0012305412777931124,-5.892599378517741e-05,7.71847220253569e-08,-0.00016619097153412347,0.00011469701434773097,-0.00040677580087073324,-6.921072433975012e-05,-0.00021067182270360574,-0.0003507145213824993,-0.0001586887497171293,-0.00033060023885473077,-0.00017120168479111824,4.0
0.0006030663095588267,-2.5401278467533015e-05,0.0012305412777925443,-5.892599378637307e-05,7.718472082969445e-08,-0.00016619097153494397,0.00011469701434692139,-0.0004067758008715428,-6.921072434087158e-05,-0.0002106718227045229,-0.0003507145213830192,-0.000158688749718028,-0.00033060023885556625,-0.0001712016847916381,4.0078125
0.0006030663095597681,-2.5401278466591657e-05,0.001230541277793433,-5.892599378554312e-05,7.718472165965086e-08,-0.00016619097153364222,0.00011469701434785514,-0.0004067758008706091,-6.921072433972196e-05,-0.0002106718227035815,-0.0003507145213821279,-0.00015868874971672583,-0.0003306002388546904,-0.00017120168479074687,4.015625
0.000603066309561423,-2.5401278464936696e-05,0.0012305412777951043,-5.8925993784185236e-05,7.718472301752797e-08,-0.00016619097153215508,0.00011469701434925086,-0.0004067758008692133,-6.921072433811199e-05,-0.00021067182270192655,-0.00035071452138064256,-0.00015868874971503087,-0.000330600238853209,-0.00017120168478866732,4.0234375
0.0006030663095624016,-2.5401278463958228e-05,0.0012305412777961168,-5.8925993782853985e-05,7.718472434878001e-08,-0.00016619097153114794,0.00011469701435044203,-0.00040677580086802213,-6.921072433698854e-05,-0.00021067182270094811,-0.0003507145213793057,-0.0001586887497145051,-0.000330600238852091,-0.00017120168478822168,4.03125
0.0006030663095637095,-2.540127846265025e-05,0.0012305412777975208,-5.8925993781694546e-05,7.718472550821848e-08,-0.00016619097153031427,0.00011469701435163017,-0.00040677580086683407,-6.921072433582553e-05,-0.0002106718226996401,-0.0003507145213784887,-0.00015868874971352424,-0.0003306002388504955,-0.00017120168478710764,4.0390625
0.0006030663095630867,-2.5401278463272995e-05,0.0012305412777966756,-5.892599378205735e-05,7.718472514541803e-08,-0.0001661909715307467,0.00011469701435137412,-0.0004067758008670901,-6.921072433615377e-05,-0.00021067182270026287,-0.00035071452137856295,-0.0001586887497138922,-0.0003306002388508939,-0.00017120168478777607,4.046875
0.0006030663095617518,-2.5401278464608054e-05,0.001230541277795307,-5.892599378320673e-05,7.718472399603359e-08,-0.00016619097153201164,0.00011469701434970903,-0.0004067758008687552,-6.921072433772996e-05,-0.00021067182270159793,-0.00035071452138034544,-0.00015868874971533816,-0.0003306002388524407,-0.0001712016847889644,4.0546875
0.00060306630955973,-2.54012784666297e-05,0.0012305412777937014,-5.8925993784931296e-05,7.718472227147068e-08,-0.00016619097153344566,0.00011469701434806526,-0.000406775800870399,-6.92107243396407e-05,-0.0002106718227036196,-0.0003507145213822022,-0.00015868874971643245,-0.0003306002388540684,-0.00017120168479082114,4.0625
0.0006030663095606299,-2.540127846572987e-05,0.001230541277794238,-5.8925993784180005e-05,7.718472302276085e-08,-0.00016619097153276988,0.00011469701434866922,-0.000406775800869795,-6.921072433852152e-05,-0.00021067182270271975,-0.00035071452138116244,-0.00015868874971613367,-0.0003306002388539241,-0.0001712016847897071,4.0703125
0.0006030663095611348,-2.5401278465224915e-05,0.0012305412777947184,-5.892599378396285e-05,7.718472323991736e-08,-0.00016619097153257114,0.00011469701434927615,-0.0004067758008691881,-6.921072433846845e-05,-0.0002106718227022148,-0.00035071452138082823,-0.00015868874971565982,-0.00033060023885313135,-0.00017120168478941002,4.078125
0.0006030663095606411,-2.540127846571864e-05,0.0012305412777942916,-5.892599378444729e-05,7.718472275547635e-08,-0.00016619097153284214,0.00011469701434850401,-0.0004067758008699602,-6.921072433883317e-05,-0.0002106718227027085,-0.00035071452138131097,-0.00015868874971604408,-0.0003306002388537117,-0.00017120168478985563,4.0859375
0.0006030663095605014,-2.5401278465858302e-05,0.0012305412777942272,-5.8925993784642654e-05,7.718472256011305e-08,-0.00016619097153310286,0.0001146970143485411,-0.00040677580086992307,-6.921072433897779e-05,-0.00021067182270284815,-0.00035071452138138524,-0.00015868874971600798,-0.00033060023885386693,-0.00017120168478985563,4.09375
0.0006030663095607665,-2.5401278465593255e-05,0.0012305412777943872,-5.8925993784776804e-05,7.718472242595837e-08,-0.00016619097153303176,0.00011469701434849882,-0.00040677580086996535,-6.921072433894848e-05,-0.00021067182270258314,-0.00035071452138138524,-0.00015868874971614941,-0.000330600238853843,-0.0001712016847899299,4.1015625
0.0006030663095626156,-2.540127846374419e-05,0.0012305412777962755,-5.8925993782677084e-05,7.718472452568518e-08,-0.00016619097153106123,0.00011469701435044919,-0.000406775800868015,-6.921072433705447e-05,-0.00021067182270073407,-0.00035071452137949136,-0.0001586887497140712,-0.00033060023885200606,-0.00017120168478811028,4.109375
0.00060306630956394,-2.540127846241977e-05,0.0012305412777976056,-5.892599378142693e-05,7.718472577583351e-08,-0.00016619097152987194,0.0001146970143517602,-0.000406775800866704,-6.921072433553533e-05,-0.00021067182269940963,-0.00035071452137811735,-0.00015868874971324858,-0.00033060023885059047,-0.0001712016847867363,4.1171875
0.0006030663095633755,-2.540127846298428e-05,0.0012305412777970505,-5.8925993781768624e-05,7.718472543413608e-08,-0.00016619097153048218,0.00011469701435122286,-0.0004067758008672413,-6.92107243362209e-05,-0.00021067182269997415,-0.0003507145213787115,-0.00015868874971379526,-0.00033060023885099694,-0.000171201684787479,4.125
0.0006030663095605653,-2.5401278465794466e-05,0.0012305412777939987,-5.8925993784838766e-05,7.718472236400355e-08,-0.00016619097153366543,0.00011469701434832154,-0.0004067758008701427,-6.921072433904871e-05,-0.00021067182270278432,-0.0003507145213815338,-0.0001586887497167521,-0.0003306002388542533,-0.0001712016847904498,4.1328125
0.000603066309559016,-2.5401278467343815e-05,0.0012305412777924964,-5.892599378631384e-05,7.718472088892462e-08,-0.0001661909715348641,0.00011469701434694139,-0.0004067758008715228,-6.921072434064848e-05,-0.00021067182270433367,-0.0003507145213831677,-0.0001586887497178081,-0.00033060023885528967,-0.0001712016847916381,4.140625
0.0006030663095606841,-2.54012784656756e-05,0.001230541277794388,-5.892599378431141e-05,7.718472289135602e-08,-0.0001661909715329324,0.00011469701434875465,-0.00040677580086970953,-6.92107243388708e-05,-0.00021067182270266546,-0.0003507145213812367,-0.0001586887497160324,-0.00033060023885369454,-0.00017120168478985563,4.1484375
0.0006030663095627358,-2.5401278463624002e-05,0.001230541277796419,-5.8925993782148406e-05,7.71847250543567e-08,-0.0001661909715306567,0.00011469701435084206,-0.00040677580086762217,-6.921072433638255e-05,-0.00021067182270061388,-0.0003507145213788601,-0.0001586887497139616,-0.00033060023885133304,-0.00017120168478762754,4.15625
0.0006030663095622304,-2.5401278464129386e-05,0.0012305412777958704,-5.8925993782876604e-05,7.718472432616322e-08,-0.00016619097153140294,0.00011469701435042901,-0.0004067758008680352,-6.921072433722863e-05,-0.00021067182270111923,-0.0003507145213797513,-0.0001586887497145171,-0.00033060023885204254,-0.00017120168478829595,4.1640625
0.0006030663095601179,-2.5401278466241835e-05,0.0012305412777937274,-5.892599378502619e-05,7.718472217657477e-08,-0.00016619097153362325,0.00011469701434814588,-0.0004067758008703183,-6.921072433941113e-05,-0.0002106718227032317,-0.0003507145213818773,-0.00015868874971682533,-0.0003306002388542466,-0.0001712016847904498,4.171875
0.0006030663095596515,-2.5401278466708242e-05,0.001230541277793465,-5.8925993785353335e-05,7.718472184942834e-08,-0.00016619097153400736,0.00011469701434769934,-0.00040677580087076484,-6.921072433985826e-05,-0.00021067182270369808,-0.0003507145213822765,-0.00015868874971703968,-0.00033060023885475055,-0.00017120168479074687,4.1796875
0.0006030663095616653,-2.5401278464694343e-05,0.0012305412777952923,-5.892599378366437e-05,7.718472353839522e-08,-0.0001661909715319742,0.00011469701434961041,-0.00040677580086885377,-6.921072433787674e-05,-0.0002106718227016842,-0.00035071452138034544,-0.00015868874971521123,-0.00033060023885279525,-0.00017120168478911292,4.1875
0.0006030663095622492,-2.540127846411056e-05,0.0012305412777959153,-5.892599378298775e-05,7.718472421501462e-08,-0.0001661909715316125,0.00011469701435021201,-0.0004067758008682522,-6.921072433739654e-05,-0.00021067182270110042,-0.0003507145213797884,-0.0001586887497146489,-0.0003306002388520936,-0.00017120168478842595,4.1953125
0.0006030663095613632,-2.5401278464996605e-05,0.0012305412777950957,-5.8925993783855225e-05,7.718472334753926e-08,-0.00016619097153240374,0.0001146970143494354,-0.0004067758008690288,-6.921072433826097e-05,-0.00021067182270198648,-0.00035071452138034544,-0.00015868874971549174,-0.0003306002388530038,-0.00017120168478941002,4.203125
0.0006030663095610676,-2.5401278465292135e-05,0.001230541277794737,-5.892599378403935e-05,7.718472316341568e-08,-0.00016619097153274684,0.00011469701434915032,-0.0004067758008693139,-6.921072433850119e-05,-0.00021067182270228198,-0.0003507145213807911,-0.00015868874971563951,-0.0003306002388534142,-0.00017120168478933575,4.2109375
0.0006030663095613287,-2.5401278465031025e-05,0.0012305412777949536,-5.892599378381538e-05,7.718472338738767e-08,-0.00016619097153229247,0.00011469701434940384,-0.00040677580086906037,-6.921072433812875e-05,-0.00021067182270202088,-0.0003507145213805311,-0.00015868874971526714,-0.0003306002388529525,-0.00017120168478903866,4.21875
0.0006030663095620259,-2.540127846433385e-05,0.001230541277795684,-5.892599378303465e-05,7.718472416811812e-08,-0.00016619097153164033,0.00011469701435001376,-0.00040677580086845045,-6.921072433741403e-05,-0.00021067182270132374,-0.00035071452138004836,-0.00015868874971472987,-0.00033060023885217904,-0.0001712016847884445,4.2265625
0.0006030663095622248,-2.5401278464135044e-05,0.0012305412777958917,-5.8925993782585184e-05,7.718472461758397e-08,-0.00016619097153138887,0.00011469701435055215,-0.00040677580086791203,-6.921072433729477e-05,-0.00021067182270112492,-0.0003507145213797513,-0.00015868874971445803,-0.0003306002388518559,-0.00017120168478837024,4.234375
0.0006030663095620124,-2.540127846434738e-05,0.001230541277795762,-5.892599378302032e-05,7.718472418244097e-08,-0.00016619097153152546,0.0001146970143501155,-0.0004067758008683487,-6.921072433736352e-05,-0.00021067182270133726,-0.00035071452137984415,-0.00015868874971482883,-0.0003306002388521915,-0.00017120168478853735,4.2421875
0.0006030663095617248,-2.540127846463507e-05,0.001230541277795467,-5.892599378367937e-05,7.718472352339518e-08,-0.0001661909715320837,0.00011469701434937423,-0.0004067758008690899,-6.921072433781862e-05,-0.00021067182270162495,-0.0003507145213801969,-0.00015868874971511712,-0.0003306002388528356,-0.00017120168478881585,4.25
0.0006030663095611014,-2.5401278465258278e-05,0.0012305412777947938,-5.892599378425615e-05,7.718472294661116e-08,-0.0001661909715323894,0.00011469701434895344,-0.00040677580086951074,-6.921072433860815e-05,-0.00021067182270224815,-0.0003507145213810139,-0.00015868874971533954,-0.0003306002388534133,-0.00017120168478941002,4.2578125
0.0006030663095610223,-2.5401278465337404e-05,0.0012305412777946724,-5.8925993784066055e-05,7.718472313671518e-08,-0.0001661909715327071,0.00011469701434909432,-0.0004067758008693699,-6.921072433846782e-05,-0.00021067182270232725,-0.0003507145213809791,-0.00015868874971578745,-0.0003306002388532764,-0.00017120168478952375,4.265625
0.0006030663095603164,-2.5401278466043423e-05,0.0012305412777940629,-5.892599378467923e-05,7.718472252352918e-08,-0.000166190971533361,0.00011469701434841048,-0.0004067758008700537,-6.921072433919248e-05,-0.00021067182270303328,-0.0003507145213815988,-0.00015868874971664213,-0.00033060023885389696,-0.00017120168479028733,4.2734375
0.0006030663095599773,-2.5401278466382422e-05,0.0012305412777939369,-5.892599378498574e-05,7.718472221702409e-08,-0.00016619097153371798,0.00011469701434814973,-0.00040677580087031446,-6.921072433958496e-05,-0.00021067182270337228,-0.0003507145213819051,-0.00015868874971686065,-0.00033060023885422336,-0.00017120168479048693,4.28125
0.0006030663095611381,-2.5401278465221652e-05,0.0012305412777948018,-5.892599378396887e-05,7.718472323389712e-08,-0.00016619097153272737,0.00011469701434912324,-0.00040677580086934096,-6.921072433862518e-05,-0.00021067182270221153,-0.0003507145213808839,-0.0001586887497158837,-0.0003306002388530636,-0.00017120168478954,4.2890625
0.0006030663095616941,-2.5401278464665643e-05,0.0012305412777953635,-5.892599378319005e-05,7.718472401271717e-08,-0.00016619097153189682,0.0001146970143499989,-0.0004067758008684653,-6.921072433780082e-05,-0.00021067182270165553,-0.00035071452138012263,-0.00015868874971501382,-0.0003306002388523418,-0.00017120168478881585,4.296875
0.0006030663095611038,-2.5401278465255872e-05,0.0012305412777948105,-5.892599378374604e-05,7.718472345672346e-08,-0.00016619097153249107,0.00011469701434948116,-0.000406775800868983,-6.921072433839319e-05,-0.00021067182270224571,-0.00035071452138086536,-0.0001586887497154943,-0.0003306002388529352,-0.00017120168478941002,4.3046875
0.0006030663095604323,-2.5401278465927488e-05,0.0012305412777941357,-5.892599378463758e-05,7.718472256519395e-08,-0.00016619097153329937,0.00011469701434859926,-0.0004067758008698649,-6.921072433915778e-05,-0.00021067182270291735,-0.00035071452138149664,-0.00015868874971633592,-0.00033060023885378057,-0.0001712016847901156,4.3125
0.000603066309562867,-2.5401278463492773e-05,0.0012305412777965403,-5.892599378238852e-05,7.71847248142358e-08,-0.0001661909715308005,0.0001146970143508027,-0.0004067758008676615,-6.921072433670301e-05,-0.00021067182270048264,-0.00035071452137899,-0.00015868874971399107,-0.0003306002388516215,-0.00017120168478772037,4.3203125
0.0006030663095637569,-2.5401278462602836e-05,0.0012305412777975316,-5.892599378140575e-05,7.718472579701029e-08,-0.00016619097152983266,0.0001146970143517633,-0.00040677580086670087,-6.921072433580063e-05,-0.0002106718226995927,-0.0003507145213781916,-0.0001586887497130577,-0.00033060023885074275,-0.0001712016847868477,4.328125
0.0006030663095627102,-2.540127846364958e-05,0.0012305412777963774,-5.89259937823968e-05,7.718472480596907e-08,-0.00016619097153089952,0.00011469701435073664,-0.00040677580086772756,-6.921072433670006e-05,-0.00021067182270063944,-0.0003507145213792871,-0.00015868874971405116,-0.00033060023885162913,-0.0001712016847878132,4.3359375
0.0006030663095602836,-2.540127846607615e-05,0.0012305412777939902,-5.892599378482337e-05,7.718472237940012e-08,-0.0001661909715334921,0.000114697014348179,-0.00040677580087028524,-6.92107243391747e-05,-0.000210671822703066,-0.00035071452138171945,-0.00015868874971649958,-0.00033060023885408626,-0.000171201684790227,4.34375
0.0006030663095599786,-2.540127846638114e-05,0.0012305412777936706,-5.8925993785202624e-05,7.718472200013945e-08,-0.00016619097153365144,0.00011469701434789546,-0.00040677580087056876,-6.921072433938731e-05,-0.00021067182270337103,-0.0003507145213818866,-0.00015868874971684263,-0.0003306002388544355,-0.00017120168479054263,4.3515625
0.0006030663095627367,-2.5401278463622965e-05,0.0012305412777963568,-5.892599378240732e-05,7.718472479544912e-08,-0.00016619097153085252,0.00011469701435092856,-0.00040677580086753565,-6.921072433691996e-05,-0.00021067182270061282,-0.0003507145213793057,-0.00015868874971388628,-0.00033060023885144715,-0.0001712016847877018,4.359375
0.0006030663095619303,-2.5401278464429473e-05,0.0012305412777954103,-5.892599378318249e-05,7.718472402027282e-08,-0.0001661909715320087,0.00011469701434973133,-0.0004067758008687329,-6.921072433789646e-05,-0.00021067182270141934,-0.00035071452138004836,-0.00015868874971501653,-0.00033060023885253813,-0.00017120168478866732,4.3671875
0.0006030663095581229,-2.5401278468236788e-05,0.0012305412777918606,-5.8925993786984e-05,7.718472021876242e-08,-0.00016619097153548523,0.00011469701434607369,-0.00040677580087239055,-6.921072434141601e-05,-0.00021067182270522665,-0.0003507145213842075,-0.0001586887497186359,-0.0003306002388562282,-0.00017120168479252935,4.375
0.000603066309558527,-2.5401278467832804e-05,0.0012305412777922058,-5.892599378665428e-05,7.718472054847579e-08,-0.00016619097153524047,0.00011469701434645121,-0.00040677580087201303,-6.921072434120003e-05,-0.00021067182270482267,-0.0003507145213834648,-0.00015868874971827372,-0.00033060023885585254,-0.0001712016847919352,4.3828125
0.0006030663095619648,-2.5401278464394938e-05,0.0012305412777956402,-5.892599378314215e-05,7.718472406061123e-08,-0.00016619097153179553,0.00011469701435006767,-0.00040677580086839656,-6.92107243377826e-05,-0.0002106718227013848,-0.00035071452137989983,-0.00015868874971480243,-0.00033060023885220186,-0.00017120168478837024,4.390625
0.0006030663095634007,-2.5401278462959142e-05,0.0012305412777969846,-5.89259937812236e-05,7.718472597916481e-08,-0.00016619097153044003,0.0001146970143516952,-0.000406775800866769,-6.921072433622377e-05,-0.000210671822699949,-0.00035071452137856295,-0.00015868874971349195,-0.00033060023885085474,-0.0001712016847871819,4.3984375
0.0006030663095626047,-2.5401278463755102e-05,0.0012305412777959953,-5.8925993782205246e-05,7.71847249975261e-08,-0.00016619097153089618,0.00011469701435104215,-0.00040677580086742203,-6.921072433675878e-05,-0.000210671822700745,-0.00035071452137915715,-0.00015868874971413735,-0.0003306002388513765,-0.00017120168478777607,4.40625
0.0006030663095623418,-2.540127846401796e-05,0.0012305412777958763,-5.892599378269091e-05,7.718472451185806e-08,-0.00016619097153105266,0.00011469701435059863,-0.0004067758008678656,-6.921072433714676e-05,-0.00021067182270100783,-0.0003507145213797513,-0.00015868874971457616,-0.00033060023885202476,-0.00017120168478837024,4.4140625
0.0006030663095633477,-2.540127846301214e-05,0.001230541277797011,-5.892599378175935e-05,7.718472544341235e-08,-0.00016619097153018744,0.00011469701435143871,-0.0004067758008670255,-6.921072433617216e-05,-0.00021067182270000198,-0.00035071452137856295,-0.00015868874971355852,-0.00033060023885102247,-0.000171201684787479,4.421875
0.0006030663095629756,-2.5401278463384207e-05,0.0012305412777965494,-5.892599378209429e-05,7.718472510847806e-08,-0.00016619097153054872,0.00011469701435106515,-0.00040677580086739904,-6.9210724336412e-05,-0.00021067182270037406,-0.0003507145213790086,-0.0001586887497137404,-0.0003306002388511991,-0.0001712016847877018,4.4296875
0.0006030663095612594,-2.540127846510033e-05,0.0012305412777949395,-5.892599378401466e-05,7.718472318811036e-08,-0.00016619097153242177,0.00011469701434911601,-0.0004067758008693482,-6.921072433841849e-05,-0.00021067182270209019,-0.0003507145213807911,-0.00015868874971575875,-0.00033060023885328314,-0.00017120168478941002,4.4375
0.0006030663095592376,-2.5401278467122194e-05,0.0012305412777930762,-5.892599378602724e-05,7.718472117552808e-08,-0.0001661909715344648,0.00011469701434719889,-0.0004067758008712653,-6.921072434044405e-05,-0.00021067182270411206,-0.0003507145213827221,-0.00015868874971776016,-0.0003306002388554142,-0.00017120168479134104,4.4453125
0.0006030663095590483,-2.5401278467311492e-05,0.0012305412777929138,-5.892599378620725e-05,7.718472099551559e-08,-0.0001661909715345981,0.00011469701434707429,-0.00040677580087138994,-6.921072434064692e-05,-0.00021067182270430136,-0.0003507145213827221,-0.0001586887497177631,-0.0003306002388554394,-0.0001712016847916381,4.453125
0.0006030663095598278,-2.540127846653202e-05,0.0012305412777933523,-5.892599378542777e-05,7.718472177499112e-08,-0.0001661909715339542,0.00011469701434758083,-0.0004067758008708834,-6.92107243398334e-05,-0.00021067182270352187,-0.00035071452138242504,-0.00015868874971713832,-0.00033060023885479175,-0.0001712016847911925,4.4609375
0.0006030663095609536,-2.5401278465406207e-05,0.001230541277794561,-5.892599378411629e-05,7.71847230864771e-08,-0.0001661909715326394,0.00011469701434892613,-0.0004067758008695381,-6.92107243386393e-05,-0.0002106718227023961,-0.0003507145213812367,-0.00015868874971576452,-0.0003306002388534915,-0.00017120168478955856,4.46875
0.0006030663095610617,-2.540127846529808e-05,0.0012305412777947158,-5.8925993783915324e-05,7.71847232874382e-08,-0.00016619097153279758,0.00011469701434924487,-0.0004067758008692193,-6.921072433856064e-05,-0.00021067182270228794,-0.0003507145213807911,-0.00015868874971560393,-0.00033060023885333605,-0.00017120168478926149,4.4765625
0.0006030663095616054,-2.5401278464754374e-05,0.001230541277795411,-5.89259937837244e-05,7.718472347836484e-08,-0.00016619097153217167,0.00011469701434994775,-0.0004067758008685164,-6.921072433805022e-05,-0.00021067182270174422,-0.0003507145213805311,-0.00015868874971505253,-0.0003306002388526907,-0.00017120168478899225,4.484375
0.0006030663095624398,-2.5401278463919945e-05,0.0012305412777961064,-5.8925993782889973e-05,7.71847243127928e-08,-0.00016619097153132577,0.00011469701435032508,-0.0004067758008681392,-6.921072433718917e-05,-0.00021067182270090981,-0.0003507145213797513,-0.0001586887497144619,-0.0003306002388519762,-0.00017120168478777607,4.4921875
0.0006030663095631723,-2.5401278463187492e-05,0.0012305412777968607,-5.8925993781971844e-05,7.718472523092107e-08,-0.00016619097153050668,0.00011469701435093377,-0.0004067758008675304,-6.921072433645531e-05,-0.00021067182270017735,-0.00035071452137856295,-0.00015868874971380092,-0.0003306002388511034,-0.000171201684787479,4.5
0.0006030663095628431,-2.540127846351669e-05,0.0012305412777965,-5.8925993782171066e-05,7.718472503169688e-08,-0.00016619097153097262,0.0001146970143505742,-0.00040677580086789,-6.921072433679314e-05,-0.00021067182270050655,-0.0003507145213794542,-0.00015868874971407314,-0.00033060023885147203,-0.00017120168478807315,4.5078125
0.000603066309560791,-2.540127846556872e-05,0.0012305412777945278,-5.892599378413026e-05,7.718472307250501e-08,-0.00016619097153271388,0.00011469701434900979,-0.0004067758008694544,-6.921072433852062e-05,-0.0002106718227025586,-0.00035071452138108817,-0.0001586887497159588,-0.00033060023885334,-0.00017120168478963283,4.515625
0.0006030663095599294,-2.5401278466430273e-05,0.0012305412777936153,-5.8925993785177484e-05,7.718472202527599e-08,-0.00016619097153373715,0.00011469701434808716,-0.000406775800870377,-6.921072433949863e-05,-0.00021067182270342012,-0.0003507145213821279,-0.00015868874971671908,-0.0003306002388543545,-0.0001712016847904498,4.5234375
0.0006030663095590249,-2.54012784673349e-05,0.001230541277792761,-5.892599378600785e-05,7.718472119491685e-08,-0.00016619097153463562,0.00011469701434710212,-0.0004067758008713621,-6.921072434057998e-05,-0.00021067182270432478,-0.0003507145213829449,-0.00015868874971768006,-0.0003306002388553314,-0.00017120168479148958,4.53125
0.0006030663095600982,-2.5401278466261534e-05,0.0012305412777939056,-5.8925993785050524e-05,7.718472215224007e-08,-0.00016619097153364857,0.00011469701434833142,-0.00040677580087013275,-6.921072433943184e-05,-0.0002106718227032514,-0.00035071452138183085,-0.0001586887497168981,-0.0003306002388543363,-0.00017120168479030126,4.5390625
0.0006030663095607203,-2.5401278465639442e-05,0.00123054127779444,-5.8925993784089575e-05,7.718472311318752e-08,-0.0001661909715328462,0.00011469701434901924,-0.000406775800869445,-6.921072433869122e-05,-0.0002106718227026293,-0.0003507145213812367,-0.00015868874971624786,-0.0003306002388533694,-0.00017120168479015273,4.546875
0.0006030663095616121,-2.540127846474761e-05,0.0012305412777953032,-5.8925993783420555e-05,7.718472378220813e-08,-0.00016619097153198895,0.00011469701434972287,-0.00040677580086874134,-6.921072433795346e-05,-0.00021067182270173747,-0.00035071452138049397,-0.00015868874971508858,-0.0003306002388526748,-0.0001712016847889644,4.5546875
0.0006030663095626227,-2.5401278463737108e-05,0.0012305412777961235,-5.892599378276283e-05,7.718472443993002e-08,-0.0001661909715311763,0.00011469701435021637,-0.00040677580086824787,-6.921072433728279e-05,-0.00021067182270072696,-0.0003507145213794542,-0.00015868874971462776,-0.0003306002388520396,-0.00017120168478829595,4.5625
0.0006030663095631812,-2.5401278463178676e-05,0.0012305412777969006,-5.8925993782037296e-05,7.718472516546826e-08,-0.00016619097153070217,0.00011469701435092406,-0.00040677580086754015,-6.921072433645267e-05,-0.00021067182270016855,-0.0003507145213787115,-0.00015868874971369305,-0.0003306002388512246,-0.00017120168478762754,4.5703125
0.0006030663095627518,-2.5401278463607932e-05,0.001230541277796332,-5.892599378228088e-05,7.718472492188544e-08,-0.00016619097153112148,0.00011469701435063341,-0.0004067758008678308,-6.92107243369287e-05,-0.00021067182270059778,-0.0003507145213793057,-0.00015868874971425298,-0.00033060023885170004,-0.0001712016847879246,4.578125
0.0006030663095610554,-2.540127846530443e-05,0.001230541277794645,-5.892599378401451e-05,7.718472318825684e-08,-0.00016619097153276998,0.00011469701434885178,-0.00040677580086961244,-6.921072433863536e-05,-0.00021067182270229429,-0.00035071452138108817,-0.00015868874971589555,-0.0003306002388532197,-0.00017120168478978136,4.5859375
0.0006030663095601987,-2.5401278466160995e-05,0.0012305412777940084,-5.892599378496391e-05,7.718472223885066e-08,-0.00016619097153333718,0.00011469701434818863,-0.0004067758008702756,-6.921072433914309e-05,-0.00021067182270315086,-0.00035071452138160804,-0.0001586887497166672,-0.0003306002388540293,-0.00017120168479030126,4.59375
0.0006030663095624088,-2.5401278463950997e-05,0.0012305412777963776,-5.892599378262394e-05,7.718472457882452e-08,-0.0001661909715307902,0.00011469701435091575,-0.00040677580086754845,-6.921072433694907e-05,-0.00021067182270094085,-0.00035071452137915715,-0.0001586887497138764,-0.0003306002388516946,-0.00017120168478777607,4.6015625
0.000603066309563836,-2.540127846252373e-05,0.0012305412777977147,-5.892599378119667e-05,7.718472600608826e-08,-0.0001661909715294327,0.00011469701435196714,-0.0004067758008664971,-6.921072433551608e-05,-0.0002106718226995136,-0.0003507145213778203,-0.00015868874971251197,-0.0003306002388509095,-0.0001712016847864392,4.609375
0.0006030663095606821,-2.5401278465677674e-05,0.0012305412777943413,-5.892599378461057e-05,7.718472259219678e-08,-0.000166190971533132,0.00011469701434870871,-0.00040677580086975545,-6.921072433870539e-05,-0.00021067182270266755,-0.00035071452138138524,-0.00015868874971599654,-0.00033060023885371915,-0.00017120168479000416,4.6171875
0.0006030663095587501,-2.5401278467609594e-05,0.0012305412777922939,-5.892599378643107e-05,7.718472077168631e-08,-0.00016619097153493226,0.00011469701434670085,-0.0004067758008717634,-6.921072434093325e-05,-0.00021067182270459946,-0.00035071452138331626,-0.0001586887497181119,-0.00033060023885566285,-0.0001712016847919352,4.625
0.000603066309559407,-2.5401278466952777e-05,0.0012305412777930806,-5.8925993785662854e-05,7.718472153990982e-08,-0.00016619097153425832,0.00011469701434737766,-0.0004067758008710865,-6.921072434010852e-05,-0.00021067182270394263,-0.00035071452138253645,-0.00015868874971745347,-0.00033060023885491367,-0.00017120168479111824,4.6328125
0.0006030663095635187,-2.5401278462841096e-05,0.0012305412777970915,-5.8925993781662575e-05,7.718472554018401e-08,-0.000166190971530107,0.00011469701435164465,-0.00040677580086681954,-6.92107243357156e-05,-0.00021067182269983095,-0.0003507145213784144,-0.00015868874971327137,-0.0003306002388507238,-0.0001712016847871819,4.640625
0.0006030663095625637,-2.5401278463796038e-05,0.0012305412777962068,-5.892599378220904e-05,7.718472499372705e-08,-0.0001661909715310702,0.00011469701435060515,-0.000406775800867859,-6.921072433684544e-05,-0.0002106718227007859,-0.0003507145213795285,-0.00015868874971430684,-0.00033060023885158864,-0.0001712016847879246,4.6484375
0.0006030663095595244,-2.5401278466835382e-05,0.0012305412777930153,-5.892599378543406e-05,7.718472176870889e-08,-0.0001661909715343176,0.00011469701434763459,-0.0004067758008708296,-6.921072434019211e-05,-0.00021067182270382523,-0.00035071452138242504,-0.00015868874971732957,-0.00033060023885475,-0.00017120168479104397,4.65625
0.0006030663095576691,-2.5401278468690672e-05,0.0012305412777915237,-5.892599378738219e-05,7.718471982057616e-08,-0.00016619097153609445,0.000114697014345608,-0.00040677580087285616,-6.921072434193421e-05,-0.00021067182270568055,-0.00035071452138413326,-0.0001586887497189956,-0.00033060023885649867,-0.00017120168479275218,4.6640625
0.0006030663095600504,-2.540127846630934e-05,0.001230541277793741,-5.892599378513082e-05,7.718472207194119e-08,-0.000166190971533795,0.0001146970143480898,-0.0004067758008703744,-6.921072433962497e-05,-0.0002106718227032992,-0.000350714521381868,-0.00015868874971675846,-0.0003306002388544046,-0.00017120168479048693,4.671875
0.0006030663095622576,-2.5401278464102173e-05,0.0012305412777959491,-5.892599378283082e-05,7.71847243719453e-08,-0.00016619097153146843,0.00011469701435028897,-0.00040677580086817517,-6.9210724337218e-05,-0.00021067182270109204,-0.00035071452137960276,-0.0001586887497147273,-0.00033060023885208336,-0.00017120168478851878,4.6796875
0.000603066309561033,-2.5401278465326782e-05,0.0012305412777946932,-5.8925993783925454e-05,7.718472327730841e-08,-0.00016619097153271483,0.0001146970143488262,-0.000406775800869638,-6.92107243383418e-05,-0.00021067182270231665,-0.0003507145213807911,-0.00015868874971588023,-0.0003306002388530305,-0.00017120168478955856,4.6875
0.0006030663095605271,-2.5401278465832657e-05,0.0012305412777942298,-5.89259937845613e-05,7.718472264145989e-08,-0.00016619097153314618,0.00011469701434844077,-0.0004067758008700234,-6.921072433905927e-05,-0.0002106718227028225,-0.0003507145213815338,-0.00015868874971661435,-0.0003306002388535951,-0.000171201684790227,4.6953125
0.0006030663095630233,-2.5401278463336468e-05,0.0012305412777970782,-5.892599378197228e-05,7.718472523048527e-08,-0.00016619097153049763,0.00011469701435110952,-0.00040677580086735465,-6.921072433650436e-05,-0.00021067182270032635,-0.00035071452137878576,-0.00015868874971369435,-0.0003306002388510079,-0.00017120168478755327,4.703125
0.0006030663095657361,-2.5401278460623727e-05,0.001230541277799498,-5.892599377938951e-05,7.71847278132509e-08,-0.00016619097152791514,0.00011469701435376682,-0.00040677580086469743,-6.921072433377496e-05,-0.0002106718226976136,-0.00035071452137618633,-0.00015868874971104114,-0.0003306002388486542,-0.00017120168478480525,4.7109375
0.0006030663095646641,-2.540127846169566e-05,0.0012305412777983474,-5.892599378056821e-05,7.71847266345573e-08,-0.0001661909715290791,0.00011469701435257223,-0.00040677580086589195,-6.921072433498737e-05,-0.00021067182269868555,-0.00035071452137702187,-0.00015868874971219327,-0.00033060023884979087,-0.0001712016847858822,4.71875
0.0006030663095613723,-2.5401278464987447e-05,0.0012305412777948654,-5.892599378399461e-05,7.718472320815418e-08,-0.0001661909715324148,0.00011469701434935337,-0.00040677580086911084,-6.92107243382055e-05,-0.00021067182270197732,-0.00035071452138049397,-0.00015868874971555706,-0.00033060023885334174,-0.00017120168478911292,4.7265625
0.000603066309559615,-2.5401278466744807e-05,0.001230541277793221,-5.8925993785529165e-05,7.718472167360653e-08,-0.00016619097153417375,0.000114697014347709,-0.0004067758008707552,-6.921072433993517e-05,-0.00021067182270373468,-0.00035071452138242504,-0.0001586887497171662,-0.0003306002388547964,-0.00017120168479104397,4.734375
0.0006030663095605059,-2.5401278465853894e-05,0.0012305412777940622,-5.892599378463825e-05,7.718472256452048e-08,-0.00016619097153339725,0.00011469701434856578,-0.0004067758008698984,-6.921072433905496e-05,-0.00021067182270284376,-0.0003507145213815338,-0.00015868874971622244,-0.0003306002388538322,-0.00017120168479007846,4.7421875
0.0006030663095605636,-2.540127846579618e-05,0.0012305412777943352,-5.892599378455268e-05,7.718472265008602e-08,-0.0001661909715331098,0.00011469701434855162,-0.00040677580086991255,-6.921072433899695e-05,-0.00021067182270278603,-0.0003507145213815338,-0.00015868874971618267,-0.0003306002388537784,-0.00017120168478978136,4.75
0.0006030663095596659,-2.5401278466693944e-05,0.0012305412777933835,-5.892599378546902e-05,7.718472173375225e-08,-0.0001661909715337973,0.00011469701434762922,-0.000406775800870835,-6.921072433977327e-05,-0.0002106718227036838,-0.0003507145213822765,-0.000158688749716754,-0.0003306002388545689,-0.00017120168479089543,4.7578125
0.0006030663095590958,-2.5401278467264014e-05,0.001230541277792749,-5.892599378599266e-05,7.71847212101017e-08,-0.00016619097153445608,0.00011469701434726857,-0.0004067758008711956,-6.921072434061484e-05,-0.00021067182270425387,-0.0003507145213827964,-0.00015868874971754218,-0.0003306002388552119,-0.0001712016847914153,4.765625
0.0006030663095608475,-2.540127846551226e-05,0.0012305412777946299,-5.892599378420377e-05,7.718472299899398e-08,-0.00016619097153294243,0.00011469701434884995,-0.00040677580086961423,-6.921072433885047e-05,-0.00021067182270250213,-0.00035071452138108817,-0.00015868874971604365,-0.0003306002388533321,-0.00017120168478941002,4.7734375
0.0006030663095613083,-2.540127846505154e-05,0.0012305412777951221,-5.892599378379875e-05,7.718472340400956e-08,-0.00016619097153269008,0.00011469701434920339,-0.00040677580086926084,-6.921072433831525e-05,-0.00021067182270204142,-0.00035071452138064256,-0.00015868874971543395,-0.00033060023885311113,-0.00017120168478926149,4.78125
0.0006030663095610388,-2.540127846532097e-05,0.0012305412777946327,-5.892599378406818e-05,7.718472313457985e-08,-0.00016619097153256377,0.00011469701434920665,-0.00040677580086925753,-6.921072433844969e-05,-0.00021067182270231082,-0.0003507145213807911,-0.0001586887497157305,-0.00033060023885322383,-0.00017120168478926149,4.7890625
0.0006030663095612572,-2.5401278465102522e-05,0.00123054127779508,-5.892599378382188e-05,7.718472338088045e-08,-0.00016619097153231305,0.00011469701434975954,-0.00040677580086870464,-6.921072433811817e-05,-0.0002106718227020924,-0.00035071452138064256,-0.0001586887497152766,-0.0003306002388531679,-0.00017120168478926149,4.796875
0.0006030663095628211,-2.5401278463538597e-05,0.0012305412777965285,-5.892599378236008e-05,7.718472484267806e-08,-0.00016619097153072545,0.00011469701435089592,-0.0004067758008675683,-6.921072433664064e-05,-0.00021067182270052847,-0.00035071452137915715,-0.00015868874971404332,-0.0003306002388515837,-0.0001712016847879246,4.8046875
0.0006030663095621314,-2.5401278464228363e-05,0.001230541277795743,-5.892599378304985e-05,7.71847241529134e-08,-0.00016619097153177618,0.00011469701435004724,-0.000406775800868417,-6.921072433748266e-05,-0.00021067182270121824,-0.0003507145213797513,-0.00015868874971477763,-0.0003306002388523195,-0.00017120168478851878,4.8125
0.0006030663095614518,-2.540127846490803e-05,0.0012305412777951256,-5.892599378369238e-05,7.71847235103844e-08,-0.00016619097153245164,0.00011469701434932626,-0.00040677580086913794,-6.92107243382513e-05,-0.0002106718227018979,-0.00035071452138049397,-0.00015868874971539386,-0.0003306002388529421,-0.0001712016847893729,4.8203125
0.0006030663095627983,-2.5401278463561494e-05,0.0012305412777963867,-5.892599378216017e-05,7.718472504259478e-08,-0.00016619097153092668,0.0001146970143508286,-0.00040677580086763567,-6.921072433677488e-05,-0.00021067182270055138,-0.0003507145213794542,-0.0001586887497141032,-0.00033060023885136903,-0.00017120168478777607,4.828125
0.0006030663095630818,-2.540127846327796e-05,0.00123054127779682,-5.892599378180237e-05,7.718472540039975e-08,-0.00016619097153070645,0.000114697014351064,-0.00040677580086740024,-6.921072433638605e-05,-0.0002106718227002678,-0.0003507145213787115,-0.0001586887497136462,-0.0003306002388506733,-0.000171201684787479,4.8359375
0.0006030663095613734,-2.5401278464986343e-05,0.0012305412777951089,-5.8925993784095627e-05,7.718472310713921e-08,-0.0001661909715324676,0.0001146970143492877,-0.00040677580086917654,-6.921072433845193e-05,-0.0002106718227019762,-0.00035071452138049397,-0.00015868874971534545,-0.00033060023885325343,-0.00017120168478941002,4.84375
0.0006030663095605171,-2.5401278465842744e-05,0.0012305412777943276,-5.8925993784627096e-05,7.718472257566836e-08,-0.0001661909715331414,0.00011469701434855506,-0.00040677580086990913,-6.92107243389033e-05,-0.0002106718227028326,-0.00035071452138138524,-0.00015868874971615305,-0.0003306002388540242,-0.0001712016847899299,4.8515625
0.000603066309559951,-2.5401278466408735e-05,0.0012305412777936524,-5.892599378522094e-05,7.718472198182574e-08,-0.00016619097153375292,0.00011469701434802533,-0.0004067758008704388,-6.921072433954507e-05,-0.00021067182270339863,-0.0003507145213822765,-0.00015868874971675922,-0.00033060023885449083,-0.00017120168479059833,4.859375
0.0006030663095600785,-2.5401278466281246e-05,0.0012305412777936986,-5.892599378495419e-05,7.718472224856944e-08,-0.0001661909715334372,0.00011469701434823381,-0.0004067758008702304,-6.921072433939219e-05,-0.0002106718227032711,-0.00035071452138183085,-0.00015868874971658093,-0.0003306002388541799,-0.00017120168479015273,4.8671875
0.0006030663095605217,-2.5401278465838123e-05,0.0012305412777943302,-5.892599378421399e-05,7.718472298877609e-08,-0.0001661909715327816,0.00011469701434876153,-0.00040677580086970265,-6.921072433870402e-05,-0.00021067182270282798,-0.00035071452138138524,-0.0001586887497159448,-0.00033060023885346794,-0.0001712016847897071,4.875
0.0006030663095611503,-2.540127846520938e-05,0.0012305412777950727,-5.8925993784068e-05,7.718472313476653e-08,-0.00016619097153250506,0.00011469701434948256,-0.00040677580086898165,-6.921072433804877e-05,-0.00021067182270219923,-0.00035071452138086536,-0.0001586887497157458,-0.0003306002388533527,-0.00017120168478926149,4.8828125
0.0006030663095613794,-2.5401278464980268e-05,0.0012305412777954244,-5.892599378335613e-05,7.718472384663042e-08,-0.00016619097153225008,0.0001146970143497229,-0.0004067758008687413,-6.92107243377639e-05,-0.00021067182270197014,-0.00035071452138027117,-0.0001586887497152195,-0.00033060023885279313,-0.00017120168478874158,4.890625
0.0006030663095609723,-2.5401278465387484e-05,0.0012305412777946767,-5.8925993784041864e-05,7.718472316090311e-08,-0.00016619097153267528,0.00011469701434905518,-0.000406775800869409,-6.921072433856753e-05,-0.00021067182270237734,-0.00035071452138093963,-0.00015868874971584394,-0.00033060023885334873,-0.00017120168478955856,4.8984375
0.0006030663095616849,-2.540127846467491e-05,0.0012305412777954335,-5.892599378347783e-05,7.718472372493758e-08,-0.00016619097153197377,0.00011469701434964885,-0.00040677580086881534,-6.92107243379829e-05,-0.00021067182270166477,-0.0003507145213801969,-0.0001586887497152573,-0.0003306002388528378,-0.00017120168478926149,4.90625
0.000603066309562202,-2.5401278464157782e-05,0.0012305412777957785,-5.892599378297927e-05,7.718472422349656e-08,-0.00016619097153163236,0.00011469701435023028,-0.00040677580086823393,-6.92107243374218e-05,-0.00021067182270114763,-0.0003507145213797513,-0.00015868874971468935,-0.0003306002388522617,-0.00017120168478837024,4.9140625
0.0006030663095613711,-2.5401278464988626e-05,0.0012305412777951208,-5.892599378366157e-05,7.718472354119376e-08,-0.00016619097153209146,0.00011469701434969612,-0.00040677580086876807,-6.921072433807957e-05,-0.00021067182270197849,-0.00035071452138049397,-0.0001586887497152483,-0.0003306002388527953,-0.0001712016847890758,4.921875
0.0006030663095596326,-2.540127846672713e-05,0.0012305412777934004,-5.892599378534438e-05,7.718472185838805e-08,-0.0001661909715339839,0.00011469701434787017,-0.0004067758008705941,-6.921072433996363e-05,-0.00021067182270371698,-0.00035071452138242504,-0.00015868874971703654,-0.00033060023885455426,-0.00017120168479089543,4.9296875
0.0006030663095599762,-2.540127846638367e-05,0.001230541277794022,-5.892599378509375e-05,7.718472210901555e-08,-0.00016619097153353099,0.00011469701434815988,-0.0004067758008703043,-6.921072433947053e-05,-0.00021067182270337353,-0.00035071452138183085,-0.00015868874971678375,-0.00033060023885430424,-0.0001712016847904498,4.9375
0.000603066309562632,-2.540127846372771e-05,0.0012305412777960493,-5.892599378274764e-05,7.718472445512788e-08,-0.00016619097153171104,0.00011469701435047512,-0.00040677580086798907,-6.921072433721596e-05,-0.00021067182270071756,-0.0003507145213795285,-0.00015868874971458358,-0.0003306002388522825,-0.00017120168478829595,4.9453125
0.0006030663095629863,-2.5401278463373402e-05,0.001230541277796546,-5.892599378230629e-05,7.718472489647057e-08,-0.00016619097153095267,0.00011469701435059946,-0.00040677580086786476,-6.921072433666488e-05,-0.00021067182270036327,-0.0003507145213789715,-0.00015868874971445193,-0.0003306002388512585,-0.00017120168478788748,4.953125
0.000603066309560087,-2.5401278466272755e-05,0.0012305412777939026,-5.89259937849457e-05,7.7184722257064e-08,-0.000166190971533452,0.0001146970143479685,-0.0004067758008704957,-6.921072433939552e-05,-0.00021067182270326261,-0.00035071452138183085,-0.00015868874971674461,-0.0003306002388541049,-0.00017120168479059833,4.9609375
0.0006030663095605508,-2.540127846580893e-05,0.0012305412777943608,-5.892599378463042e-05,7.718472257234646e-08,-0.00016619097153303808,0.00011469701434870503,-0.0004067758008697592,-6.921072433890397e-05,-0.0002106718227027988,-0.00035071452138136665,-0.00015868874971629963,-0.0003306002388538806,-0.00017120168479000416,4.96875
0.0006030663095631942,-2.5401278463165622e-05,0.0012305412777967246,-5.892599378191747e-05,7.718472528528822e-08,-0.000166190971530691,0.00011469701435096686,-0.0004067758008674973,-6.921072433657164e-05,-0.0002106718227001555,-0.0003507145213788601,-0.00015868874971375837,-0.0003306002388514118,-0.000171201684787479,4.9765625
0.0006030663095622484,-2.5401278464111375e-05,0.001230541277796039,-5.8925993783025695e-05,7.718472417706648e-08,-0.000166190971531571,0.0001146970143499275,-0.0004067758008685367,-6.921072433770349e-05,-0.00021067182270110126,-0.0003507145213797513,-0.00015868874971492776,-0.0003306002388521484,-0.00017120168478837024,4.984375
0.0006030663095602695,-2.5401278466090172e-05,0.0012305412777938517,-5.8925993784855964e-05,7.718472234680784e-08,-0.00016619097153334643,0.0001146970143481724,-0.0004067758008702918,-6.921072433943835e-05,-0.00021067182270308003,-0.0003507145213817937,-0.00015868874971660437,-0.000330600238854177,-0.00017120168479030126,4.9921875
0.0006030663095613332,-2.5401278465026455e-05,0.0012305412777949775,-5.8925993783625123e-05,7.718472357763577e-08,-0.0001661909715323556,0.0001146970143494947,-0.00040677580086896946,-6.921072433814638e-05,-0.00021067182270201632,-0.00035071452138064256,-0.00015868874971549266,-0.0003306002388529086,-0.00017120168478911292,5.0
