AF3,AF4,F3,F4,F7,F8,FC5,FC6,O1,O2,P7,P8,T7,T8,time
1.0156056731138017,-2.44032940562225,0.39906885258023733,1.4249869263612405,0.26581209536282346,-0.1681191207502593,-2.1718987572619324,2.306313129475608,0.14521417088232788,-1.0633606319639797,0.1020413518193533,0.18048739476626321,0.06248194867444215,-0.05966163812847793,0.0
0.9723232791678579,-0.3827287954860062,1.1559552287704034,2.153145670850636,0.9781836397970559,-3.137494817544091,-9.024040506306935,7.355243652831692,0.28346707019681333,-0.7335146849697389,0.28637432474720625,-0.05498524574940466,0.23547971981575136,-0.09201637015935625,0.0078125
-0.12541363550544116,2.8728671825273873,1.1308386389337437,0.2487639183442195,0.9101380522355277,-4.060926776716702,-8.846501295967984,7.0925652691259,0.21100335989725227,0.5014293308639566,0.22970282495810168,-0.34020873397171536,0.21937116513208346,-0.048221931032216836,0.015625
-0.9687739445798973,2.662189925125756,0.9428763434092949,-5.737507505420324,-0.18669151456428087,-1.5778649717136588,1.0349364908475722,3.1625895271044957,0.16853950724751718,1.0246629700478471,-0.10887193994662032,-0.3381821196730274,-0.06355968264611819,-0.0173156601179787,0.0234375
-0.5963570519130026,-0.38659469562025583,1.0704962350053406,-9.244718398456703,-0.9230871160584017,0.7750316187694559,7.990374982728627,1.4859178583756985,0.25924194009654045,0.2924213285180881,-0.31003422423787597,-0.10810425372096258,-0.2592160314942409,-0.047715592713437574,0.03125
0.3536475038649496,-1.8442632173699094,1.0034480318162522,-4.675762132029895,-0.33279964561860576,0.15244874610977213,2.9321891807600142,2.9320807542743204,0.2744839955336509,-0.5571941455782579,-0.1068735795175838,0.04581599097769531,-0.104584116187759,-0.07450390320404846,0.0390625
0.8357312686378389,-1.3784298536950257,0.5293314238167864,1.604387878112017,0.4538275291510935,-1.0484070991800936,-4.025647320908938,3.379524253459342,0.15477806818020756,-0.7816900157196147,0.14622668755264598,0.07953639120025813,0.10938815666854482,-0.057788002555643696,0.046875
0.6639591491603558,-1.5765049415739687,0.17783357342469802,1.2786374758184722,0.18405840837231813,-0.04427161638605506,-1.4896836325915488,1.216702131628732,0.07513332097414008,-0.6890767177513579,0.07159592384192277,0.12448833216135903,0.04529449890796736,-0.0344543850546592,0.0546875
-0.10922803521249726,-0.7308775971137983,-0.20333877805297995,-1.4422939926132063,-0.4096630915391284,1.2939164277926318,3.805366324463896,-1.993426433376158,-0.03337255078152224,-0.03703421281280928,-0.11575559415847461,0.07054373226925523,-0.10237118397268172,0.01043503440960452,0.0625
-1.3904699914615495,3.7251513308847874,-1.1945559673603592,1.2184597278964264,-0.19285998559903791,0.4831784256103164,1.5380490098150206,-5.178936798600061,-0.3575065241658434,1.5412422517853392,-0.07405963110931321,-0.21061474563404903,-0.026129714107384138,0.11884046860701115,0.0703125
-2.0505940150503092,6.942496340659195,-1.9904758451302764,5.424822312633516,0.28878847129614205,-0.6644829847262513,-2.9815826369830467,-6.845725530059164,-0.6099385586570922,2.510616115438332,0.060169325736561655,-0.3947837906447348,0.11527405172269253,0.1949692077808138,0.078125
-0.9677758835402327,3.0341615624963256,-1.3598953885056302,3.6923306975979,0.05911239869163652,0.3950116750616299,-0.5761108545267084,-5.103437060400528,-0.382381784409273,1.1612758854899454,0.016757511135813138,-0.12454054973980935,0.042602430113621095,0.11448159804249372,0.0859375
0.6503202374589891,-3.1582586717237002,-0.12451906290054163,-0.6846776391699889,-0.4336034950077321,2.065735854762738,4.321891552672681,-1.7912878549518598,0.034102525336244104,-0.9210355109475101,-0.09805232713672929,0.2749533941408138,-0.11062124266852823,-0.023998674205124883,0.09375
0.7691527807730859,-3.1755700748383524,0.11256212741112707,-0.7380226343554646,-0.30669671117804054,1.5486175374956361,3.126052270926265,-0.4896729362029279,0.09115684286744863,-1.0093862126362545,-0.06350640475552691,0.2558836130615419,-0.08196441432502209,-0.04055882339419037,0.1015625
0.09069037001571824,0.17186861317459115,-0.13707963138674564,1.5015591607920271,0.179470411161625,-0.26790035812724766,-1.6001914783101439,0.00131694987715659,-0.034229999607015005,-0.02609485072678237,0.05797562600714142,0.0034891087838269798,0.0504488888070564,0.00560900408806584,0.109375
0.6619314557220726,-1.215528941459474,0.41521433471739777,1.0378910894344195,0.3106345486577401,-0.6884844074051686,-2.73833417401106,2.525243966057946,0.12486277013666647,-0.6382292406993887,0.10196425927469642,0.07226788658981631,0.07407258095008576,-0.04628107623253913,0.1171875
1.6674925147051798,-4.822737511927843,1.0400656147714347,-0.6755257186634734,0.10444804713575198,0.22992503388265273,-0.5832791798819387,4.316203857127943,0.34506092497957186,-1.8888890412430892,0.0628347282497924,0.3176161878035772,0.007709413522622807,-0.12313144492424852,0.125
0.7969777062324076,-2.5772455656287154,0.577948172130436,-1.1446709508408157,-0.06060143907455695,0.3302082567756013,0.715593467809141,2.052748336030708,0.18946138052409456,-0.947989825878784,-0.0032611104450971286,0.16311477109256908,-0.025976113406220944,-0.06488988098647591,0.1328125
-0.9920088212559767,2.9049002552682732,0.0006458237591582515,-1.8754663549569695,-0.07930797661002509,-0.8156845718300366,0.3033103080486601,-0.19517216493398085,-0.05884181634294496,1.1101714307284107,-0.05650557056861795,-0.25881937180889625,-0.018281308455116562,0.037582527432761755,0.140625
-0.7005539245600869,2.420830856594516,0.4662579435575014,-2.37867508533696,0.06688293632350256,-1.4681354427005044,-1.0640077284396718,2.0377871669001486,0.06106424038765217,0.8265562916907219,-0.015738060050080882,-0.2595563594950001,0.011093071264928419,0.0017764852126535315,0.1484375
1.3087633487421142,-3.1505909707666455,0.9354435612999222,0.237730971692035,0.3236563977708597,-0.6455017951105735,-2.732467846866465,4.55135277317323,0.2859094782785465,-1.386357502191048,0.11586099933789461,0.18938822724036256,0.06721760971265518,-0.10051570411129464,0.15625
1.7359861463439286,-4.545667395834134,0.2797530865490819,3.2449022583744953,0.3291143756725604,0.5465103163631145,-2.409168477260226,1.996169448311451,0.15973536386453935,-1.8640224284860922,0.14782205491981917,0.3797004728631111,0.07990345467892652,-0.08056945977743138,0.1640625
-0.17136665603360796,0.23553198519327093,-0.5760810192891102,1.343290359827848,-0.09401875734843185,0.7563133230606878,0.960393811629047,-2.5188549454740636,-0.14050241234599545,0.17037714329766349,-0.01857640162182397,0.034673832031431207,-0.01293463853463519,0.037431581022770624,0.171875
-1.8170777013130575,4.432451845684051,-0.6114210766113962,-2.822001837982719,-0.46200309578932175,0.1295105019846074,3.685225742945185,-3.681716223075582,-0.23500929145516808,1.9127580518164475,-0.17970311336576186,-0.34182603214474633,-0.10642914074029264,0.09987496895386805,0.1796875
-1.7735719346510204,4.677562576921286,-0.4024212589970162,-2.8351441485860267,-0.32367406930831094,-0.46526605819132366,2.354473103699031,-2.4580888116087705,-0.18999244703769105,1.9159430274727822,-0.14361982733525197,-0.380234343504767,-0.07407645084130383,0.08803683983136179,0.1875
-1.222574460023602,3.887704272964352,-0.5281437371318426,0.23689261715692633,0.04381265242386034,-0.7980793729795033,-0.7863489101833119,-1.8796999595062778,-0.20237803439368707,1.4347327612561482,-0.016663966089103324,-0.2861336496416434,0.023567656704914224,0.07758911604565895,0.1953125
-0.9181267950396601,3.315337774958818,-0.6007018732839957,1.7011739445053786,0.19455329405074478,-0.828906348353828,-2.0341434553872806,-1.7258597792596413,-0.20751350933282875,1.1473298442368474,0.03853159951054686,-0.22391759604299105,0.06403774830307767,0.07139931714786273,0.203125
-0.2628588419659582,1.1026077081100167,-0.5006987535797532,2.02227958397237,0.12736576219313567,-0.06678133386250962,-1.164209395805675,-1.5595449812760551,-0.1393732506934346,0.3647454695331254,0.03960920048637159,-0.04244365519344234,0.04414953735635603,0.03931311350076605,0.2109375
0.5149171020817547,-1.8705436153943111,-0.48393853313709395,2.1180395333816615,-0.08268085434599212,1.3309577064870932,1.1070950269060167,-2.145606875216144,-0.07575405546620764,-0.6155086231538944,0.006144530256088623,0.21003373394369637,-0.011883549162358155,0.0054249852681065615,0.21875
0.45989413005884844,-2.6158355550410572,-0.13210638285140147,-1.0384580099691922,-0.4537970142013115,1.9303594226077592,4.426364547126432,-1.8679180982161088,0.021374427611289454,-0.709694411665809,-0.11024914296058422,0.22718838016864107,-0.11536983616185542,-0.016373117942638276,0.2265625
0.18645490596461173,-1.9779217259048807,0.9973462366341816,-6.132940032281486,-0.5869641795112615,0.7161045838325503,5.2202537953980475,2.1523396127048198,0.2745395426167318,-0.4685181885891847,-0.18477437851947884,0.05029864954047627,-0.17046866101044536,-0.07036749393986436,0.234375
1.086815557989628,-3.0341109099976196,2.1907446766885474,-5.934605484843181,0.04457810820934335,-1.5369503859525506,-0.6053568261247041,8.632477025543965,0.5790831224461571,-1.2653783508383583,-0.0015648247326541227,0.040367179285661435,-0.027996935684438822,-0.1652407046841935,0.2421875
2.371943622195672,-4.511676241972674,2.320611240116212,0.3453559596498784,1.0255829808900974,-3.1553912654717142,-9.201991642556699,11.981832535633583,0.6420418678371358,-2.3440934038181465,0.32026315352866674,0.1886447844248674,0.22470043945517573,-0.21168749441422638,0.25
1.951880329309966,-2.8520745835352725,1.0507571028270997,5.156345534277466,1.2146464052706796,-2.662944469872496,-10.76213815085486,7.603827250581924,0.3091715414456399,-1.7629265784413468,0.39009620475889273,0.1803242327759748,0.2974950229142677,-0.12195340570114753,0.2578125
0.10515803531765723,0.3288160254199761,-1.0740103455199397,5.450613568688798,0.29955984066600955,0.4957172223018538,-2.4287269320819136,-3.306019912264154,-0.25860957661838874,0.021034875778335148,0.11527906181037585,0.09072257273389246,0.0984269805225011,0.058889252927696485,0.265625
-0.9043268870979778,0.6077600796678384,-2.7739787474971993,4.868648379756567,-0.7436409584287569,4.405084445696493,7.324175431379479,-12.965166448077216,-0.6672421671760825,0.7828987771277102,-0.17743041304700782,0.2076375758842807,-0.1429123796500486,0.18153914489021028,0.2734375
-0.7206893837569898,-0.5420068571553872,-2.7144602511258435,3.82389569969898,-0.9697286471903347,5.1755637862829635,9.482296119507218,-13.402261583690152,-0.6301179799421334,0.47847336810898494,-0.23723022385509968,0.29486567196045876,-0.20339608983286117,0.16834596405820978,0.28125
-1.0688247765244763,1.9881402930182508,-1.122482918189039,0.028509398952593412,-0.48026030736848907,1.55630994093874,4.3219858700975795,-5.743637486863808,-0.30522757285546837,1.0534347735513503,-0.14717018871730173,-0.0755946236099938,-0.10318848272784716,0.09870932581623229,0.2890625
-2.0003910804459966,6.462212675454408,0.29659968152716043,-3.7596776551285327,0.06310522230250813,-2.626929888805684,-1.536729744181361,1.416849328344019,-0.060784413325340354,2.3240325453181687,-0.05759257438864786,-0.5969148680323385,0.015119114819175999,0.06235027100540508,0.296875
-1.476356564442253,5.4485926627360115,0.7834039942447912,-3.60426236895639,0.28490371140568016,-3.279803780044819,-3.518762733458608,3.9452723311188542,0.07484511043062815,1.8040617409359285,0.012411933597089222,-0.5509694422164532,0.06404913534004567,0.017135640543864458,0.3046875
0.7294870517598927,-1.6093307569854594,1.0870635983400254,-1.7149499671895676,0.21077979975257982,-1.1096267799379511,-1.9849063656886092,4.830442855056801,0.28984499045716405,-0.7680568804455405,0.06007058809679635,0.03462862431219652,0.03648316823446551,-0.08744223837647554,0.3125
1.9827047511996998,-6.064066230401773,1.304252211301059,-1.6607745760532575,-0.005919657626481294,0.5730997329051069,0.4946349876206518,4.991565674314531,0.4312313875115975,-2.3013928100686254,0.03619850643968804,0.3962799904302563,-0.025774673560618088,-0.15136682332495024,0.3203125
0.7456726661107499,-2.708940643153727,0.7004072946522718,-2.230626157206965,-0.17914119242048532,0.4778893669124838,1.756443157559846,2.1689067393836265,0.22011984586623543,-0.9399586457328797,-0.04154394109869809,0.1588240949781879,-0.05888032936786901,-0.07093886917095679,0.328125
-1.1028984097057466,3.0604289364132082,-0.1961066956874158,-1.6684323409086148,-0.14514271207822838,-0.5129216310561464,0.9234485739574367,-1.1573105982221683,-0.10857692616588735,1.2138921130772877,-0.07432751861433026,-0.2538945615233314,-0.03182632105020847,0.05224317429804965,0.3359375
-1.2776403984939013,4.10639407785149,-0.10803901100803287,-1.3249118075224446,0.0447057128023246,-1.3435923676154402,-0.9350537101688486,-0.24137817637481412,-0.10835445241645673,1.4907466065930866,-0.02840411258598361,-0.34896074633749435,0.01626323007599239,0.056284436779895565,0.34375
-0.2321695511651949,1.2248844945992068,0.5792907865086138,-1.6099890628580256,0.16550689988154058,-1.3949625029078758,-1.8140324332449904,2.7615891682397256,0.11308528712202323,0.32702463369587736,0.02575479692611345,-0.16320601704775078,0.03410169580831632,-0.021942284746785775,0.3515625
0.3284103239809875,-0.45761818386685593,0.5440066703207854,-0.49960164141092955,0.19458438442306275,-0.8504152554370769,-1.8373432735852282,2.6907568558801427,0.13938081416659906,-0.30464399775976114,0.05436955273746492,-0.01070839057650419,0.04152825506797505,-0.041690785506047205,0.359375
0.3097548778728258,-0.12737281242919776,-0.06532843880288981,2.2864955582131934,0.32669278883369496,-0.5411466831807668,-2.8931221775239897,0.7072940634273774,-0.01060856103480971,-0.2190913912776584,0.10603228542240403,0.027565816268294737,0.08691801801867043,-0.0053686045326257256,0.3671875
0.6230752536652259,-0.7851178423020103,-0.2850495888854947,4.203276192370121,0.46141566965944475,-0.34590596068415175,-3.945879485303668,0.2406192167403345,-0.04874467901611727,-0.5207511984404622,0.16041946665440454,0.11195612120435704,0.1257307553858024,-0.0038743264807071984,0.375
1.0453901142679176,-2.774381999487241,-0.2053742612323032,3.28201109225027,0.19872974921760364,0.7554583108803764,-1.3531627261733088,-0.2372920937969992,0.009702578927231682,-1.1151066477229514,0.09785948786319787,0.2693456910558615,0.05531776904025761,-0.027939905173836353,0.3828125
0.8544230807862769,-3.7015488938036913,-0.3040730201387203,0.48644797734991596,-0.3885141202166704,2.3549725065103235,4.0431614183599205,-2.3522393643834376,0.0034824108767470296,-1.134199881428799,-0.07418264033423094,0.3418091893747049,-0.0959305491159384,-0.02157025595577184,0.390625
0.5654293710917825,-3.48485301923665,-0.4184657196333063,-0.8133753989100364,-0.6503525478869135,2.9385101026677845,6.383537907643977,-3.5701978333095186,-0.029034035284550074,-0.9072461072617505,-0.15603097192720136,0.3264864276811861,-0.16175667818491135,-0.006692142337947233,0.3984375
0.7984897649138947,-3.4439126495441106,-0.5860028491667021,1.6350311298135696,-0.34440284216900996,2.501711728438938,3.6926624726606865,-3.339504290172098,-0.06907060720179943,-1.0471402180184062,-0.05622383005353139,0.35064346120425677,-0.07892689909708063,-0.002875787526961639,0.40625
0.513505932130998,-1.6381677048847698,-1.1134931149558431,4.931371371298187,0.033476520302672744,1.7335727733197825,0.2206644825931469,-4.276642575339856,-0.22956981144872468,-0.5559784926129173,0.05475398638775872,0.25923733410714134,0.029703336593101065,0.042199505305615434,0.4140625
-1.1349965066679673,3.724272634987958,-1.3268572250999118,3.637050925746202,0.12289558843999007,-0.0003612948407167501,-1.244329819840471,-4.784366752286974,-0.388790281418963,1.3793652649312305,0.028496854325608136,-0.1864766491555454,0.05888911287735758,0.11993640954363384,0.421875
-2.4560656187143683,7.855573824472935,-0.3008131781556452,-2.2399178158778073,0.07782260721485788,-2.446798266382281,-1.686282820713432,-0.8625898609247991,-0.23058558722567313,2.8626398288292316,-0.05467643746402574,-0.6567701235934924,0.030198291295851862,0.1138774511646295,0.4296875
-1.5494161916011473,5.015460656499239,1.2395993216035417,-6.709341663116005,0.008846319244214638,-3.091577576362184,-1.1142488613967276,4.918106371760095,0.19105884692840952,1.7667084025113402,-0.08014922617526832,-0.569146995533551,-0.01683895142158547,-0.008853449459020432,0.4375
0.3286085209273723,-1.109606462616065,1.7948493223877793,-6.46386692369832,-0.11298331293255497,-1.4237581282984426,0.6476883313772491,6.667029457716253,0.44704585460919105,-0.45117193570272895,-0.063650733567987,-0.09304615469624146,-0.0612652682891813,-0.11526769004488126,0.4453125
0.6488568318754834,-2.1683287963774425,1.314080815905892,-4.283244947491662,-0.11442688969416671,-0.5269322080339907,0.9362367173325687,4.781401398290399,0.35549865689733556,-0.8119656034219557,-0.04162118377005199,0.049501295224197744,-0.05354339460107133,-0.10101995193849157,0.453125
-0.4158277182504542,1.6063501047884094,0.7189473751591374,-2.7960891123497325,0.08396915114897094,-1.5180966286956432,-1.1813343498713462,3.0803246199965266,0.1386406480200824,0.5028128772527225,-0.007358211602868164,-0.2137378699586197,0.010405278205906527,-0.02353340819707485,0.4609375
-0.7289630005336157,2.8021301977302064,0.1900758460528703,-0.8487874913544536,0.19126258001645613,-1.537402714081099,-2.1527204195923466,1.3381624928438471,-0.010619867460430652,0.9152077389816955,0.025273738216846572,-0.26045772982601023,0.0484701545488641,0.019688193096393174,0.46875
0.2719407349706829,-0.641528741620634,-0.41768834364003604,2.3763926709052643,0.09666086212941559,0.4885868423999512,-0.6712123195229748,-1.351817846710443,-0.08456372939036774,-0.2641436198038562,0.04738500326675627,0.10149652955978561,0.033520857650738145,0.013325315893212862,0.4765625
1.2522487722573035,-3.8146158427898236,-0.6438767305130297,4.518926923189833,0.06529191915030505,1.8671289571440437,0.1002669877103924,-2.363108677954514,-0.07360668873744877,-1.4001023173386244,0.07773457741733689,0.40226800219429126,0.028327107300759283,-0.012878045078036826,0.484375
1.2728511306148398,-3.741603894828747,-0.30236915962489613,3.5288670697395497,0.10391254378109628,1.3806841352650079,-0.35207669250740353,-0.9182394464773205,0.005586192305632624,-1.4135819515016645,0.08139092059682843,0.3617470628439617,0.03243066106743994,-0.03234500723873015,0.4921875
0.6212666652101665,-2.0047528018711436,-0.09193135747804426,1.180155547056879,-0.022107497010937237,0.8156658135260204,0.4789370349571051,-0.44611398202708524,0.019511742741622182,-0.7196428457537569,0.017835890664696905,0.1834002066598356,-0.0034149257636689077,-0.01996653382865693,0.5
0.03651186931500111,-0.43553198672944443,-0.372987011869728,0.8625805948990637,-0.1109725395163402,0.7853907508078619,1.1401865549559813,-1.7851183383700497,-0.07920790914161074,-0.07922172066411648,-0.021057442396024386,0.07185083494697987,-0.020836025978228152,0.01773744183533197,0.5078125
-0.013142394666769374,0.410898064877096,-0.5334071749938434,2.7008567733595092,0.16385394362962633,0.13229269327001852,-1.3815037246845991,-1.6012220269230482,-0.13374123356367193,0.09292106501485715,0.059700769641935963,0.023250623495411286,0.05396079303702405,0.03185428251415851,0.515625
0.16639189447473612,0.7182843224197905,-0.16163352220935925,3.209183416013637,0.4849548147681368,-1.0315508590113964,-4.392554450492103,0.7892765076766314,-0.051208202541317076,0.011783101293562597,0.1488780468018245,-0.03149157235337458,0.13079500808555133,0.007653762921791237,0.5234375
-0.22264624939036592,1.7332300230316893,0.3055129854081498,0.4624848923402016,0.3866167109535482,-1.6990698472385284,-3.781909541038025,2.339868283066189,0.0385871276087246,0.4112039712848412,0.0960881630530403,-0.17199600433532872,0.09681420403348201,-0.004423687764698696,0.53125
-1.1118124694032956,3.6078374795309567,0.44496928054538915,-3.1344985518891892,0.02867621632622034,-1.7667624124490802,-0.8795860315404411,1.8663356973048348,0.03269589539517068,1.2849026566038466,-0.040448217283292835,-0.36276935751881734,0.0016998729008962906,0.018538762199687673,0.5390625
-1.3671474319038328,3.5153123451680375,0.3294543299455981,-4.772484186244863,-0.3125742615446869,-0.9234201754293391,2.211625744393285,0.4224471949181932,0.006447970576187335,1.4409129019010751,-0.14420544114429912,-0.35411275527629416,-0.08498333634253884,0.03112095936653138,0.546875
-0.6150330944879052,0.08060526608137414,-0.010781040718135435,-4.400236805183043,-0.7178373167638626,1.4211562217357896,6.39193792267693,-2.127108934526027,-0.005039508514245333,0.4160174293298448,-0.22603064434876027,-0.03082073646909059,-0.18570636671251325,0.015972351524136588,0.5546875
0.1419382919154471,-3.0756473844003973,-0.6559724434680656,-2.3139163455393623,-0.9954235410839101,3.761324644786452,9.479337599965282,-5.494404708860778,-0.09390181109498176,-0.5573578013013921,-0.2637683633923639,0.3040444634752692,-0.24770002420953177,0.019180006373697073,0.5625
0.37296489463250004,-2.9916174739366954,-1.1684615742692266,1.5062176915158496,-0.6599300602476803,3.6377880091741805,6.61280009069326,-6.518307444577417,-0.2159298516383153,-0.6774607608035164,-0.14744783421134225,0.3608553921339036,-0.15091349225322903,0.04270349737959696,0.5703125
0.695598882086866,-2.135757492244071,-0.7566765610976955,3.9844586102070645,0.045683457062082315,1.4721105723008594,0.07769099769877943,-2.8435528077776477,-0.13448336902618205,-0.7666207258317929,0.05567189343363013,0.2660956775993205,0.02610272003854397,0.015122064628952686,0.578125
1.1729915499888084,-2.7301836172066816,0.5566502093935138,1.452974737476511,0.3372366656578839,-0.3920600730409117,-2.8113856852783563,3.12579521783992,0.18836584717871868,-1.217775394968778,0.12402577280036689,0.1916914776070614,0.07823511103503349,-0.07382396766818844,0.5859375
0.9554006245746588,-2.142687781493452,1.5670167693843258,-2.8713755102469327,0.257325551578041,-1.564313846263166,-2.456787592619559,6.839473321493779,0.4146184633993899,-1.0167073914172269,0.06948020463990069,0.033074022100416225,0.03930457865919267,-0.12276237029868353,0.59375
0.04848094866639638,1.3296687268299343,1.300956543745497,-2.0325572180183364,0.5155549471098091,-2.943970488493718,-5.159687294419707,6.591693446529841,0.28165524634775796,0.1361869117361918,0.11852214322543578,-0.23539694824247206,0.11269129355270498,-0.06923225478802886,0.6015625
-0.5217701353685996,4.344187269978776,0.3655948907830586,2.971810261615696,1.033553541834709,-3.940105745901638,-9.936194245405282,4.4913902094172204,0.0009562040617970425,1.0190411701655726,0.26939860814818267,-0.38623175829377515,0.26573121140934347,0.01148365352214298,0.609375
-0.4948576212959301,4.2217982828069855,0.022208208629293586,4.230390667349603,1.033494933158927,-3.513831766488032,-9.823399660734195,3.1572056997857962,-0.0772245685308086,0.9934963132118639,0.2783700936249059,-0.34023867801378865,0.2717415797954604,0.029574091868915083,0.6171875
-0.5304318773284811,2.715026466143345,0.28780555573952016,0.09698370448356503,0.3943406965182756,-2.02582543593273,-3.9815563629416513,2.313392149805765,0.014732687912739427,0.7684263407490473,0.08786696476895696,-0.25644644527635674,0.09957226403141171,0.008705151763940395,0.625
-0.701518555164295,1.4678705590161196,0.1892247126745225,-3.171672875459203,-0.2926372355799728,-0.11822586521894826,2.3528922057333976,-0.093398316895068,0.015037915983049415,0.6857734078110439,-0.11210667347238094,-0.15902629878341729,-0.07827909510995516,0.013065006490402289,0.6328125
-0.5097484771841837,-0.2082413311686018,-0.4187279578815795,-2.623486392954196,-0.6838245195558119,1.9113290562242669,6.242579948637017,-3.6286058910121213,-0.09548587825004443,0.31539631716135746,-0.20273896715964862,0.038279365275504004,-0.16980052082205016,0.035102049193211055,0.640625
-0.1116730582484063,-1.7009937585213697,-0.8563178330111746,-0.8299081199950477,-0.7609911649632007,3.057060341693243,7.254398647324554,-5.580087618094684,-0.16881216849157554,-0.16654565980857908,-0.20055064753990356,0.21186485465168303,-0.1823346386226645,0.04311557090072502,0.6484375
-0.042409617499398825,-1.266750300424278,-1.0549754550359904,1.273331965629542,-0.49963891463081095,2.6108700601209036,4.915707036232718,-5.592116920887311,-0.22423564432926127,-0.13588675582858467,-0.11853997071121333,0.2027453663525546,-0.1102126146740671,0.05458941815513155,0.65625
-0.09729818705036893,-0.1761699828528305,-1.233820571465451,3.61743921798708,-0.13505462159684126,1.716029389030684,1.5604408224473014,-5.21663316789232,-0.2879100350414281,0.07947741114250455,-0.011742736745061556,0.13754242320941512,-0.0114399002684535,0.07097919526565817,0.6640625
0.2651900644902934,-1.1256524352049606,-0.8264486898216297,2.970298356376935,-0.08130859722416904,1.4670610616206656,1.0947814493591,-3.47779295781433,-0.17208043358651798,-0.32196564501215597,0.006330383205555185,0.18049085982209478,-0.005218882326481874,0.03447978381514085,0.671875
0.8236097540838865,-3.113762803997734,0.37120856815714914,-1.1818104936933198,-0.22741407372851621,1.0773102279114242,2.33639197348256,0.7526382410584297,0.15106307607834032,-1.0438790553220398,-0.04512562347777167,0.22608764708780218,-0.06583069050275624,-0.05629248367024359,0.6796875
0.903103932348524,-2.93968923230018,1.0712557083102863,-2.915400909510751,-0.0940931890448867,-0.03594135786092819,0.9287952841338131,3.8801605764141907,0.3133497137317762,-1.0928995075704186,-0.02126826621954169,0.14255374938046622,-0.04384210152761827,-0.0971288798537662,0.6875
0.45020091007295376,-0.7274741524888044,0.5097952563938724,0.022308694913639186,0.23888942938567156,-0.8124787376541044,-2.188176787118329,2.690365180300826,0.13688474954356228,-0.4268912750654658,0.0716933696519236,0.017396767414541242,0.05370325166262746,-0.04409184214085211,0.6953125
0.032466264679674756,0.5726012788379785,0.003861356687920826,1.2837303126520523,0.25823479517427905,-0.7173777344678938,-2.3966185217992124,0.7893967797960432,-0.00875805931755014,0.07011819870670917,0.07497676370185913,-0.04355709975644863,0.06822548552056482,0.0008589162484895654,0.703125
-0.02788103542257023,0.07939367203580797,0.5036224841813518,-1.9878665332007628,-0.028034529835321724,-0.5398362015035898,0.08833799619622298,1.8950872614554897,0.11842773442138203,0.014573666567108012,-0.020841588308322393,-0.061180902373090235,-0.015571599998161344,-0.028018814137592312,0.7109375
0.059377132945994116,-0.4605028965630213,0.756069222962209,-3.3067150432384445,-0.1422048770044616,-0.41289440125990334,1.1115929388531982,2.5350913121921117,0.1884728698227295,-0.136744376691059,-0.056406687405723646,-0.043569668921594286,-0.04997734801780101,-0.04684342596616023,0.71875
0.050252766534728335,-0.011857416587742756,-0.0857560130218999,0.6680032311978968,0.05781477438814721,-0.0160914663699346,-0.5018244314894812,-0.16548330830632227,-0.019028406769991433,-0.03074934221961518,0.020815406015306723,0.010800904014220021,0.017629840373372684,0.003008132368686427,0.7265625
-0.031071410432998325,0.8812745543267838,-0.6177710349074059,3.779128411317683,0.32888172927618226,-0.2589933444652512,-2.896542238711229,-1.4480140179628362,-0.1624854353322007,0.18262235028112356,0.1085408988615452,-0.003404611165269424,0.09842455211837182,0.03921996788151165,0.734375
-0.1897641825485543,1.8377210733634681,0.028362872112680338,1.9851671278021108,0.47910016852529275,-1.6059821231127989,-4.547866021548134,1.5109599297932053,-0.029804658801086625,0.4162182570075324,0.13081047311206045,-0.14899114657082047,0.12663239364233847,0.011161199924069163,0.7421875
-0.6533669747596574,3.110693474264555,0.36074691446619117,-0.30181266507005916,0.3956069335931628,-2.239357237288279,-4.068545955862527,2.576995736548949,0.02218821728465069,0.9097692317376656,0.08297178565696114,-0.2979216315128782,0.09963712219234015,0.00984984780925461,0.75
-1.3976083940584358,4.491905615913773,-0.508696650733264,0.050828552433669495,0.06577641025102264,-1.0660832874708368,-1.0706902877259907,-1.7468560975665235,-0.2113288461947155,1.6450119889194101,-0.016555405278807386,-0.34055860027622636,0.029854542016474216,0.08382193579868878,0.7578125
-1.6745553698315876,4.588069848618623,-0.9474783941409213,-0.1880855595126152,-0.21408140402305442,-0.04709218919904109,1.537505578853248,-4.257006284986262,-0.31665266204664505,1.8563246393906014,-0.09604783297505826,-0.3133618017452401,-0.03542181514579364,0.11584904824459033,0.765625
-0.6640379530807313,1.7039816430091788,0.16124355949414634,-2.335150703158818,-0.1548151701376034,-0.4479160079263092,1.094094034276199,0.21308182714103088,0.004156074008258966,0.7002397613734986,-0.070991341614571,-0.17317393815553223,-0.04143178754935975,0.014661754819450937,0.7734375
1.185005304859684,-3.478775376997581,1.199769186613408,-2.3325507902837286,0.033324225332188664,-0.25696075287029296,-0.16992184626884502,4.752266124650534,0.35518938910359743,-1.3664575547296882,0.021690223668361527,0.18057104522034653,-0.013427127940282878,-0.11400546122731647,0.78125
2.177345212239217,-6.730493975212127,0.616168807088069,1.0829085385077348,0.0014751962767879825,1.5526616857395639,0.7164083022245277,2.3466624240901464,0.2837629675304927,-2.5113870581062403,0.06078496629888625,0.5254650316729311,-0.012639921794318651,-0.12074838499762709,0.7890625
1.3591545989417506,-4.745302784703672,-0.49893545315133264,2.9727668217494,-0.17249703995679716,2.492532426784874,2.310041518093356,-2.4895521738277604,-0.020202760119538858,-1.623697610597733,0.009608128997822549,0.461080775361547,-0.03709309847495866,-0.02815727015344199,0.796875
-0.1276731010074177,-0.44098977638875236,-0.556893022554674,0.3027357506289354,-0.30400363758664406,1.383508851188526,2.9197100159330387,-3.0600810609357514,-0.12230948339431495,0.03302583570151084,-0.07766344971700431,0.08532784623862726,-0.06851779972136103,0.032143729177268134,0.8046875
-0.5571538652813713,0.46560188895478294,-0.06390719773222796,-3.0288047125355506,-0.49492847466271483,0.9106031781842179,4.367353295397409,-1.6932789019486838,-0.025341469516574126,0.4408053195427529,-0.15869087614022068,-0.05115589347415184,-0.12669403521316297,0.019361179695852982,0.8125
0.09796004016649108,-2.165053305946979,-0.20148546025935185,-2.626016974361413,-0.7150023522083703,2.3867618279257146,6.725709646754965,-2.9030965065091197,-0.004786784380190155,-0.4000909758489869,-0.1957081029813801,0.18684893283330722,-0.18246047219104883,-0.0011915549639302176,0.8203125
0.5441857600425222,-3.269329991037577,-0.6320318082004659,0.2301386506758459,-0.5834150550387962,2.975312986173145,5.816252362527201,-4.210065238969036,-0.08360649589554578,-0.8523027941053504,-0.13237858381924195,0.3324682493811293,-0.14059291038956462,0.006883652253814649,0.828125
0.2499222367480045,-0.8531788104240385,-0.5142754472086436,2.1933907052790413,-0.00796542045866824,0.879199861474452,0.3156002488369306,-2.0461766920964863,-0.10390729019290396,-0.2803626093051123,0.019289665524676893,0.1268233850224135,0.008445173795135713,0.018516206339821387,0.8359375
-0.30941764371451047,2.344024868256686,-0.19618767112170696,2.902294003848829,0.5400016284624075,-1.6492559914231832,-5.100147163257851,0.8310074324167832,-0.09263800263509914,0.5823949744156297,0.149128417273929,-0.16901709120387576,0.14685059479015472,0.029009589394415995,0.84375
-0.8704834461676471,4.4945901835153705,-0.26320030387761917,3.0501913976464854,0.6959756635043343,-2.6092547104489228,-6.767334248308097,1.0570096083815956,-0.15137914892628077,1.2933438344424952,0.17589899035824821,-0.345955298565044,0.18948597742603238,0.05654475537308026,0.8515625
-1.1925143743465232,5.287008344185328,-0.22849264525874532,2.009154247429767,0.6105969736327227,-2.743976974303809,-6.121480421201294,0.9606114266812299,-0.1590197377275776,1.6284252518703297,0.13935566419559184,-0.42202757655878786,0.166732299347143,0.06617851653578957,0.859375
-0.5331753877085329,3.0868604014546004,0.40608876944482086,0.332866097053403,0.5296448519407829,-2.5581291725346746,-5.272466665999586,3.179210010734432,0.035593961727623934,0.82612720133081,0.1235335692510626,-0.29727558852241653,0.1329285439461925,0.0036985426746462867,0.8671875
0.8616185760926978,-1.4250031713986377,1.0411460589361712,-0.24960097016536673,0.4447547866701162,-1.5896262493006181,-4.075735780124288,5.357273912825821,0.27720078139454507,-0.8237192563445019,0.1320710724449002,0.03035794592951128,0.09717153998361823,-0.08772077380738669,0.875
1.1145897538116676,-2.7151140796637834,1.070920663116935,-0.9208164374451371,0.2502149627937921,-0.798552411143145,-2.1729308926144797,4.883125600498469,0.3097385255940305,-1.1950263418282487,0.08466616169746458,0.13455072236748403,0.045501262080130285,-0.10148531352616148,0.8828125
-0.3824586824867346,1.066108686671425,0.8042780400678143,-3.8692564217312673,-0.08810963734957264,-1.083867667038163,0.40728331462854644,2.8863308886551726,0.16834963470128395,0.39250559114870687,-0.05699341514067031,-0.1803040077097487,-0.03586701853149118,-0.03141616416066658,0.890625
-1.3709305550414346,3.0786380977335583,0.540971517933976,-6.40909432109373,-0.49556782069527566,-0.6440115626926279,3.8461769377699353,0.689741094333357,0.06388406302476048,1.3667611028821254,-0.20127715715400843,-0.34290242466240894,-0.1362889049626858,0.017551317884040393,0.8984375
-0.31274065773442045,-0.8611541643828864,0.10185466310413677,-4.354951857243828,-0.7206201296571769,1.6186293271142331,6.512389188632827,-1.7168497844932298,0.04011833333709186,0.06475097461933264,-0.21891247523226784,0.040678052452957185,-0.18882665839690554,-0.00215963688381457,0.90625
0.9608021705918339,-4.3654449647914575,-0.35413791802117156,0.20118030629438025,-0.514622460262185,2.890182038352696,5.27199359889085,-2.9312842081667094,0.004393145078046181,-1.3080796959569907,-0.10525188045999448,0.4019367173931145,-0.12832029293919633,-0.024347730089459736,0.9140625
0.6739937090407541,-2.307494231512032,-0.4405801381332248,2.3142605928048905,-0.06062122290075903,1.3875177079335002,0.9592991061598402,-1.9270395699232323,-0.05715695519401513,-0.790768023794681,0.01699339207701304,0.24506409252099048,-0.0071472612906814115,-0.0028806493147676125,0.921875
0.11821645333009641,-0.10141161973776307,-0.40253903123442214,2.224756292438832,0.11894166890874605,0.24525671218333242,-0.9535408953355841,-1.229637784620952,-0.09254539509931284,-0.07850802003632902,0.048330475742243494,0.05316829944898417,0.04003454132450677,0.018919918758749977,0.9296875
0.6000337484289653,-2.2450617617245485,-0.6144899261788792,2.5261251530627606,-0.11876946637808887,1.676960549760007,1.5229191223308631,-2.76192348112889,-0.09868487180197183,-0.7264618299531392,0.00173826859657583,0.25510245450956925,-0.019463411008452336,0.008920916102619756,0.9375
0.7468722491996528,-3.2791392575326106,-0.8450148131122682,2.5089070815937564,-0.3317088294218171,2.709699115857945,3.6321304519741027,-4.286308950018786,-0.1320631639305984,-0.9787967957823802,-0.04878460864298044,0.3626838269183558,-0.07171084693575666,0.013477608985758635,0.9453125
-0.48560794352370107,0.8771249468884307,-0.954323535601918,1.6322988655311548,-0.2104507507221717,1.1989573089783052,2.0159137654786625,-4.316147015422354,-0.2424409703285527,0.49022033377836627,-0.05383957128538247,0.013447776195716977,-0.03637146042852786,0.06950580729290481,0.953125
-1.4209789243727882,4.438359637078913,-1.1035092733714125,1.9929450234625259,0.04217068257806974,-0.33226427073451426,-0.6827846049516324,-4.123959940986825,-0.3496764737287378,1.6721680681959485,-0.010105618307999043,-0.27525344619639147,0.03378801238029753,0.1175815380512714,0.9609375
-0.6514896795496777,2.6191871387539503,-0.8130135699394552,3.1670681615886647,0.25763109441977805,-0.48263067341304355,-2.4399408920692776,-2.3792838010136186,-0.24321459314301747,0.8708064925370145,0.07103318719476916,-0.13866082704665986,0.0837603162387942,0.07348480856527828,0.96875
0.6013653698982679,-0.45890931789110984,0.42257497478993505,1.9862132585744146,0.5305983531589149,-1.3884927217111407,-4.801553851423096,3.2013615818727827,0.11176776694045752,-0.4788097993156562,0.16265460402127738,0.012611081664910016,0.1311352725951647,-0.04179848852509533,0.9765625
0.8202868930923093,-0.5585263706828681,1.6196162218284307,-1.0804253326602107,0.7059974970569584,-3.051866131909378,-6.688073534543709,8.373210069269554,0.3961512391981141,-0.6787886785057305,0.19182540227638947,-0.09655937376018192,0.15541968990213492,-0.11528113382031151,0.984375
0.2065469152334605,0.6826566038504395,1.5090327945255593,-2.8622928065424142,0.4475589288136841,-2.824247574939347,-4.5214745115467325,7.195126925800012,0.3435715766920151,-0.07707449949067482,0.09957102092717578,-0.20231611708665567,0.09098592889207908,-0.08784148298133582,0.9921875
-0.5379640861978966,1.5994909268365427,0.6837254318500439,-3.5433916794289684,-0.06459509060854386,-1.1755713547724058,0.15529653448963285,2.4884527442590736,0.1286102653701592,0.5831510173054597,-0.05269857612914126,-0.21400744533285243,-0.026971721539180482,-0.018229042759155892,1.0
-1.1093680870752993,2.644874175451715,0.4082244158511365,-4.7714710683309915,-0.3405849667609336,-0.6614350096868113,2.5557859481408136,0.6162113905091899,0.04142861160932596,1.1319142015100412,-0.14467113818845567,-0.2861928818544541,-0.09339527899920304,0.01652595831678038,1.0078125
-1.026016963798963,2.293015613038074,0.46773322715146637,-5.041849942375421,-0.37840055804603834,-0.5349608452113722,2.92500016427041,0.7337002991702131,0.0624969207324732,1.019524725649095,-0.15409067493006406,-0.2628127452019973,-0.10442924343789561,0.009487222247831452,1.015625
0.013044868169699311,-1.0027600116212656,0.19741313586453912,-2.545430914969278,-0.38427556490141435,0.8822632870670674,3.4979359273101216,-0.36667778548906527,0.06620465283430449,-0.1734037303707921,-0.11367002540846864,0.05394280507232309,-0.10256854585180805,-0.016398247636567387,1.0234375
1.3619983771237942,-4.66093158024762,-0.021721218834613334,1.3695501339289124,-0.15720923366240017,1.8963899054666247,2.0268541203752624,-0.5904960469317805,0.09016030086870261,-1.6280068851447014,0.0028578841151587243,0.404914581804633,-0.04124236474549278,-0.05465895338357605,1.03125
2.0132384622291695,-5.5418842181386605,0.040922415079341995,4.299229426672389,0.28832572201697143,1.2274480668124352,-1.8475734832311286,0.9472486624556328,0.12434635772965352,-2.1955364499988272,0.15118812791395977,0.49026202639662997,0.07312677261338095,-0.07866479406068501,1.0390625
1.405261711504511,-3.6591969347263227,-0.30491594919145615,4.649581108486267,0.29599287281487696,0.9711973094412948,-2.0734976851785234,-0.3569722873545793,0.0044915613060906336,-1.4878358796736024,0.14063881002478743,0.36092609067555825,0.08207690487906573,-0.035324645218892115,1.046875
-0.2812236804431358,0.08196470278221309,-1.09117718068694,2.1645464517647257,-0.26485331519279054,1.7273795130160146,2.645466904855481,-5.0149270589508745,-0.258651776747687,0.2346107650216153,-0.05921246134185774,0.09541373301271586,-0.04830906988473539,0.06848875210923966,1.0546875
-1.7123518140389866,3.8683341607802713,-1.3349253219070376,-0.38274557853913466,-0.5219674073386085,1.2493748246994736,4.495017200308808,-6.672335946760235,-0.3939949544230659,1.7791013240254467,-0.17628701943821729,-0.2200648320000751,-0.1093406591409934,0.13541977627404486,1.0625
-1.3655453830856124,3.8700971861472326,-0.8098734700955708,0.22019694638864448,-0.1231546724800097,-0.14042155127719527,0.7889897703669135,-3.4645691370871377,-0.2692035575086553,1.5350344242522957,-0.06271588378904405,-0.2612762877929202,-0.014971675272632493,0.09701854402380114,1.0703125
0.09308523262036571,0.2009351365363411,-0.24877757444292373,1.9985750966282634,0.1992387306884336,-0.18816204000161074,-1.7458291281248068,-0.3816380994408783,-0.061295817956474326,-0.019432768146550292,0.06651150436377673,0.0134867250899646,0.057306769408372524,0.012010424508633889,1.078125
0.4558500804142521,-0.9516370659329518,0.14930275446746008,1.0134167263057634,0.17492139726785874,-0.20077724016491094,-1.4830798144372457,1.0824383801039572,0.05586431444311121,-0.4527206661494853,0.06269360024852891,0.07286686624293254,0.043428429489030085,-0.02476006360231778,1.0859375
-0.3146329052619161,1.941810671326268,0.6359536472017521,-1.060135549765881,0.340969733587304,-2.050466100072606,-3.4968162683363273,3.492636388138661,0.11178700568097091,0.49373150795216186,0.07212460717513124,-0.22590294430147412,0.0794773089066079,-0.01969968208834638,1.09375
-0.28279626508929406,2.337451349174109,0.8354338226064169,-0.817557783151964,0.5244163640095967,-2.7759906550038838,-5.24673738647056,4.808311761967981,0.15103092733548054,0.5289461125844183,0.12095265225583145,-0.27539847258638933,0.12413198383605736,-0.029957731220384358,1.1015625
0.3195491298867804,-0.9167652736509201,0.34553668651572683,-0.6593129125882645,0.014530846715787986,-0.11294358776486584,-0.11512008331084254,1.3754705175571218,0.10055159144935838,-0.3647950139739563,0.007501312946774568,0.04402968450539308,-0.001282921908617552,-0.032144177950861046,1.109375
-0.3876612019072182,-0.5450619607141762,-0.2505195945878623,-2.974763254503121,-0.6735264887951362,1.8135795111641788,6.146190511104772,-2.951049556118485,-0.049297761505475345,0.1764607399589571,-0.19949159101813496,0.050635040658574215,-0.1698385656787002,0.02105605649788262,1.1171875
-1.432302226630072,3.5052717543835294,-0.22773194783858725,-3.155145725981557,-0.37124941983056303,-0.1743069415920763,2.889995332661706,-1.9354824223867813,-0.12577352374565454,1.5013710304622303,-0.14956071161872475,-0.2971435083203345,-0.08980957092659869,0.06437177147741807,1.125
-0.3190140938099181,2.3737185581556273,0.15462423105455253,1.5440915982425951,0.5239969579697278,-2.022226319674555,-5.059813060647339,2.1567656950531098,-0.010239023144901343,0.5813673580530939,0.13572381036472478,-0.20823196702951424,0.13619357569071286,0.009529861807169283,1.1328125
1.7585788714467234,-4.009581174424625,0.28369522858693286,4.411015911375784,0.5634868514098016,-0.11045911535107039,-4.581704894223313,2.709028585384197,0.15063364036146717,-1.7941758442615303,0.21540861517402746,0.3396085770468592,0.14143086771058203,-0.07899979937139764,1.140625
1.756050940883996,-6.153282029435091,0.21844862350824779,0.5628808273341882,-0.26811363350605844,2.349226547186621,3.15773663594559,0.00845899416529867,0.17710542584711836,-2.131075181006856,-0.02115147192266207,0.5071925919726249,-0.07528374947974083,-0.0849274515927909,1.1484375
0.4897189934723065,-3.1437436569995856,0.356900554363751,-3.688703625507382,-0.6432417390842402,1.9396748189846702,6.06457891418949,-0.51052762848401,0.1477235467292255,-0.8307574709029129,-0.17550433516226815,0.2166053172341227,-0.17465592100491195,-0.047267652729055185,1.15625
0.6240963355821006,-2.381210721813926,0.6150077207284174,-2.222585391591302,-0.1955478838870346,0.49642472170258856,1.8916562433252557,1.811885293284059,0.19444618177924505,-0.8060492254262721,-0.04897757398051035,0.13772182966350333,-0.06252692928658268,-0.061859185152420205,1.1640625
1.1277197230104423,-3.128850826329534,0.5423151264872779,0.3871241713382835,0.12857440595052486,0.17771263536776896,-0.8838421365715501,2.4643157376000313,0.1933842043239904,-1.2510302719327255,0.06294267109682888,0.22150094545950577,0.023118538729909967,-0.07381487464879022,1.171875
-0.30152650340053166,0.6613668795237133,0.02312625661270918,-1.0891653859909678,-0.11330281543148146,-0.0226283218624643,0.9023931262627277,-0.22884262760069726,-0.007357237970285929,0.3022645996851527,-0.04294575543826217,-0.06523460560744838,-0.028515467565376297,0.00876643219019505,1.1796875
-2.063651651649105,5.760341081264959,-0.5829780762888217,-2.2331329107297573,-0.24743459464346976,-0.7790033882489311,1.5736139690839894,-2.931851866595788,-0.25517132984777596,2.2836357262610627,-0.1274717351695513,-0.4543422439474066,-0.05006400611956736,0.11052778165664416,1.1875
-1.5628695467953997,5.296629718349089,-0.9436878846349892,1.9846470553942965,0.19635779323211283,-1.10805563213575,-2.2273816429488047,-3.051276069709025,-0.33001792291862636,1.8951645704266007,0.02540325088598422,-0.3618685422746586,0.07198204674439607,0.1161623138823805,1.1953125
-0.13816458992603559,2.11123577004342,-1.0170876415155325,6.830104073889449,0.6930370085601485,-0.9552359697079399,-6.208852268811848,-1.92556272485409,-0.28121994500399705,0.46141518541195903,0.2184121172835207,-0.05857064242871436,0.20142702655030964,0.06996972787631721,1.203125
-0.23013506696726896,2.1466507946873414,-0.8235937520723255,5.483348957083805,0.5867081646177471,-0.9716661184388383,-5.315694936043935,-1.4808623362902926,-0.2364846494177188,0.520810084347812,0.18022711173853415,-0.08524773602194527,0.17026332283166523,0.06152663579129413,1.2109375
-1.0206773376296348,3.2745704424322453,-0.3949439859589326,0.1114694514654601,0.04620059393700387,-0.747332376491827,-0.7590901131728401,-1.3695412743750126,-0.159423322938925,1.2016683457969322,-0.011993668914359323,-0.24630285019883194,0.021965578243488992,0.062341332950183244,1.21875
-0.7132240869029184,1.4967443285941817,0.03455354089683493,-2.6094136517162902,-0.2890196971553024,0.037836132938535945,2.358014677537179,-0.6873286655763791,-0.022244948595294342,0.7035242408699244,-0.10768819246726676,-0.14560091521827664,-0.07424759208749972,0.02226455632309988,1.2265625
0.28543672328878916,-1.445778710358487,0.26019176226036156,-1.6230592420950145,-0.2286553731266654,0.6486072824986598,2.1562568637340647,0.33780938254509674,0.09149051546305456,-0.4239657974291943,-0.06141917682098641,0.09143749160565166,-0.06403049051725627,-0.028988475517113397,1.234375
1.0263924460059528,-3.4093053257652945,0.45581959495333474,-0.5778523517717447,-0.10010860382007346,0.8271090995539556,1.2196105887099704,1.4549481221942606,0.17816519328351993,-1.2262413531191967,-0.0037973116219740055,0.24773948133403978,-0.03485359800277627,-0.06760853760912919,1.2421875
1.5538329231227734,-5.061547863952898,0.8408932173265725,-1.238353037249596,-0.11761616350568481,0.9811061936672562,1.4925891449323019,2.8892918793731166,0.30263787920742885,-1.8460937196481486,8.638968034986835e-05,0.3521552223844268,-0.04703759643108083,-0.11011838131611822,1.25
1.5735773930090615,-5.249749388339335,1.2088767094200534,-2.827525364831653,-0.18197657034756057,0.7604996729682839,1.9921576442183762,4.132295117852671,0.3928002176247423,-1.901673238241644,-0.026464490851698212,0.32845138262110457,-0.07056672475981289,-0.1322037606675094,1.2578125
0.6049952440158265,-2.2575760490861096,1.1090098036653864,-3.971320272372783,-0.19194891773631437,-0.10661911168771666,1.7043677499953545,3.7391940268720782,0.3076132106881802,-0.7908167034698906,-0.060201037169408354,0.07604499922050029,-0.06997029031428072,-0.08854178468397242,1.265625
-0.5363931772632989,1.2877319630117168,0.2960936005278549,-2.665847698006797,-0.16673639754534403,-0.429970139501593,1.2217607493969627,0.6774685506237524,0.04322407545629618,0.5454880496326194,-0.07279053885708167,-0.15010947345473233,-0.046942888015515896,0.0022075098195862477,1.2734375
-0.8521011673260782,2.226597234543133,-0.9116196881766554,1.3264883239107095,-0.13340104338959222,0.5448990930266496,1.1279393924540668,-3.9213234677404767,-0.2606535721284979,0.9423117815970441,-0.0452703738927495,-0.10670209564835242,-0.01590363815241945,0.08258078819876274,1.28125
-0.6442148307431467,1.608789435761175,-1.5233207599746645,4.013309054974758,-0.09394038295037811,1.359873104434575,1.0279161077569945,-6.195316773116275,-0.3920641548496915,0.7292626561508714,-0.012222626852590056,0.011906836759750114,0.005123523777578509,0.10904899819439368,1.2890625
-0.20722007641240525,0.5555320856083993,-0.8173563779493185,2.602986427831824,-0.0027496794530480484,0.7368720995378525,0.1619833529070666,-3.190071178654199,-0.2038519950238058,0.2521510130441882,0.01206841738944424,0.034406165953372043,0.015679363011778604,0.05340544739362012,1.296875
0.763588579737158,-1.822975068325484,0.3434713412510559,0.9282308085760542,0.20185356556312947,-0.1826898772425861,-1.6643452333614852,1.906152007468826,0.1190285847521518,-0.7991884550834903,0.0763329335714229,0.12993763965332342,0.04705648222221848,-0.04737492893431875,1.3046875
1.3745179235655498,-3.220078696333452,0.43297729050625944,2.4789909523624107,0.3969983228875596,-0.20864591451463343,-3.243404938070102,2.8138009245856996,0.1694960663252928,-1.4225133163362405,0.15106949222018295,0.2496628353634411,0.09558117197793678,-0.07419924207813781,1.3125
0.082127315972737,0.5734795587186033,-0.32358927819764427,2.908511689145081,0.33315422911709636,-0.5002574272430794,-2.97733941728537,-0.2754905521555597,-0.08606082462637184,0.05024084937110001,0.10632249042297778,-0.007189894358735098,0.09398687171125854,0.018190942278051597,1.3203125
-2.219906877539708,7.0806386558442975,-0.33074911175426663,-1.8561224640438847,0.0642089022350588,-2.1299057482051293,-1.4542461175932468,-1.015954054297717,-0.22097747573951806,2.587123579148668,-0.04982377837460199,-0.5862661024734945,0.026695229565289136,0.10603048694110545,1.328125
-2.7301810501401893,8.485989389112824,0.5453402617533661,-6.2995096803424575,-0.048077942222134316,-3.359295348363088,-0.8845031177568846,2.0856826084705355,-0.043300644786751906,3.113281412722593,-0.12050208183806146,-0.8036848068275227,-0.01776135414313628,0.07579940786510989,1.3359375
-0.7688003999379341,2.7697943419906474,0.8627090910842182,-3.7452564561702673,0.10094398227531103,-2.1014794218632162,-1.5285288263425099,3.694096542375126,0.14844158563031296,0.9135626150320474,-0.017864359517925095,-0.32987630845683835,0.012864650127903391,-0.017384000000874825,1.34375
1.420876763216659,-3.813445476558129,0.2445097709850396,2.402258760217147,0.23171237524876362,0.5349806826117726,-1.631361122771492,1.5930486330406657,0.13700247508748634,-1.5409858369157974,0.10975639106228494,0.31588917388818694,0.05522697202598343,-0.06741794343793005,1.3515625
1.9147513847613191,-5.5736776909136285,-0.30294323744549945,4.815244203456431,0.17233730478069192,1.8587678164852963,-0.709050516109176,-0.7357752995208624,0.04322110304586438,-2.1245655950996527,0.12283785756068702,0.524721321689016,0.049022894508286535,-0.05688296380646381,1.359375
1.0052652106503897,-3.166928689465534,-0.3918809211847926,2.9566529181216956,0.006070834204155646,1.486685041927757,0.474602373625698,-1.546364479026229,-0.027665254265945474,-1.1453100369016864,0.04612376538382712,0.31720926414328926,0.00864166949358589,-0.01800078060273744,1.3671875
0.05711376536871833,-0.8001581077093501,-0.37506859253694946,0.3316424397713611,-0.22724633025252222,1.144177230420448,2.2319361930034334,-2.140973940703748,-0.07279108325895926,-0.15061105158215743,-0.053546006554905864,0.10037983955777677,-0.05125455556986096,0.015719409260191664,1.375
-0.15107144858659013,-0.8472913164589728,-0.22274662926468308,-1.8828514045709108,-0.5046871127104985,1.545691384417606,4.672560030942124,-2.357523568331388,-0.03662080630063886,-0.027335783696784303,-0.14368566777905323,0.07984005708601008,-0.12636199535059162,0.012193185417720208,1.3828125
-0.012924763926894758,-1.5415184786620921,-0.004495648605638328,-3.0029841562555255,-0.6159007102388642,1.7550664289551905,5.698111988921854,-1.834217637748069,0.028951446754804853,-0.23530650131097627,-0.17605025228645377,0.11444670604911962,-0.15969703998708137,-0.006785683734350543,1.390625
-0.25203062186241826,-0.29006854894927375,-0.24360304710738398,-1.5153258280446074,-0.41060982017115355,1.1921398860300698,3.7608585050962144,-2.149464908072908,-0.05202094236873259,0.12797819233781113,-0.11988923599450263,0.03597977965919849,-0.10143841460483448,0.01830985975864395,1.3984375
-0.5822440512264647,1.494405689103525,-0.6758058025724408,1.03784405939997,-0.10063699642244114,0.45846568434367246,0.8709351113499443,-2.9072538165783595,-0.18907052920358844,0.6420657510975244,-0.03224286842294558,-0.06575262789801922,-0.01222122087798844,0.05902099481403902,1.40625
-0.2072121227282595,0.6857566520631241,-0.3486063229146659,1.0561950284407042,0.026538599698036746,0.10515414207635204,-0.24606758211630603,-1.2632294893215992,-0.094693827953403,0.2575817061302407,0.009132797059081292,-0.02457628843370249,0.014504413989552692,0.02738651524499386,1.4140625
0.4620984476160811,-1.2519085970018033,0.5909180582449952,-1.188373244895239,0.04628532395931492,-0.3437098684559791,-0.42166024285657316,2.441916105612992,0.16658317466716777,-0.5194060051867694,0.015206396926737751,0.0487708655409003,0.0017851721180174012,-0.051315387817380584,1.421875
0.47730712702185896,-0.7700875867324417,1.1639098846367386,-2.322719829097959,0.22679123287174713,-1.510473823089194,-2.2583843284281855,5.203724891883092,0.2920876499904493,-0.47249774177343057,0.053714641415647,-0.04666490627920584,0.038749787247676665,-0.08185015508498453,1.4296875
0.34513643922899945,0.4012285571969506,1.2943916877336694,-1.5675701082004088,0.5154937161577898,-2.624427591416301,-5.029462774857023,6.554635003113078,0.2991651535768454,-0.20498015668721556,0.12890219685812096,-0.15298025437134535,0.11222595524258332,-0.08051239173839962,1.4375
0.8245846025771979,-0.9891869085841621,1.228334673238448,-0.3783104482734565,0.5613517700760474,-2.173745366475743,-5.229681915450992,6.407310933649747,0.31161380330118127,-0.7370828420664044,0.1602788206357184,-0.02240714305918293,0.12480429675888681,-0.09507602320587785,1.4453125
0.7110413193983159,-1.3933110570908813,0.36729522002829756,1.2623305622355785,0.3043117548204092,-0.5556224723240645,-2.6411457732310155,2.29832275548173,0.11601352064055565,-0.6976745580383468,0.1033447019795658,0.09342712986329245,0.07320177223766865,-0.04541220668860342,1.453125
-1.0360506207241775,3.4615964880140084,-1.2443633581050593,3.554667193977366,0.13722551854918624,-0.03569578116214759,-1.362916200958815,-4.415395948600334,-0.3634882214513268,1.2698371785400766,0.03381588070822165,-0.1717074561201767,0.060931955957744026,0.1115380924582232,1.4609375
-2.474909371138393,8.124025122126362,-2.007383693734681,4.578600381330596,0.2327836551279855,-0.9311133226458372,-2.6379259369503765,-7.060960340560843,-0.6383341985864562,2.9763949890299384,0.02986630922101408,-0.49894916968171077,0.10179971566990785,0.2119518861959631,1.46875
-1.570663555297122,5.178484197960997,-1.2119947912060862,2.72202589553076,0.15288629455119812,-0.680349939994759,-1.7442657467350786,-4.223939506806218,-0.39088708134623906,1.8909015657303705,0.019080577852011206,-0.32556757239876366,0.06549682667707778,0.13094327642566694,1.4765625
0.13785792066269092,-1.4391777682856874,-0.24819853681852244,-0.7664695055415628,-0.3830784780938875,1.523931323972055,3.6735292113241553,-2.0944732719174213,-0.029689895944377098,-0.30893932224896814,-0.09868404916870045,0.13764296808630974,-0.09448970230993887,0.0035281191540990097,1.484375
0.46137827422966227,-3.537226534425661,-0.0015260617508156022,-3.2887046610262556,-0.8154359100008013,2.8152913893919433,7.750969449410148,-2.410612591711266,0.07065669655107532,-0.8618906825397543,-0.21727504644630968,0.28214494702849463,-0.21278020766388153,-0.02807985792141536,1.4921875
0.42425125202824254,-2.705462564770658,0.3230696852505918,-3.2188430259581464,-0.5518190086009696,1.6451814760471573,5.194182945105273,-0.36970942250583544,0.13117166012068707,-0.7164705645749305,-0.1507375915100094,0.18463888338229645,-0.14981809280977565,-0.04172595538896004,1.5
1.4230058663477814,-4.360695566468429,0.8478408431507901,-0.9003389267270505,-0.004264582294530051,0.5132707589312216,0.3837632355848704,3.2488943957134957,0.2899811107873947,-1.6494155411333704,0.028009725658837477,0.2938658102884643,-0.01736357398919209,-0.10399066483608829,1.5078125
1.8636445480007957,-5.596411405616819,0.527870571997444,1.2460215136966466,0.06510893913686577,1.1480312788273188,0.02015047028351683,2.1888132872622115,0.23974960284962002,-2.12280631146761,0.0707106092550992,0.43768837530618776,0.006014012070239816,-0.10260552737343635,1.515625
0.4375789134932199,-1.8855347220777285,-0.35423836628193395,0.9987467908762433,-0.1878805611852175,1.404913719803723,2.0196701533635077,-1.9454827351008284,-0.04458321219971282,-0.5724681148023361,-0.02980404631027366,0.19498082194707061,-0.042359559169539596,-9.323376942421971e-05,1.5234375
-0.881117056492104,2.5169666351422184,-0.29121911331824996,-0.6995658340034631,-0.08312714590559672,-0.34916406325013244,0.4695719796967377,-1.3476630719624787,-0.11926775079895977,0.9858309954307469,-0.04673006253462496,-0.19433961627162244,-0.014280065737673178,0.049496373299466184,1.53125
-0.49219145232203393,2.4164522510579163,0.5787969704330759,-1.26739432927257,0.31240894060296764,-2.086147918096504,-3.2893608395868568,3.190562286035552,0.08861315614519123,0.6866338795474181,0.05919878906490875,-0.2624902507117088,0.07314512435512666,-0.009828631153360086,1.5390625
0.08711748080108016,0.7981812178376683,0.7195618516945569,-0.5452099687749596,0.3818064643832249,-1.8417018273794121,-3.7291629788616856,3.91924424137219,0.1545028401813265,0.0465420092530352,0.09572826730383309,-0.13284869971179086,0.08819055106619031,-0.03963420771326707,1.546875
-0.22514824886052312,0.9993420869428952,0.1684520424637937,-0.40572814877049324,0.10462788262361995,-0.7345340048795831,-1.130974695564519,0.9659515413259837,0.019588327971106583,0.30079813584379606,0.018760418769661967,-0.1027316869919197,0.02620364720999676,0.000268528999273524,1.5546875
-0.1503599449938576,0.4115178235647567,0.23025324912500883,-1.2050370622438695,-0.03572674730433971,-0.32785899798996293,0.18350848243785825,0.7978735738160614,0.046139268773634695,0.15638482524813815,-0.020463812547869307,-0.06232774646469456,-0.011705996970423939,-0.007816612730329027,1.5625
0.4209725269518574,-1.2362116189323764,0.6266076681398558,-1.5841872281362013,0.0011311146328349029,-0.29750725018665963,-0.029975234803078565,2.4394367612497754,0.17374458649270927,-0.49149806101618887,0.00012832926364454781,0.042272770960708236,-0.010206530499937078,-0.05211591903366028,1.5703125
-0.2803858811636883,0.729965572261328,-0.02639953854455406,-0.6137638924446072,-0.05862104665161818,-0.10134621269093785,0.4211657474630471,-0.2567714700330187,-0.020392591152837324,0.30140710419956446,-0.02560047508360285,-0.06478730439895163,-0.013459013023532028,0.011273539163625168,1.578125
-1.8213488535897369,5.4197210944835925,-1.3295117985578673,1.7353036103930084,-0.052593103588360064,-0.21672305550710094,0.09308398503603131,-5.270300163403415,-0.42350491843888516,2.0968713815321793,-0.04577291396397941,-0.3412922332785246,0.013571686990205181,0.14487747694020625,1.5859375
-1.622862411155792,5.5658452543167085,-1.4872121404690386,4.087785915858048,0.25166166110728055,-0.6979322592950944,-2.601405719862331,-4.998361340907359,-0.462990032130951,1.9955464497334503,0.05196378720540355,-0.3277205562054085,0.09588206948970415,0.1494406995998041,1.59375
0.2532865664621571,0.2590280666650023,-0.2855184690035235,3.442903221032544,0.41736388985802964,-0.6055293497953983,-3.6950092504032397,0.11304745309933782,-0.07072386076783399,-0.11358192483321447,0.13528082949732728,0.01918952976673472,0.11510186078875936,0.010313253088842499,1.6015625
1.1618180023533002,-3.5562982192143737,0.6542641765903643,-0.5902253586009405,-0.0010812769273398186,0.45356941271914436,0.29840694905516174,2.517830949105351,0.22800708858518204,-1.344785599927711,0.024363483919277246,0.24317387907462226,-0.012645809020777173,-0.08288565006509925,1.609375
0.7639096254647262,-3.524332024746722,0.40596619434756404,-2.5548492961604516,-0.460721196294869,1.6440067275305752,4.465864555922012,0.20919634928799338,0.16770465865351852,-1.0712373362943657,-0.11483125589502943,0.2511097756052309,-0.1278828888032985,-0.05865814769676612,1.6171875
1.1433985751419633,-4.145842156176785,-0.24393957604908995,1.5565760345332338,-0.2127796796529957,2.0867489201789984,2.515658665697042,-1.6146229327514887,0.027346870010690815,-1.395685446778886,-0.015107878898082487,0.3810715181508813,-0.05161685191222001,-0.03428224014861912,1.625
2.2313081362615748,-6.206506647305503,-0.21297768343234683,5.641734422830937,0.30713437591200315,1.7009075107679665,-1.8533303437033477,-0.008132702934275598,0.07747683782678849,-2.4347926414313985,0.17047935208567494,0.5757437974699995,0.0825159081022503,-0.07270460624415241,1.6328125
1.6151459856566455,-4.654806928178173,0.5339946140371544,1.1813779567683391,0.12890725700763156,0.6998534406367164,-0.6763182657853095,2.398282162674379,0.22140092357208946,-1.8114970629106415,0.08038038103375937,0.3564869154911808,0.023249113329136626,-0.09228666100081315,1.640625
-0.9840573305721583,1.868631863015435,1.0532525668516608,-7.756453830855493,-0.5178517558756099,-0.7717263288271927,4.069746801352901,2.6102877936019855,0.20936827684295006,0.9047613486068499,-0.20665468460937703,-0.2908366840695402,-0.15178896043255544,-0.026595939149903238,1.6484375
-2.805067762318651,7.523594531630717,0.5238260956715076,-8.586171048780642,-0.5113529039137429,-2.0836618956978983,3.3896200025451346,0.6294167588224577,-0.030799276805029165,3.0106028927967534,-0.2548934565975476,-0.732155534926363,-0.1380395527715739,0.07470539166945891,1.65625
-2.123711127080882,7.165917594816643,-0.6382846552024488,0.1990598079278027,0.22772826281508385,-2.1393783091780834,-2.839682721336797,-1.7488593746562182,-0.29594657404572433,2.548199045134443,0.007733805756708435,-0.5565358476897344,0.07527649752442042,0.12144169269567714,1.6640625
-0.4885851015537964,2.7924887819765214,-1.1126404949262465,5.86325435264339,0.5365075874081434,-0.7617133421897871,-4.873426632429956,-2.740884255267692,-0.31772583255144404,0.8013753945073253,0.1635956521659307,-0.11376773711181384,0.16226455957657906,0.08717181906397217,1.671875
-0.03200478635126537,-0.13436756899676325,-0.37211252676057954,0.8992343482979341,-0.07756615605657524,0.6147061808745333,0.7983548040438683,-1.6672246164736702,-0.08421381228821734,0.01298055469341541,-0.01419531691706428,0.046321589120052166,-0.012433286685009396,0.02059962478680078,1.6796875
-0.38868833362299915,-0.3741838497320777,0.6810079608402977,-6.2026054762475695,-0.6500413380469562,0.6576843366146755,5.650192304252635,0.7722345142204882,0.16823817059069926,0.1721205815116493,-0.21548702962778596,-0.06020235916384179,-0.18078669478107748,-0.030947255448794373,1.6875
0.2252986545039848,-1.4133756591690434,1.0181515803026913,-4.87742770644727,-0.3225288899508357,-0.028621832558622974,2.7768100571190257,3.0265695026359083,0.2696252170497723,-0.40547194776028095,-0.10864991883642529,0.006960165856250705,-0.10210469103493708,-0.07014496292472368,1.6953125
1.69308162475144,-4.1734480413044395,0.4964498392229824,2.7950413354196706,0.41148781617466684,0.01202624909348214,-3.2567693928700914,3.094893868329966,0.20407295228295172,-1.784868949637019,0.16449804557776568,0.32720903016418207,0.09742400903720798,-0.0901435444736955,1.703125
1.933434621322388,-4.465533938259589,-0.44605893838458577,7.6002891254874445,0.6310206115176947,0.7293984875611081,-4.91894397069421,0.052665141158214114,-0.012128702687131945,-1.9560066607590223,0.25825452055271264,0.4575488522069705,0.17174789955186326,-0.044266470159800904,1.7109375
0.4187639363385985,-0.5809408541536467,-1.1167341729223832,6.230161890769224,0.32862560944735497,0.7893269011305858,-2.5610086878049865,-3.4033533361490966,-0.2503207165623093,-0.32655362369868673,0.13570591071166374,0.17620474971784042,0.10685027276550972,0.049391540835790886,1.71875
-0.750894670661232,2.6080278704082076,-0.8659582013951048,2.6282339694989036,0.13545011114569835,-0.17155064503238812,-1.33509295910091,-2.957614951853121,-0.2567261602534152,0.9355890844333394,0.0342286308811341,-0.13581968864491745,0.0532876053774837,0.07917023709965511,1.7265625
-0.29452325086609193,1.5297147010000773,0.0581757057605747,0.4970632585197542,0.23127188670234863,-1.0409066385081431,-2.298831993919263,0.9088668880114052,-0.016757502662251924,0.4347883451111108,0.055322792165627126,-0.13360955736016067,0.06115724734973971,0.010635960945543395,1.734375
0.3924187101406606,-0.6049244197188562,0.60895594294369,-0.5141509886675592,0.21291327628653323,-0.9099062897963349,-1.9997118074769942,2.979999862580989,0.1565271856585784,-0.37182667729284274,0.0605263159601688,-0.003944108431623637,0.045716427706217866,-0.04742829878353971,1.7421875
0.06565221133242086,-0.565883498720688,0.46945508864843805,-2.353041335823107,-0.16284551016346988,-0.014596920566815897,1.3891791719155508,1.3485131226046616,0.12225146125811086,-0.14755650547656626,-0.05509271381518654,-0.00551100502074762,-0.04970100580274272,-0.031189618048372256,1.75
-0.4503582806981343,-0.11386652409684134,0.3057400935508473,-4.734222459842856,-0.6067764666149836,0.9069348386996725,5.34075267800611,-0.5686574277075256,0.07399248811380285,0.2670008727286247,-0.1962092190507373,-0.04313348922374067,-0.16260690962908403,-0.006997818750844953,1.7578125
-0.33959686792376464,-0.6306139136499238,0.3018063519723042,-4.885133025540034,-0.6725357614469583,1.215392249719565,5.999998679184121,-0.7747170410117515,0.08386828976451831,0.11292767368399485,-0.21123786499682065,0.0002725871309357085,-0.1801653572430693,-0.011990537420426025,1.765625
-0.1436562922061091,-0.32504320661726893,0.08341496142684304,-2.020186578256878,-0.30674769861168655,0.6253439332822702,2.7496393552048346,-0.5571211679260449,0.026915540692826565,0.040617894230109336,-0.09459208244275603,0.008137590894830649,-0.08069649794222696,-0.0032183692335102355,1.7734375
-0.2569099457267518,0.9808615262645545,-0.11634194364165912,0.37293841568370445,0.07084830966984484,-0.3427028368630308,-0.745760903799401,-0.22648980520191225,-0.046240563090924405,0.32810846579748937,0.014395550040558796,-0.07308887936510142,0.022007664268287045,0.0168909372145387,1.78125
-0.3404193606429723,1.329547467628057,-0.021573268275223715,0.05324741923855313,0.10045153500632514,-0.6233117709210668,-1.0834398629764967,0.22668310606485173,-0.03110995008331503,0.43462049208157977,0.017872364739891185,-0.11207326776812702,0.028172414952176806,0.01529994469845031,1.7890625
-0.3583418229144889,0.988119792461512,-0.23122522195651432,0.06204089311915485,-0.044734710212960827,0.018686356262771882,0.3148942869800234,-1.023629509544985,-0.07408956872804552,0.3997806970372168,-0.019018349605377127,-0.06474866657600817,-0.005923170142999736,0.026100618002888386,1.796875
-0.4489872160884585,1.3286109136571647,-0.8415551499048731,2.344788848847962,0.003850673892607318,0.49351177391827505,-0.00082281004307566,-3.2633034961371012,-0.22522081629279408,0.5341488247803476,0.006562487009607804,-0.029690149883613952,0.01820589353409222,0.06443200404251559,1.8046875
-0.35954546229804807,1.6144115422972838,-0.7343272369098574,3.1601921121288727,0.2188223154973691,-0.15359788744515016,-1.9894452104235412,-2.21856171754987,-0.20567370742314964,0.517019965320375,0.06856735177158116,-0.058986814805697785,0.07264993433131545,0.05744788719888677,1.8125
-0.1597668191527378,1.4788645516935583,0.16383863648258468,1.00873339262384,0.37018646331072275,-1.4215963309558275,-3.5664598730622497,1.7242565628831852,0.009117877657097116,0.3340855148933943,0.09710555613321678,-0.13548801901300647,0.09577404218262399,0.001064531527309336,1.8203125
-0.2383753673604575,1.9807848259754233,0.3011942668616493,0.8616859608274026,0.46406178458032854,-1.9333019336638617,-4.506046885357423,2.544075735413201,0.0317231180384279,0.46096007517802456,0.11784678232308421,-0.191120949437902,0.11775027784774197,-0.002529854659426248,1.828125
-0.08738722973830317,1.4237547072147327,-0.4226157753093877,3.6563669698805974,0.4627295049334097,-0.9318790510840522,-4.2166044123282855,-0.28088907420925785,-0.12710134969150988,0.2991695889367243,0.1399073599897177,-0.06769236633509536,0.12999154379556976,0.031915271440701214,1.8359375
1.083434294788084,-3.1512605947292758,-0.07286062887800812,2.3535134780708966,0.09316377479585292,0.9463245954587051,-0.3920696097464612,-0.03773147698347777,0.048412077482137696,-1.2041348428670855,0.0659998669314847,0.2853966528445261,0.025193384591340837,-0.03806446665121485,1.84375
2.4435099099148014,-8.741773633026435,1.5659921200774736,-4.33346512180041,-0.4967395580263362,2.1572864999918937,5.180934063084163,4.5756296289849825,0.5478466380313172,-3.036628637406043,-0.09529249351802345,0.587135584599564,-0.16062132038477933,-0.19012842583217415,1.8515625
2.307806402912285,-8.549263065036476,2.104170982027917,-7.008501896389388,-0.6102386427165912,1.7147192479441442,6.0177716002894375,6.345720026475097,0.6704372133736353,-2.935818674839865,-0.14534507334029886,0.5108990801915874,-0.19974043551626705,-0.21619550252453507,1.859375
0.6739529052474612,-2.3299669737670965,0.5822494087714217,-1.6114174690468324,-0.11409026222220006,0.3492125356460976,1.1612370087348833,1.9234728347892125,0.1855929637941754,-0.8287422066437162,-0.023127909462038472,0.13896860973423503,-0.04015189677314094,-0.060961320370859474,1.8671875
-0.8402813243918572,3.060910876255855,-1.0249396063999487,3.4149600218934735,0.20940764957699795,-0.2955540926762465,-2.0161337758893403,-3.344979680957602,-0.3026243137327997,1.0714241504608732,0.05589785145605696,-0.1569160002777309,0.07547422886896706,0.0923297167211827,1.875
-1.331332009726058,3.8832099372907747,-1.2637568248864928,2.211085259855705,-0.05729682322421057,0.23440705567087086,0.32055373676057275,-5.048206408874805,-0.37627338976367675,1.5307453610366872,-0.031514149647430253,-0.21274729514489976,0.010528932307593613,0.12193639622645194,1.8828125
-1.4242314524218043,3.448240506802023,-0.9552780214397537,-0.4729973844407863,-0.35216813590358603,0.6253117467308726,2.9281435983478388,-4.712152324372401,-0.2955761966876595,1.5114929224501215,-0.12647786133829586,-0.2160515397994813,-0.07204788813573984,0.10492394048431299,1.890625
-1.8518466564268345,5.156274141246073,-0.8574646918253849,-0.7739515787248672,-0.21259471779856226,-0.3364177693883502,1.423074128617508,-3.9076837156318267,-0.3074787402996203,2.0584651507330514,-0.10366016067986888,-0.3716292281228994,-0.036517845998389975,0.11792293098026015,1.8984375
-2.153521326538956,6.888292323481865,-0.47497057929684505,-1.1678344100334028,0.07662732368786385,-1.9260680671802533,-1.4998958139671574,-1.5582143878422723,-0.2522221935187082,2.5175406489555927,-0.04040344911972986,-0.5537641830694415,0.032873305651951235,0.11178230070839701,1.90625
-1.276413856740212,4.541335433819882,0.27179722063738804,-1.9095788829622191,0.19810887095638374,-2.2231688857593856,-2.4724455524943045,1.6786630552426651,-0.027952608302365102,1.546610663344934,0.0068377117644553695,-0.42095977231929826,0.05011824428523584,0.03691369607784371,1.9140625
0.5984743329964975,-1.201529130542083,0.5862817804195322,-0.03548968766994784,0.23205555285913945,-0.7226740508135694,-2.0845717884485846,2.941632723933489,0.1635208467662177,-0.6007598991922891,0.07367229556028229,0.0515654136979489,0.05085979382072902,-0.05406778403563295,1.921875
1.8004365960810722,-4.929234479789225,0.3549221220827003,2.7168053754439514,0.2549515079993508,0.7383269953963421,-1.7203326125804113,2.068770850537698,0.18504781843268805,-1.9701129988038506,0.1270651660434009,0.4030943538025841,0.05943965636444801,-0.0881652732708711,1.9296875
1.4512059585175516,-3.9073169885864987,0.2551439301163966,2.433401164147943,0.23199218843839275,0.5535356331850604,-1.6247301709847606,1.6270411330009444,0.1406687415665135,-1.576279645253075,0.1107033375860408,0.32270213479595156,0.05563774064131314,-0.06913425212528847,1.9375
0.7432837993679096,-1.780236996670633,0.30107702114884144,1.0180499232472475,0.19585125493656325,-0.13847145909496825,-1.6006171393071822,1.7287303014061988,0.10837359144670017,-0.7773226740208359,0.0747695441629287,0.12997392077513475,0.04608249039735397,-0.04433308176082667,1.9453125
0.858009715282446,-2.4833816306144283,0.003461102733504735,1.6492805080175903,0.07495017624026444,0.6728167889882988,-0.3428556689242781,0.21589648835663797,0.05275718623831189,-0.9535588068346691,0.05114353378995141,0.21840068455292103,0.019388052883405334,-0.03367129665793271,1.953125
1.180192924815294,-4.373742272353978,-0.27118231009160637,1.4900939255654229,-0.25563522071555084,2.2767006436072244,2.9404291111466563,-1.8347068772674548,0.025979307104888334,-1.4550411116715765,-0.025870330803952617,0.4017924050671106,-0.06270877038520221,-0.03482635290874948,1.9609375
0.7554336616899989,-3.7189775679678005,0.13537446193340305,-1.9640153337887416,-0.5347709881004367,2.1612704032782264,5.2310914082119,-1.06027866667003,0.10760884634205707,-1.0877957515588033,-0.13005318779505215,0.29332785841390857,-0.1424265295664213,-0.04403888317672073,1.96875
-0.2083628323766291,-0.2410897843166048,0.6275220003197258,-4.395225152116837,-0.3765502459176625,0.1284247674805968,3.209198172004141,1.3501899881086252,0.1528589540596382,0.07729658838506821,-0.12956359700518455,-0.05710430325757958,-0.10852283336732352,-0.03176493426782056,1.9765625
-1.1307465852438128,3.6031704584546738,0.26485826159918924,-2.5989798144193177,0.011064362348514562,-1.5269794193571093,-0.6755070864539164,1.105415188650874,-0.010103382396730164,1.302939554034669,-0.04159199321628656,-0.3438387228369217,0.0006413720900874233,0.0293235542728769,1.984375
-1.6220493687217867,5.446359883272999,-0.3257828794037519,-0.5270017184377357,0.15543830708120324,-1.7696448801299216,-2.051786342286876,-0.7555718176528522,-0.18656188946448332,1.9368376959934364,-0.0030571716670668835,-0.43979750732138556,0.049723680593269155,0.08338138697704493,1.9921875
-1.1878709720762153,4.125586615931297,-0.06329839524611515,-0.7803553238955614,0.15880817565442779,-1.6297389552536898,-1.97239496788148,0.26182775048950585,-0.09791911554233831,1.4344547995549584,0.0065475206773225264,-0.35129033530242354,0.04545627224815782,0.05166860826825025,2.0
-0.05565544701547786,1.0267713201721214,0.3348181459350001,0.2769675549151403,0.31387766536523554,-1.3512070206499118,-3.044454697343789,2.229559343352697,0.059219920523484904,0.18923572595791052,0.08038618670471126,-0.11573454723471183,0.0775077329367581,-0.013361204034345505,2.0078125
0.4965416272805145,-0.7704069912055831,-0.3253024038654951,3.4682552648319285,0.3156550498956488,-0.011398460822993672,-2.6351220843379104,-0.3585015643579197,-0.059960906801037404,-0.43420885329865666,0.1156914635121624,0.11030227173092953,0.08912633355975827,0.001847439727780687,2.015625
0.1392841708083862,-0.913182823887075,-1.107052998200628,3.479968303004812,-0.1396215247945366,1.828071803951545,1.6635327979620866,-4.7337386909506005,-0.24253417482191023,-0.19698855125291106,-0.008215476687248402,0.1888887947361154,-0.015489812931812215,0.054376233073258284,2.0234375
0.11640314586641842,-1.7275535154106167,-0.457783544197438,-0.6885365374912731,-0.511736630346793,2.117189256431443,4.9166640190890645,-3.2961304781664666,-0.07365565590844304,-0.33391236866583435,-0.13099864769879882,0.18104730149446804,-0.12446102213231572,0.014658454746823939,2.03125
0.6863516313170116,-2.5757960113175398,0.7513338527579475,-2.615292014792131,-0.20157231085819763,0.4198087348700767,1.9284057592249888,2.313383879707259,0.229757256443598,-0.8822968878659332,-0.05151496402579721,0.14052340455311596,-0.06578220888930356,-0.07184726949489782,2.0390625
0.526735677733688,-0.6198086410002673,0.6646147344260479,0.23371127630334457,0.3672680871969157,-1.2788841906498984,-3.3913161243051957,3.6585294755244537,0.17109246159945013,-0.46416619395807496,0.10775463312834856,-0.0036238394240514626,0.08472397916411406,-0.054179489321657115,2.046875
-0.44103959033571694,2.426578662273661,-0.29243060240931007,2.4149840216818625,0.41594051876901694,-1.3210252693558264,-3.9728936706492664,0.10639226318976856,-0.11650155266386795,0.6846311296817984,0.11108038444211935,-0.17049447471199036,0.11579285285259425,0.03798954041660032,2.0546875
-0.7274378208012975,2.2714550399086213,-0.5036782785809848,0.7832007222114871,0.017338472527262557,-0.23206937176908732,-0.33324835995421404,-1.8805628682517788,-0.1642246759094471,0.8540569932716113,-0.007861432713852234,-0.14813742857895307,0.015613476269677901,0.056485874654616734,2.0625
-0.1674125916918385,-0.10540856245635045,-0.11207723032190035,-1.0328999180031109,-0.24187634877341072,0.6442128411634669,2.1943053425888657,-1.1388963834934047,-0.02415020788352372,0.09714699877530206,-0.07200008827293082,0.011618227395166068,-0.059941399356694305,0.009570873698705833,2.0703125
0.11447632124476893,-1.089969539288404,-0.13370525198591773,-0.7208545495797566,-0.28077977030949314,1.0771734312136194,2.679546557659374,-1.351701827828098,-0.009343125828060251,-0.24249500394180842,-0.07272072596387455,0.09932647399098214,-0.07005271595174975,-0.0007343906402279554,2.078125
0.2754876109695122,-1.8006081807286762,-0.16706384610509617,-0.7499609441817805,-0.3599198586564037,1.511359228979803,3.491583669934559,-1.7218742610715385,-0.002976982698150685,-0.45908991502574265,-0.08894379966567352,0.16275152335722065,-0.09039643295663247,-0.0061021911150208556,2.0859375
0.9206548701004438,-3.669115063809942,0.5094170744616532,-2.0477651567719644,-0.3312872057621091,1.3179722283433966,3.302089155789138,0.9809076152497053,0.19475398860456852,-1.2002557805490086,-0.07476989749734184,0.25755641097246584,-0.0959557289114421,-0.0690210363491249,2.09375
0.8796542883380887,-2.366089363548914,1.101767916480394,-2.108383395607719,0.09906809496157594,-0.6477637811669146,-0.8823005048443556,4.561426424921077,0.30901536992379836,-0.9868698498323846,0.03273121865482085,0.09580319838462754,0.006109583973633025,-0.0956030725351163,2.1015625
-0.6581926813984753,3.7086130309679683,0.6671980641934415,-0.37856287798364174,0.6085535999613484,-3.2134628841310717,-6.13454037802294,4.416270370267606,0.08383970729759628,0.997170654137099,0.13598284393697793,-0.3756748562034346,0.14937579180674979,-0.004877222595200971,2.109375
-1.645144840308645,6.649755504296,-0.1831309705321541,1.0667580447814482,0.5886499803428819,-3.201074903750563,-6.117109311927092,1.0717799006288515,-0.17686165501738668,2.1380666153870265,0.11667577223608458,-0.5464358444845306,0.16076762132753736,0.08133597670993885,2.1171875
-0.37232941561712246,1.462913681258003,-0.5216496384556026,1.9689622057285314,0.13564022324259054,-0.17724560664040553,-1.2744781911406509,-1.6206984800565827,-0.15186350858237016,0.4946711036725336,0.038886996678057645,-0.07128141821133127,0.04651644730578547,0.04492675858193334,2.125
1.20904710209253,-4.060922003622651,-0.5525961609749367,3.3673774564332306,-0.08687324247196122,2.1496812734040973,1.464549252928482,-2.440075398000739,-0.04660739604605286,-1.414326124656043,0.03026066872337036,0.4091123165160377,-0.013314515423510576,-0.01822338895675517,2.1328125
0.8075983992691397,-2.5086629582918687,-0.6627898632972611,3.739005910750457,0.03285653038540676,1.513103683566106,0.21065183985969232,-2.501216554463437,-0.10382339603697444,-0.9018733789193739,0.0533232255559791,0.2883032789211343,0.020596329048898,0.005101763486980284,2.140625
-0.3853397249240209,0.9576880313166338,-0.4902485191270762,0.7875008951780263,-0.07773140480422455,0.3834385541233774,0.683789333024235,-2.1222885569082397,-0.13450061024611398,0.4216546543211707,-0.023377010088671216,-0.03696857033602476,-0.00979501978012813,0.04118937541844725,2.1484375
-0.43014847405128087,-0.051169643468481074,0.1326971064343581,-3.810796892851612,-0.5505245653239297,0.9717496007556053,4.877629350347695,-1.0916876316667379,0.031449614981589116,0.2691524724476366,-0.17500331488598947,-0.028157392426343585,-0.1447070836823929,0.0026996844147874634,2.15625
-0.0030636532211240405,-1.7715356179857005,0.5969643243843251,-5.645648117304672,-0.7195135580782851,1.3647303164286817,6.4939912535713145,0.2065415256983717,0.17561839690471368,-0.2989240684757647,-0.21978469280159138,0.06912703583693179,-0.19789622926145733,-0.04204309714565716,2.1640625
-0.08459785244501716,-0.23186378507007427,0.5456099476853589,-3.127754643759793,-0.21857970679710959,-0.09808688916036784,1.8232747059002237,1.4845083174718907,0.133303118597941,0.0006250026171997424,-0.0780382458206986,-0.04439981838873968,-0.06567003451743963,-0.030171220941629943,2.171875
0.1793111524809417,0.469169687320867,0.34404144513784235,0.936316121421426,0.3824775510061799,-1.3113340683746153,-3.5856422123643923,2.456238787162858,0.07264319947030662,-0.05360615804663053,0.1079222729842778,-0.06537060454013302,0.095078802299548,-0.02228395352833547,2.1796875
0.8292021966260859,-1.399529194991461,0.16218454769501706,2.909589610325127,0.4537583316290675,-0.625182937626899,-3.918574160968903,1.9365735511053654,0.06802117671111799,-0.7685581829036887,0.15501824409385184,0.11971050966527094,0.11615499506696984,-0.03686785950461609,2.1875
0.21532278502408272,-0.31213943516102105,-0.26063321655005506,1.9836930978938223,0.14848363100134251,0.09591171693810548,-1.2236218432300552,-0.5804346632914985,-0.05408884987437154,-0.18011176762805595,0.05643968119900131,0.057843725827628666,0.04448393568388657,0.007303258432596404,2.1953125
-1.3397519485038616,4.039969902841934,-0.7106781319473465,0.3553794850108262,-0.030976889408895095,-0.49623310088532413,-0.08809153028264423,-2.8041087461315533,-0.24897569124790778,1.5422736839291213,-0.037851068846380995,-0.28347172267284354,0.007506416771662114,0.09151338059518081,2.203125
-1.3187347866439232,4.12826802883768,-0.5647313843270959,0.13129602965528187,0.022582896608917796,-0.7958720759335142,-0.6195032212034239,-2.081614334410626,-0.2162853053943074,1.5373074937211346,-0.025191232341722814,-0.30439045044920926,0.018910700621876705,0.08318073224719083,2.2109375
0.2914392523904536,-0.6854111173307585,0.05151374552639705,0.661466160440447,0.08256703462920384,0.004000423965244306,-0.6733220939804722,0.43693226896169546,0.02725374083177041,-0.30006255404321425,0.032913353826568514,0.05650967535466402,0.021484119724367548,-0.013882564044851267,2.21875
0.775267108761187,-2.2604165035750823,0.3565639399500493,0.12251886139568997,0.04561819384788532,0.2628454461296319,-0.21380290713440414,1.500091745121424,0.1313491387894159,-0.8764182663725208,0.031791514259528225,0.16208243746889314,0.005607498829989137,-0.050409322147394874,2.2265625
-0.23634597235531915,0.8532180859016677,0.23550183133713187,-1.0401678874212077,0.0315869184150666,-0.6147219773954834,-0.47462481358824277,1.0215649881154412,0.039165798706744866,0.2830490444383653,-0.00426227786121991,-0.09916115028175532,0.005296903884223534,-0.004022525588844186,2.234375
-0.42594041216613787,1.713710708330087,0.24095387831540835,-0.8296919361787629,0.13548700375420122,-1.116739725220845,-1.517816367365592,1.3522603995425546,0.02266535397094251,0.5432562418963268,0.01874646636042703,-0.1719806345316595,0.03268653884973557,0.004363756169185536,2.2421875
0.47445004153466125,-0.9310655132461116,0.32657657621953035,0.5382577997365153,0.19813814791521053,-0.4539037170408054,-1.7428694690698536,1.8366010170385099,0.09662737843180717,-0.4676483176830917,0.06573196396064293,0.05325908701916596,0.04660639998352641,-0.0350558173092187,2.25
0.619827657422236,-2.0710728802565734,-0.056338321731105166,0.9001524761294666,-0.05171695813857968,0.8581624066938932,0.7462343801021614,-0.39666236360646095,0.029092356362153703,-0.7303324453925346,0.008508267735258916,0.18477574175341843,-0.011907781849697999,-0.022211044061208673,2.2578125
0.18917637450208766,-1.9266104565623827,-0.6260078524936542,0.11168237555195192,-0.49369120970257874,2.336182275131447,4.830177337893656,-3.900789409450162,-0.10906278941906113,-0.40688915627882016,-0.1192426406174692,0.21649491375453575,-0.11681571618845585,0.0214478193166136,2.265625
0.7161973024456706,-3.7304984776085823,-0.49443276652985246,0.10989189479079094,-0.5593467348260309,2.9233889616095774,5.624966697483643,-3.5941447356914935,-0.041263315904435965,-1.0425832942491204,-0.12321544971986718,0.35883532026565923,-0.13720853994789275,-0.0074840191630525365,2.2734375
1.3090910944066714,-4.232380135866795,0.2211429605387475,0.8664219637853245,-0.06566287271569822,1.2961559628510397,1.0854294731720793,0.6327231357514017,0.13918851548198696,-1.5340809000655249,0.021267623345506224,0.34495397610645256,-0.021728993987701103,-0.0651773334281813,2.28125
0.1792209165125501,0.39045724040025387,0.4822935200840065,0.23951061071530824,0.3449003137660857,-1.367954841998573,-3.2809283282258517,2.8980828718787004,0.10773291622809555,-0.07072164592863049,0.09363253052818514,-0.07411435267265028,0.08250919906711496,-0.030581444554606062,2.2890625
-1.4073494193168605,4.9247542441210035,0.14848211880288972,-1.7064932401883663,0.19310209350330027,-2.205073426266101,-2.446776414852792,1.2019079234466883,-0.06390503244059464,1.6970343319954302,0.003552860456559816,-0.44233393065867477,0.050867676987202626,0.048763579443322644,2.296875
-1.0727041116435458,3.2833336226963077,0.1851977449800305,-2.465954782155357,-0.03881260446026479,-1.232279644711439,-0.16212610364709054,0.6511995401592326,-0.022509534622068544,1.2167097753839637,-0.05220200418573281,-0.3098110153421831,-0.010935538904966279,0.0308388686597676,2.3046875
0.23737849230163827,-0.3404075151166851,0.7297814061157961,-1.6425960030922602,0.12171006050722809,-0.9543908304976039,-1.254452751611393,3.202229748953263,0.1801877663274547,-0.2325157956899872,0.02587623326495792,-0.04298758224993784,0.019566323364876067,-0.04931309509188328,2.3125
-0.08852237527408191,0.9094654993191661,0.6018080942286413,-1.2104724186271658,0.2166554484586455,-1.4174732798170577,-2.2345238899295814,2.9876471694772078,0.12457335656441551,0.1833493495871511,0.04504614479370777,-0.13611081804627567,0.047146212381939605,-0.02816490280123432,2.3203125
-1.5120990572120403,4.397876329694608,-0.5537533006331914,-0.8215908643603885,-0.10724314534116125,-0.6332121832754629,0.506741753691795,-2.4311374208140464,-0.22035262516137216,1.706059361258108,-0.06891496592462466,-0.3330151520422271,-0.014949745313281007,0.08882818464737323,2.328125
-1.2516813660818784,3.2540742897854336,-1.3213265782711159,1.848546773512423,-0.20149578171276017,0.8013524380441277,1.713800686229644,-5.710603785241905,-0.37849738208595035,1.380209630998178,-0.06858768360247905,-0.15635554613624958,-0.026054449421432386,0.12045094576161142,2.3359375
0.7035435514545315,-1.577300748471552,-0.7890248548937022,5.228012955302533,0.2736587522982378,0.863714352447402,-2.0261314463234426,-2.2958824104583653,-0.15291858266091046,-0.6819569175960687,0.12189955510912084,0.22781148454318106,0.08627073007322912,0.01919730091872907,2.34375
1.4384611660549291,-3.463823970395181,-0.06358914910426212,4.376711990145718,0.40201458913580845,0.42099462416483324,-3.1173831388957916,0.8898447722427923,0.05733407164078207,-1.4862164426946822,0.16652989032236462,0.3223408836245697,0.10580024295612701,-0.04885803511406752,2.3515625
0.12441192978946189,-1.1784856690452215,-0.10389555561178695,-0.9261093805654689,-0.3042518930248736,1.1201091344982423,2.894958292385031,-1.3033170032529424,-0.0005227619635512757,-0.2640823846606198,-0.07987966517642554,0.10298815278131772,-0.07679448376605488,-0.0030836099383244556,2.359375
-0.5698147279943189,-0.11104283471449702,0.03219371820958578,-4.59126390306369,-0.7387032929163339,1.4823682977692205,6.592769677532741,-2.0293613660360057,0.008705654773583607,0.35410217489860046,-0.2313187781712826,-0.018683731933176323,-0.19214737879655247,0.011593100522831688,2.3671875
0.8087759286658288,-2.7480898382947267,0.9304625206092053,-2.7254266468521275,-0.1282162187082999,0.12886505205303386,1.2461961401769934,3.225909139808099,0.27609431818698615,-0.9952519489729028,-0.03056869562087885,0.13988711898160322,-0.05025618803943574,-0.0858428797506711,2.375
1.8621274999429485,-4.438890511516019,1.0251105596972412,1.5529891834174148,0.4898693836149436,-0.6532983023680367,-4.071155076869942,5.382932786096123,0.3346459744254178,-1.9547174454457479,0.180232422043737,0.29839748172802066,0.10848822749090975,-0.1254628547601476,2.3828125
0.5344464318407031,-1.2463652045726985,-0.491896375114293,3.4542873787417756,0.18343279334908158,0.5979910487660032,-1.3442428966091562,-1.384894996378467,-0.0890291257446867,-0.5291403892573988,0.08285333985876489,0.16466782102327954,0.05720351209687505,0.008035544048689941,2.390625
-1.1437106603823184,2.901360635761857,-1.3402670534914367,2.034952445256211,-0.20677402130097985,0.9464106173285751,1.8132064246658135,-5.782281394273132,-0.37474966453208053,1.2542987241782368,-0.06645457758226637,-0.12445242249186765,-0.027553742502130562,0.11697346193985102,2.3984375
-0.5238353898255685,2.122687109455734,0.2382972732165712,-0.7792832579077353,0.17487000358823152,-1.3330152591657907,-1.930638238978069,1.471618066400951,0.014249100861444958,0.6721214652889659,0.02652561603774512,-0.20657974120961617,0.04329313137624408,0.008747873480420864,2.40625
0.9275335564469611,-1.3150693285122728,1.926829397596348,-2.8601391020130933,0.5290573649920265,-2.7903349499715007,-5.096560716016443,9.0399207824605,0.4830897549398539,-0.8791017737557643,0.1377790987299588,-0.06763046744454555,0.10402066769364587,-0.1386000721869647,2.4140625
0.13502794625737108,-0.29838878049022927,0.9242075219984427,-3.0409231076071803,0.005252918452541455,-0.9513781227249735,-0.27474082914547165,3.6085613640424645,0.22418188159321528,-0.16577952225980716,-0.015319003868364394,-0.07028792672565552,-0.013890837497753264,-0.05732165708056338,2.421875
-2.0376404991340875,4.6048099045773725,-1.192937430871603,-1.9237828860538317,-0.6371708592462801,1.0774820986916889,5.387797520020406,-6.464583697460452,-0.3767171404526717,2.1040968150653168,-0.2234042207163695,-0.3026707393337207,-0.14125166333405473,0.13914509239950143,2.4296875
-2.0128821630571254,5.141012226913777,-1.1399965692570557,-0.9279738646642157,-0.4012926885624438,0.3661491167082209,3.1927867331443314,-5.563046524771322,-0.37429011863765504,2.171105622557854,-0.1563189186822568,-0.3472862089966134,-0.08066546925770204,0.1379003160214514,2.4375
0.41077931292135694,-0.5633949962037099,0.5255173827847567,0.0006276354415188267,0.2546298151789761,-0.9126278475199622,-2.3557843992330296,2.78036966986146,0.13657859100665254,-0.37487719194880376,0.07506463951218792,0.0026918837162223284,0.0578613685705778,-0.04304965899322922,2.4453125
1.662772456063308,-4.2512274899094225,0.7113544643519286,1.6190944316147622,0.3350806556878095,-0.04987257236536645,-2.6260352207731734,3.7022126867972007,0.2557991685283321,-1.78469506439703,0.1366727066279707,0.3095242030837547,0.07396418991180938,-0.1018000906519809,2.453125
0.4300702356422447,-1.7007280592305458,-0.7926239828628016,2.954350754185288,-0.10629121686002548,1.6707114982552045,1.388186567001778,-3.413320789792111,-0.15178826961780206,-0.5229825929852476,0.003685290915199617,0.22641041428601605,-0.012971262656412078,0.02566060799969849,2.4609375
-0.4624602109081712,0.5343628490134695,-1.368075386428073,2.7195169983664624,-0.2973028142357505,1.9518364149145377,2.9514700001629195,-6.184866824949856,-0.33324511919382876,0.43479500333154114,-0.06806263555294319,0.08337171781960864,-0.05159386865730705,0.09070789477532636,2.46875
0.5262077278008542,-1.698144925980198,-0.2410216152660236,1.5893415796087411,-0.012327406263690067,0.8606956286661236,0.39700867812599594,-0.985236168188083,-0.021176081697506656,-0.6039597059274867,0.02059235804962651,0.1721052294409007,0.0013604707417645301,-0.00793834157311315,2.4765625
0.9070065860639571,-2.1589336926405154,0.7053668194584168,-0.02104958186541131,0.22991525143921226,-0.5347894885703577,-1.9662957278901978,3.404678742260734,0.21190522023669106,-0.9582644410031783,0.08039214356831342,0.12260955628171225,0.04728000222219131,-0.07304484835528842,2.484375
-0.8809094611224915,2.895081663069551,0.5003109782879309,-2.9684202255819288,0.02944550158078948,-1.593887937099853,-0.8053878270538021,2.077007047336651,0.06002783248760449,1.0190875737911373,-0.03366721299514731,-0.3062089023613714,0.000882608356959013,0.006452182878490564,2.4921875
-2.048364478046405,5.714497794175593,0.2086259754625025,-5.208619118213584,-0.2810000768108322,-1.5861102924205086,1.663627634649623,0.06293351423409496,-0.06706822589576186,2.2392821363139945,-0.15562895328596688,-0.5333515011874636,-0.07355402555663888,0.06514718649719468,2.5
-0.12402836829254806,0.114903154397721,0.4487673252777704,-2.4052432967759536,-0.12810293515116072,-0.28703677138077544,0.9890738657139316,1.3755604818155038,0.10370082115575295,0.08492822649942455,-0.051099963444736364,-0.06152347746634192,-0.04022132758394024,-0.022133310975501547,2.5078125
2.5777510418891727,-7.084904597049158,0.452908449701753,4.045159521542694,0.3577102886866742,1.1439455303590442,-2.3748651374123066,2.723387282526924,0.25225672257097553,-2.8231102409479494,0.18104957016054915,0.5856995350588704,0.0835628559580632,-0.1229642356928365,2.515625
2.4980310606654146,-6.604042357310557,-0.16466327776434309,6.69896100418388,0.4741613559560503,1.442574385860196,-3.308117281433092,0.6621836221186246,0.09714624324358775,-2.673329828796505,0.22637435483268262,0.6109561439691694,0.12536378692808503,-0.08394024561374333,2.5234375
-0.02211510766227975,0.21873220814747285,-0.7186780002325662,2.9655332489935007,0.08633983552967676,0.5593861614904175,-0.614925649465039,-2.5499933882461296,-0.1733017632828711,0.07515717833992629,0.0417321024004341,0.056868720610795044,0.037000296961161167,0.04166440471453559,2.53125
-2.0022109223737687,5.735735935700334,-0.6857242398993976,-1.4389746217170052,-0.17783794683801116,-0.7930388120220229,0.9885306261491688,-3.131708395185497,-0.2786489496209969,2.243143736614477,-0.10292016178265563,-0.43909638824098446,-0.030297824176225757,0.11464656589505942,2.5390625
-1.966779605409383,6.045798840422457,-0.22422263270777576,-2.3281378087485574,-0.03446101183023173,-1.7027136918248562,-0.4609144808754306,-0.9109479169208836,-0.17580719093802818,2.253100414893017,-0.07177520943482175,-0.5093976399216571,-0.0011485190144798372,0.08908527982955461,2.546875
-0.7536246376751538,2.6161077569268496,0.3702708117841524,-2.0512968173832142,0.08139707916024638,-1.4575531657424583,-1.1955035329489685,1.7145207610876005,0.03500617949836105,0.8957063070098293,-0.011221060323974122,-0.266545728478322,0.016839026636312898,0.009370405970145218,2.5546875
0.2332842677579726,-0.8690559799926263,0.7604433175751151,-2.801588178421002,-0.09001998730356012,-0.3887077582218151,0.6985958397121648,2.7083935543062183,0.19823679836728816,-0.31537841227058994,-0.035807876064123986,-0.007013956792793971,-0.03654349184102705,-0.05338458453809777,2.5625
0.4552438907054464,-2.0668126973326912,0.6005833546423367,-2.826124868409646,-0.27829301294615305,0.5687156251124074,2.5859882913412875,1.5263753666425708,0.1846018469401884,-0.6447546643020946,-0.07826128753193493,0.10850515774083161,-0.0834036388031968,-0.05541395153158471,2.5703125
0.5560893935638223,-2.4942360768812533,0.10263696371279592,-1.0022577229540843,-0.2999420844087525,1.3166252651580743,2.976646401324694,-0.4892431192295352,0.075438261257756,-0.7615047635688362,-0.06893572507567049,0.1970302033530513,-0.08018510452256519,-0.0317272599470751,2.578125
1.0172203056694376,-3.826704841375083,-0.16186270203409883,0.9097781143642769,-0.2456620769864202,1.953504368711498,2.7486841857115962,-1.3857378393257178,0.0399725563915141,-1.2656374218694493,-0.03102383611149803,0.34323396048061905,-0.06166815361876808,-0.03434536595058618,2.5859375
0.8138063814066184,-2.9161407253925278,-0.22067753803511728,1.3523532501934863,-0.1365638892428641,1.4975590916543784,1.6685067615844096,-1.2921569429974298,0.007601332374348712,-0.9864038371693871,-0.005326882686762528,0.27304357438473953,-0.03170685693822801,-0.021718795492320676,2.59375
-0.7067361317540243,2.2437912185799767,-0.41115892265806897,0.5495595142449234,0.02834281710458383,-0.3460025019613735,-0.45295609051767527,-1.4993933339709369,-0.14233276882806875,0.8329296020105896,-0.005926234206143789,-0.15456335997280668,0.016956911387788973,0.050704290171372096,2.6015625
-1.5947769943737407,5.373056583079269,-0.3936450833781677,-0.1839454604295805,0.1638136138829777,-1.6851784296875465,-2.094936012924074,-1.0041440029267883,-0.2018952886109146,1.9097066226910966,0.0019241702344137668,-0.426379270246452,0.05342465522520604,0.08626891955028128,2.609375
-0.15467618341965608,1.3460619591983316,0.13070724445032395,0.9173759419803219,0.32632335614073876,-1.2522597964641022,-3.1469071479901176,1.466297449350656,0.004226814938870497,0.31166992674240523,0.08563653754143236,-0.12172319059072631,0.08474356736880691,0.0022047623243208717,2.6171875
1.4911461764913234,-3.2071878083300676,0.37512895737561214,3.6041673930645746,0.5465995431738502,-0.44378882504272765,-4.56458391108859,3.0103930775405616,0.15540078103374402,-1.495104317037607,0.19957842291543146,0.2598797901739029,0.1357780672946021,-0.07365393418517638,2.625
0.6813669917800816,-0.9444993654046028,-0.18926549624632286,3.992985574063473,0.46601334986197657,-0.4053863330776367,-3.9956041956530606,0.6048721261322388,-0.023788444884838337,-0.5877622358185264,0.1620100148941805,0.11698562386172665,0.125757871222606,-0.011199949150685257,2.6328125
-1.0781794700870966,2.940203221957597,-0.5430386016362468,-0.4109010157410672,-0.14739105955085957,-0.08007065967711711,1.0540222403374147,-2.5110543458573837,-0.1876370432278249,1.1907321176675905,-0.06588241807651686,-0.20765323342283135,-0.026227639239133703,0.07061955715469294,2.640625
-0.9869166357246002,1.2100042099911408,0.012382329850722096,-5.120485639774925,-0.7322235308460837,1.045276644251397,6.359423515705116,-2.0631159305049205,-0.02255287008405983,0.8376858966086236,-0.24353763571750608,-0.13273213123116828,-0.1894841504583565,0.029094143957920978,2.6484375
0.2376270842703359,-2.1915141077160865,0.3264552420199101,-3.6407304790062494,-0.5789657328272062,1.5230166221701507,5.366582449526859,-0.42790671170268785,0.12134601929384542,-0.5130519722156129,-0.16506616360830417,0.1380383540525659,-0.15667972743769137,-0.03491728283136408,2.65625
0.5934451808149136,-1.558556062200874,-0.31742375269376455,2.6511829612827067,0.12687450859387486,0.6200413670788122,-0.8451408476359966,-0.8739958758622464,-0.04166770321030596,-0.6231682886342027,0.06456515470594844,0.172084291883611,0.039180856696552906,-0.0047073204733746096,2.6640625
0.5210826616403106,-0.14919733411278752,-0.5783415041299841,5.775562427782659,0.5970400496910867,-0.501453491033608,-5.16509026790871,-0.5048258077175384,-0.13075739919599008,-0.3432516741993739,0.2028581248174848,0.09084871944020789,0.16708546811239955,0.018210339503317095,2.671875
0.7698005290933925,-1.1873486412292003,0.2998667107242264,2.337068165709431,0.45759297707293506,-0.8619970654931038,-4.023358207221946,2.499818196777758,0.09710813606553015,-0.7004310666819832,0.1505594638294673,0.08673159267139091,0.11453353300720485,-0.0422996298769297,2.6796875
0.28672830862949494,-0.8312306832924028,0.882597273182728,-2.7859629267203623,-0.015854144954684506,-0.6858547236645742,-0.004051554368237062,3.3908731588068823,0.22585545135312013,-0.3482429295828759,-0.015412478597253712,-0.02008905931631131,-0.01917396809813496,-0.061351828154676394,2.6875
-0.9850824974920587,2.214405855673524,0.44267068911896634,-4.811797088162306,-0.3584733701047614,-0.5218441932764395,2.76527148157732,0.7057033879309585,0.05895336049019747,0.9808866838146547,-0.14665914166463256,-0.2528958892483617,-0.09920128394211111,0.00936761135262551,2.6953125
-1.1865603090947117,2.8582670259205853,0.34004420118560935,-4.700525558518756,-0.34872757512227226,-0.6409684372616743,2.618591615972282,0.3395746683068517,0.021662974627973883,1.218027087879306,-0.14831349087329712,-0.29836688957511925,-0.09446609656121084,0.02317255250451997,2.703125
-0.12578907674604767,0.09289922672652443,0.8799810259350455,-4.08780810310648,-0.15757436820337134,-0.706101471059104,1.1375198430180777,2.9717794420671804,0.2058628427492711,0.06766710201047159,-0.06999255387132854,-0.10532931891966837,-0.055548451325521955,-0.046567301927668114,2.7109375
0.30541543882656197,-1.0454017636364394,0.3941933708441351,-1.2007247419790323,-0.05433814598887614,0.014811183798094273,0.5089708002077481,1.3650360834970519,0.1145262185794413,-0.37799954680116377,-0.014008721206365654,0.048066242040306795,-0.020534909275578148,-0.03517555203677087,2.71875
-0.11715573880974973,0.22545371233658412,-1.1697777314411753,3.97149942181557,-0.005842915553428187,1.2523183610895112,0.34140030157745044,-4.579845686924064,-0.28037984792630544,0.15321522060585246,0.022713415981527613,0.0998756470960982,0.020631083368525774,0.0695328259616482,2.7265625
0.08268982691940677,-0.1584000311489751,-1.609615176211876,6.39135558129823,0.10671574024967649,1.6498877772187228,-0.4908038239082285,-5.972114464126781,-0.37603549788110346,-0.023237284355861684,0.07238058717570621,0.1828311432345865,0.05775243649788338,0.0876260678879886,2.734375
0.6749355148669145,-1.9222309897131469,-0.4453644990996324,3.0567691089821256,0.09018039880381687,0.9628386699236475,-0.4312088815731725,-1.4994821848926438,-0.06539548224180894,-0.7296626805397293,0.06027745810373878,0.21671169240882773,0.03191707269455985,-0.000994291373546491,2.7421875
0.29901782449665976,-1.310266234695755,0.3428983311525718,-1.560451978792916,-0.1631277996022593,0.37852008023016237,1.526937919619426,0.8443781281675677,0.10758167405923401,-0.41363385744237596,-0.04398764143519224,0.07320003866239436,-0.04796541146085924,-0.03327902657748914,2.75
-0.44959588422032576,0.7943670923556273,0.0746781651010047,-2.134368184780509,-0.24364813889979053,0.1369579223640449,2.034113260908846,-0.40934088638099925,0.0015280739381905324,0.41857727406990597,-0.08645208447493928,-0.08634664797383461,-0.06333372103590537,0.010197872148614394,2.7578125
-0.13535760639213906,0.7768703634360066,0.02334173701345494,0.3609958689782785,0.1329652626630409,-0.5558996840706668,-1.315421474287139,0.49465852132733235,-0.008801955145805734,0.21204544673430384,0.033249648154627734,-0.06726930068119465,0.03566821581915841,0.005022695750050258,2.765625
0.6431863864951809,-0.5662136473874577,0.31031400215657473,2.5266509358677536,0.5442190539961946,-1.256312970054546,-4.887689418458523,2.805034822309097,0.08763313715566164,-0.519513772953098,0.1707084906640862,0.03397370215563579,0.13714636594505647,-0.03695248459501272,2.7734375
0.5555687863011713,-0.37836361296939763,-0.08603237010128621,3.731996137524315,0.5281539603778421,-0.8425744776136285,-4.656963631269257,1.2171393477687258,-0.009825027080206765,-0.41869897633533204,0.1724366604784179,0.05754416330369389,0.1401930845290303,-0.011539916069834724,2.78125
0.011223868032401453,0.47183580160079597,-0.5955300280109915,3.221541981328648,0.2197465838438279,0.06590566424789768,-1.873035565114504,-1.6656104837011614,-0.14859712395447408,0.08922333786504456,0.07768851667711443,0.02561546384133421,0.06939309082741918,0.03487213189788459,2.7890625
-0.12420918079410645,0.10796722327355045,0.1133150087193561,-1.14762974637381,-0.11643690777337655,0.0677322353691247,0.9805065566070361,0.10337280451488118,0.024626905003048975,0.0953655382849876,-0.039865741856336796,-0.02621090374571663,-0.030966485425093254,-0.0032312452050094445,2.796875
-0.27779563656875506,-0.13207208341190182,1.2309950366625735,-6.963598759176665,-0.44447173874364865,-0.44906574084648915,3.6295119237457354,3.495634590492798,0.29205325905818236,0.1191303382809523,-0.16555509837334068,-0.13100850747976947,-0.1365502527085161,-0.06344877563780725,2.8046875
-0.8110491034675672,1.140436343514819,0.9553486322593857,-7.482996192474844,-0.5860258394296137,-0.2809106594399656,4.799632090521643,2.0229696412149045,0.20084143828800466,0.67893446868687,-0.21787761031067704,-0.2187933965274318,-0.16805960740823567,-0.028717066666737495,2.8125
-1.0529946512126764,2.4670826778058927,-0.30099556080218764,-2.030948704838877,-0.31047561593172635,0.13481818101904022,2.512127375536845,-2.0538638150741524,-0.12154720049981685,1.090796222020543,-0.11743023298897264,-0.19646766650242162,-0.07330106256722838,0.05421308322074321,2.8203125
-0.7233525966020831,2.47427830763569,-0.6874377383852711,1.8942668562956881,0.10921135119585869,-0.27481599571655546,-1.1283790520095216,-2.3353546084385552,-0.2115665473505216,0.8901823430461538,0.02328438656656054,-0.14344870546891297,0.0429168125151857,0.06768973076183817,2.828125
-0.10750606351946922,0.862863782048873,-0.002680652119016503,0.8387705860135577,0.20193347619349686,-0.6915093449666673,-1.9287120516796956,0.5881482886861903,-0.01690739217982252,0.20879112735551356,0.0546837902419565,-0.0698415492953509,0.0540211273499168,0.0062092862151607075,2.8359375
1.0837204719526068,-3.1887750604698857,0.4126587144549682,0.45010340548536054,0.05785244215047671,0.4853119856942554,-0.2072157679269523,1.7481729294960073,0.1633412581434231,-1.2272474011437078,0.044350221975381826,0.23769747076348507,0.007214389480116813,-0.06560340155473679,2.84375
2.4848906025512054,-7.579343111570575,0.049363278002637456,3.9173062355606034,0.07054272337852253,2.335693344778867,0.3754092735379432,0.3277070019547496,0.16730784640284238,-2.8278186784273815,0.10464164306638031,0.6604952905276296,0.015247149624273109,-0.10030185029952716,2.8515625
2.0090187725231066,-5.84990374604624,-0.44580316420863775,5.523843105498563,0.18508086922490988,2.082942113865114,-0.7474920949350663,-1.2493702320666797,0.015557046675132212,-2.225414907936566,0.13285888685170746,0.5636970148162974,0.054915174333197106,-0.0525346448227238,2.859375
-0.8369515311936108,2.7580693804353347,-0.6453274912221776,1.4266544760951476,0.07922686610603516,-0.3597538298912821,-0.9156401358743667,-2.2496375790336156,-0.20752976123825237,1.007843204638184,0.009589566007523727,-0.1739374813206684,0.03464763064655831,0.06944569702465991,2.8671875
-2.795996543283156,8.227001969200835,-0.6025889330057067,-2.935977155046883,-0.17819626007823564,-1.7194246884630093,0.6314807839578738,-2.782224811303603,-0.31000195355278487,3.154708447976364,-0.13235359529356988,-0.666241589475046,-0.030926198716728366,0.14121638307235432,2.875
-1.5461193236795567,4.206352119009287,-0.27684618478853695,-2.4830358668931662,-0.2350285802266431,-0.6253382022590441,1.5942123626453841,-1.724939203827622,-0.15157039998758212,1.6883938039583546,-0.1133122050406164,-0.34902535398071366,-0.05320235487696011,0.0731940955132049,2.8828125
0.49030975363666496,-1.5615757214843016,0.2754928401600393,-0.3461916082378713,-0.025261060321293816,0.2625546863990066,0.34680599613866314,0.9768913989340744,0.09689707974949932,-0.5766896234264886,0.003701945720538106,0.10669322981926373,-0.010683970685890743,-0.03537522600588115,2.890625
0.5622727093105824,-1.2049156404926369,0.5626414336288442,-0.21691707936615584,0.18788678015653967,-0.6076971683638239,-1.6867185432383727,2.722250469566698,0.1581077984694617,-0.5764279719842488,0.06039915407622906,0.052732357768486775,0.03988168679343491,-0.05180163629319333,2.8984375
-0.08960786938792753,0.8516872227442311,0.24334483152004036,0.03167522339711303,0.20854102710130087,-0.9786865291151637,-2.060557391812129,1.563766664225092,0.04114293585522566,0.1871937056779531,0.051441628526355254,-0.0940039660625769,0.05164826448763648,-0.008102678801154338,2.90625
0.23947125263090743,-0.5570745756049729,-0.24766091139280713,1.6536823413563202,0.08271804591955453,0.29641229701758043,-0.6090656942873243,-0.7265993277050573,-0.046050053066141045,-0.23493394095183903,0.03833038468515745,0.07609550442591337,0.02692247695797409,0.004890777513215583,2.9140625
0.45754102070824065,-1.5673624039038132,-0.1764506601205974,1.0850602561749179,-0.047901564161783546,0.8158969582353842,0.6748690715340322,-0.8374307666355172,-0.008766721536109892,-0.5406967364995188,0.006630603126284636,0.15296265228618852,-0.00884595313521167,-0.009220338085827774,2.921875
-0.009437827655812447,-0.15099970954212188,0.5314861584323907,-2.3816486977861984,-0.09610425302706334,-0.35670986129610543,0.719993239154558,1.7977056003162493,0.12941341947749008,-0.03524818439149903,-0.040237329216558995,-0.046073424438099336,-0.03368033858258146,-0.031021733454187253,2.9296875
0.40341710466062675,-1.2783979625762107,1.1456713324820236,-3.7701187673102603,-0.058987749197663614,-0.7435187254207212,0.37465147312821206,4.289001996446095,0.2974635204729326,-0.5050592594160818,-0.03014521518867033,-0.009406399960471944,-0.03577915134715425,-0.08121923595064946,2.9375
1.4574690165091109,-4.446571113900742,0.8921050730251221,-0.9756207840954159,0.002284581504280907,0.478560750399233,0.3256898283094093,3.4450113878152426,0.30230348741458474,-1.6878477144553135,0.029783733061188936,0.2967958154761707,-0.016536765870008113,-0.10779804078775303,2.9453125
0.7783529110134448,-2.3970493571684033,-0.25214232712129536,2.185989180460309,0.02270778563300545,1.0370324417054002,0.17778290480903083,-0.9372015860845899,-0.009633202081391727,-0.8793533665432722,0.03974206072307869,0.235942883482156,0.010658755232407457,-0.016775328559630803,2.953125
-1.2958636402726738,3.955638652333973,-1.4145256857666988,3.19475532291165,0.020184891473022073,0.22234942256425505,-0.33928138164191757,-5.409975586990402,-0.413663396271128,1.5240900511779407,-0.004604479008227868,-0.20146868980281554,0.03389903964430818,0.1298809752444924,2.9609375
-1.8566933962713394,5.821443027216833,-1.5218685956163895,2.967448682783353,0.06823419043746203,-0.37774020196062036,-0.9876855963015864,-5.666428916892521,-0.4770791319343743,2.190071761531508,-0.00779406450328529,-0.352774828457197,0.049037584292623365,0.1584945207628957,2.96875
-0.6374273957591201,2.2159825330117284,-0.44381526397802556,1.1326903666562107,0.1027343292576533,-0.45209195297430427,-1.1044695460263354,-1.4009767506351194,-0.1492651193201378,0.7842199671138492,0.01821080264441348,-0.14683624259595027,0.03691334708496396,0.05059957498768043,2.9765625
0.04170268163414754,-0.2500887236817856,0.6780674455931152,-2.7259091223170953,-0.07845921833787114,-0.5238295390663927,0.5343693974103786,2.4126274435952926,0.1651135856503622,-0.08891585703121711,-0.03684807756921413,-0.05202538036611188,-0.031521402488988305,-0.04092430728988814,2.984375
-0.2135531337537465,-0.2861727207989053,0.7416922925276221,-4.933613162890079,-0.4050630274488001,0.07301450600649732,3.437086176157212,1.7016250507831914,0.17997503648639449,0.07016136087069225,-0.14036979417164688,-0.06571482783742,-0.11769534043940269,-0.038160039070576614,2.9921875
-0.06686664499450092,-0.8025857149243312,0.11455055203737109,-2.4501060472146494,-0.39989661407318516,0.9411956782302755,3.636743679500725,-0.7348187139827256,0.04255924131788261,-0.08645590268444371,-0.11884351958736601,0.04461632643497395,-0.10526400270339695,-0.00880051079524193,3.0
0.3850855949269553,-0.8665661107996016,-0.03936511997383061,1.3788588700231832,0.13079319948604215,0.07140773784277163,-1.0495892732362453,0.21366142961743337,0.008895285126073316,-0.38678571537548156,0.052172223868648324,0.08333218353142174,0.03572865788018116,-0.011877416706505523,3.0078125
0.4561302979141098,0.12187783369863019,0.3638829288268645,2.256467957148314,0.5829148092775995,-1.61904559150765,-5.33311685279167,3.115877365893056,0.08519532587857034,-0.28995621748201483,0.17436291963149467,-0.030232181679224784,0.1465652919036097,-0.03202659124395328,3.015625
0.6831020090365226,-1.2372615747896176,0.3259143498581999,1.4929505060222321,0.3324130694312376,-0.6189852068945275,-2.9014032982098383,2.2271155956336264,0.10385643291607316,-0.6527271261728973,0.11137609017272439,0.08488333263451059,0.08111454734833329,-0.04177915544074364,3.0234375
1.1491521532106324,-4.293447197042449,-0.35473639815692753,1.7178024883454102,-0.2583257827559055,2.352228424360725,2.976825273444415,-2.17355382257426,0.004665391279966975,-1.4192436713840435,-0.025501570051692353,0.40391247010883297,-0.062046452387328546,-0.02895270856498163,3.03125
0.7743620092618567,-3.4179665131324315,-0.6231340451506928,1.6047261748255626,-0.3621108188966525,2.567023666223032,3.85757158552963,-3.5095517606642264,-0.07676167569078841,-1.02607752309825,-0.06177480203022099,0.3511780059011556,-0.08371162213726435,-0.0004061785794137002,3.0390625
-0.2753601736946843,0.9573129592417469,0.026412356568792778,-0.3474675665815307,0.03281476421618156,-0.4199167435246772,-0.4448334338589738,0.21624531333292177,-0.01221586104916859,0.3323003825348001,-0.0003510662083259553,-0.08693094696221682,0.009713842927173474,0.00920866716078746,3.046875
-0.5989367481822584,2.539448485444225,0.6556198060135163,-2.123068400437522,0.22652380471956,-2.0444460568538805,-2.5647087750109674,3.246320833719672,0.10415783041673402,0.773127969622531,0.028962591755205467,-0.28432258326714116,0.04969402990265576,-0.0109579809279987,3.0546875
-0.3123883776533825,1.1089516002767699,0.4362570325146118,-1.874811952187006,0.02917309721134144,-0.923106386040776,-0.5473944039072816,1.8018108519844767,0.08116134197467459,0.3660147392069362,-0.012450495268363023,-0.14265901918883056,0.0015626743928707752,-0.012257943590936817,3.0625
-0.5640965706320791,1.6050884434112316,-0.11754001027739802,-0.7117738482980327,-0.05950275802418229,-0.2886932393916916,0.3313159245866394,-0.6100920565721137,-0.05984849440035721,0.6283182703399185,-0.033241287515167146,-0.13192654975781062,-0.011380118799842484,0.02761564902837198,3.0703125
-0.9591728468166835,3.3072196341233684,-0.23534523400112853,0.026919996945096187,0.12638563999705538,-1.0976253913873748,-1.525968722926529,-0.515096646559708,-0.1222014554213275,1.1609796349450336,0.009302173283959854,-0.26283071745986797,0.039966534234157865,0.05198835283636139,3.078125
-0.5543903653330946,2.11747385455249,-0.15280083708796416,0.4697791118765295,0.15233978003163448,-0.8434090110369349,-1.6181599671205593,-0.13459641966898608,-0.07858855366842969,0.7047167944358005,0.028741975375116583,-0.16596410906402304,0.044756161271639575,0.03178100907233031,3.0859375
0.004369478673505919,-0.38153995666316926,-0.39619460835718934,0.8016694570888135,-0.1283139373570613,0.8284855479555081,1.2956144461394783,-1.9240169115730368,-0.08556702603204953,-0.0490078250562254,-0.026658049803002307,0.06905286150635861,-0.025116576954353858,0.020080593994687437,3.09375
-0.024376041205913992,-0.6765792809401933,-0.6513407943275101,0.9893090683194671,-0.26632997092513316,1.489292086002946,2.640019863219726,-3.3172385487159417,-0.1398914908192512,-0.06829061511217105,-0.06121391874103734,0.11643455909772313,-0.0566993678897294,0.03378740182959184,3.1015625
0.11880862207044449,-0.43871066441868095,-0.30236231581268763,1.1890957993046825,-0.015354089601108619,0.5138107959254277,0.2708700357473406,-1.2209604563863774,-0.0618681541009137,-0.13580063793198746,0.007140357645740737,0.0676410993535598,0.002407302662690188,0.011510916589561014,3.109375
0.7824393035297952,-1.7261591309273843,0.46409459990735713,0.791430292236631,0.2573279215192046,-0.46287600394046197,-2.2012527378321765,2.546019167499448,0.14576417589631194,-0.7999215237891077,0.08973074965360624,0.11050679155616211,0.058977168023143504,-0.05431452314322337,3.1171875
0.8464122119525256,-2.0322118482928193,0.8883641848223518,-0.9174767441149101,0.1979583653215887,-0.7172204520580585,-1.7464466072955518,4.022269160901759,0.25208774971832476,-0.9048553966571595,0.06487362985767789,0.09176982050354177,0.03561761702946043,-0.0812676714682719,3.125
0.010609079574725093,-0.13474388493809253,0.6409418830918221,-2.6092359119944937,-0.06947285391926225,-0.53667439201852,0.4533166573358451,2.297543766200397,0.15463493642107795,-0.04918822993153607,-0.03442373091897122,-0.05773595255105956,-0.028861504935626916,-0.03764375115361088,3.1328125
-0.37282898190113717,0.43020598160053375,0.08002260431228296,-2.280171244505181,-0.2915601372040999,0.3507436714316598,2.5139690602512097,-0.5318467140893118,0.010360074356989067,0.3099843246913209,-0.09771364324238144,-0.05646004242125823,-0.07634869235686967,0.006277519763469453,3.140625
0.3365589349400446,-2.1067315854176547,-0.2784247219281402,-0.46253991767876923,-0.3996835240202207,1.8185690599329463,3.919135863168535,-2.271873454973611,-0.02279853478653284,-0.5440533704209333,-0.09565292469775027,0.1996691453381709,-0.09897878153427545,-0.002795819234352858,3.1484375
1.0807843941680626,-4.320085630624995,-0.2862130041099053,0.9132053125931325,-0.3550217087966583,2.4766098095403337,3.8185479231615154,-2.19501579141764,0.020519211362212606,-1.3810469022641791,-0.057023079906166195,0.3960281175530825,-0.08789364650607244,-0.031091736355224817,3.15625
0.808582707486622,-2.8171361910342343,-0.25138330266740944,1.6180316740328162,-0.10374397877180111,1.4298097043391116,1.359668132477952,-1.3112706135184782,-0.0013677339660476688,-0.9654272737565518,0.004747025151635841,0.26867358162565574,-0.02221541465099247,-0.01938171657457488,3.1640625
-0.4228082075249548,1.905944209305228,-0.4319404416454878,2.103131957958579,0.24213461982684084,-0.6404302494040498,-2.3176538695080895,-0.9590228174186116,-0.13960752719677427,0.5949386887519917,0.06564810102778544,-0.11575368105985234,0.07321348861326754,0.043217325136989906,3.171875
-1.6969325185535016,6.532440911870221,-0.49750388578551735,1.648591202971286,0.4936107980612343,-2.6180205023969227,-5.169398662281838,-0.4345443362924051,-0.24909074979191734,2.1638057933981814,0.0952616922569221,-0.5066318515994017,0.14183417243375235,0.09995429194822825,3.1796875
-1.809040527164811,7.216740339303759,-0.030903110799854142,0.35225513205470815,0.6028438310403568,-3.590534465986658,-6.364987181084199,1.7108690114215488,-0.15281476448779618,2.3298521340406024,0.11147917214084856,-0.6113690355553023,0.162097061408977,0.07950536540225345,3.1875
-0.5978529032449432,3.3107992802318957,0.5348574438411959,-0.18316674160068225,0.5330833702881925,-2.7803257461281388,-5.368756696684666,3.6760793035871275,0.06043392241071649,0.8992630549863836,0.11963331825039056,-0.3295950550922315,0.1319152617947501,-0.0006899591244006835,3.1953125
0.42552010953259994,-0.9329917327732065,0.441033890922284,-0.27614531511611784,0.13290948868185753,-0.4525296195987843,-1.1932828886758757,2.1039703592645704,0.12436161227713147,-0.4402315697443792,0.0424487861997788,0.039227547691880534,0.027292932836468293,-0.04043516088776535,3.203125
0.32208587408831363,-2.3104073496948088,-0.026605656130189705,-1.9093208288315067,-0.5068816278563438,1.8174969602052404,4.837557519043212,-1.5973269757625983,0.04081698524989088,-0.5757765675288257,-0.1331159497764857,0.1875745229750155,-0.13175693663587726,-0.017643124343915743,3.2109375
0.37784250045851525,-3.3318161388610914,0.030543467065495686,-3.6531152427385103,-0.8383293401737252,2.7596789015803824,7.920268722649373,-2.3539504083577807,0.07420080901861159,-0.7761430724461189,-0.22735380859346646,0.2606039838274992,-0.21954821447591763,-0.026837735793730062,3.21875
1.4004100982230414,-5.52798121414854,0.43337822717255586,-1.7191506151580211,-0.46683392654087136,2.295817567950069,4.78736359711521,0.27468373678928015,0.21469332651484452,-1.806249626817363,-0.09539707112841067,0.4237436741544676,-0.1307313843109128,-0.08528120099075749,3.2265625
1.6144350929501143,-4.5432489981088615,0.22281299901036777,2.5525838935786895,0.18446063505011112,0.8961433162269874,-1.105632118199767,1.363915236121647,0.14637623440806322,-1.782519128173215,0.10335731675109179,0.38017878467979604,0.04337037261887365,-0.07438744593138993,3.234375
0.011866307463545613,0.8113932256858414,-0.45605920071197137,3.3525587960515386,0.34653128442437675,-0.45736130600312896,-3.091151829846594,-0.7537331378555361,-0.12267532112657138,0.1377938368515224,0.11080311437573916,-0.014213553883919015,0.10017579212052656,0.028539254197241622,3.2421875
-1.1013574648949795,3.3908071852131716,-0.5055348937980195,0.14288279874928284,-0.0019467677263548498,-0.5654394049589919,-0.31497827311096627,-1.9388845999796909,-0.18792365395749808,1.2766218585868356,-0.025927485351689445,-0.24659975875739634,0.01138238033799712,0.07112780769905538,3.25
-0.09252929160963476,-0.049889241669146524,0.15269002942482282,-1.3642399036695314,-0.14119551529184743,0.12590906524348355,1.212066680824316,0.1810348048011909,0.03702089594458874,0.04878952411129521,-0.04668745578821609,-0.0170837589186017,-0.038197703776141026,-0.006961843062072367,3.2578125
0.7486255214929735,-1.8109032171206711,0.45602906381477676,0.41376531738965106,0.18352801217121545,-0.2761124349374264,-1.5341247456739746,2.2912542100042423,0.14517870366988594,-0.7913822602991514,0.06788202780651953,0.11676942100754045,0.04019198001438846,-0.053272219093602906,3.265625
-0.6306283702842179,2.861815421849352,0.01209063157650747,0.6902563980330351,0.3418911678271361,-1.6577680022308952,-3.4589630236788422,1.0740005688680423,-0.05434038910599602,0.8663359026787062,0.07625780675377149,-0.24214504645129836,0.09136456380374329,0.02764089968543815,3.2734375
-2.0599299799415887,6.33276731663679,-0.4571838467278128,-1.598812399857776,-0.0259961891668391,-1.5542908834272189,-0.5124208671441547,-1.7896464472574505,-0.2364162967916704,2.3677637851711846,-0.0669615024226702,-0.5102054076955591,0.005312785903643811,0.10585382489254709,3.28125
-0.9042812243004663,2.0025419608271484,-0.41175736767614846,-1.3919598017792978,-0.30555397434156,0.40423111270981005,2.5613611842793915,-2.474420353726859,-0.13786063989606293,0.9243119267166918,-0.10818831288502231,-0.14407550878336225,-0.07031098859717354,0.05460516961563154,3.2890625
1.290145177612483,-4.1041148726809,-0.09402460613284544,2.1568398883706705,-0.02512250646889438,1.528924939227205,0.7979292062703505,-0.48437448283002627,0.06232006758485514,-1.4899460129544047,0.040011207580701466,0.3680916615314156,-0.0056120956910430285,-0.046254827536394795,3.296875
1.4117946677731588,-3.7831216142057613,0.0501845460080994,3.1312238620828126,0.24087029967111653,0.7259146628944486,-1.6629174327264937,0.8583124376189248,0.09048290998864758,-1.5238303233873838,0.11681875117049564,0.3336492577804393,0.061291892693224694,-0.05603880039713796,3.3046875
-0.33445289927353333,0.9743826296644155,-0.08222060223563753,-0.33950728030990823,-0.027079058241072623,-0.18157281467946443,0.11976439664376537,-0.3845504944175851,-0.03832985942524086,0.3769829140831822,-0.01687836255190879,-0.07909591790559085,-0.004026735630148416,0.016936427972723003,3.3125
-1.2378331723969471,3.1371734125312947,-0.12437791827674702,-2.800264446758139,-0.28246822115371584,-0.34701398828636504,2.120386018880775,-1.2685548743175297,-0.09316491650901515,1.3123166434928373,-0.12015137026907263,-0.27311527858183626,-0.06888495430868369,0.0518574234680136,3.3203125
-0.23439060175230902,0.7180170694720095,0.3242888525212245,-1.6115010454615866,-0.022373058592339658,-0.5632390332666992,0.003529440235079007,1.2124239494464544,0.06232848066437574,0.2573266154499983,-0.02198956856235435,-0.09882657450359202,-0.010280154103700099,-0.009709039528324703,3.328125
1.1581488378712055,-3.04591896440725,0.8670727414262055,-0.43723081054945834,0.18380552205604794,-0.32730383112721595,-1.4794479639469145,3.889852375543983,0.26768192512596295,-1.2687931066088256,0.07197705040896399,0.1821169166138632,0.03208372998828275,-0.09248232034671418,3.3359375
1.2995642142602366,-4.303647449352549,0.5861766609227098,-0.715967249590995,-0.12076736457679335,1.0195745348224987,1.4848309271172526,1.894355909065688,0.22664802898770728,-1.5514496690934727,-0.003512378181649439,0.31168399256863316,-0.04261766880879312,-0.0858660509308376,3.34375
0.23758178409439096,-1.472303101539666,-0.3703311874261148,0.3632508995210019,-0.26985860498207503,1.4469389333282414,2.6962938068072737,-2.2420739843016513,-0.057175999178935316,-0.3755530839347213,-0.059775245251653,0.15744872334895083,-0.06289640958651424,0.007749154196633836,3.3515625
-0.7887861728166143,2.945304820981546,-0.675570756406,2.268317843364919,0.2118831497908723,-0.6525951624126007,-2.118349903292928,-1.9866038565466015,-0.21857316545848335,1.0069073930721695,0.05013685264866821,-0.18264922495057875,0.07004972336119246,0.07087328862528733,3.359375
-0.8777123617763117,4.240532297472309,0.02931450322887924,1.4084715536042904,0.576023004940558,-2.6078832912902787,-5.7406632497758805,1.8334344089297547,-0.07794223877398374,1.2469646649541637,0.1345441408115889,-0.35708782853224386,0.15276024588152026,0.03919328557641307,3.3671875
-0.2549681332066905,1.4144121900341995,0.47898747633879224,-1.024512104988367,0.2156097557228664,-1.4453751556203327,-2.26469750723181,2.5069411485987803,0.08526021379224176,0.37628922503723106,0.042166806290544326,-0.16730398804265434,0.049483861774034785,-0.014673416711706955,3.375
0.3690639232017014,-1.817271230013874,0.06100967770315289,-0.9443734195472887,-0.26286472043405085,1.0649185362185258,2.5630550364939455,-0.5484741673725423,0.05161769339681517,-0.5304220306053186,-0.06338137594852176,0.1436954274113631,-0.06914781516487792,-0.02143582872384691,3.3828125
0.7428445884086032,-3.0037631091972186,-0.2118272557944851,0.6161726447259399,-0.2574395186115718,1.7574061050722618,2.754520200866624,-1.605483999987356,0.011290687918935755,-0.9539692799764607,-0.042669293230824475,0.2758250386914827,-0.06344677734395686,-0.020853298289828227,3.390625
0.850297068993892,-2.9395402593318605,0.09783674484042049,0.37540574767097734,-0.11510301605833258,1.1020567131691232,1.3910236608078874,0.019220427804663053,0.08321819430466366,-1.0246643906795723,-0.005776072269672343,0.24252806941775676,-0.031943470516895556,-0.04078176861385827,3.3984375
0.2951430662626252,-1.3245002299077733,-0.10772403186005679,0.08668992234827934,-0.15317670410254974,0.8692304996289697,1.5676759705226733,-0.8761678829267316,0.0018061548293367483,-0.39862459543125955,-0.030822467771919722,0.12086257397383594,-0.03741988590944705,-0.007889649822375623,3.40625
-0.9857965561054017,2.7263972223275386,-1.1214488885716292,2.0611047735309063,-0.0923974800139168,0.5313225985818202,0.754242205171943,-4.606369792357466,-0.3195151979057706,1.1160178297182555,-0.03325034899735392,-0.12762132328345985,-0.0015982490113341835,0.09991407672492673,3.4140625
-1.8126993365765034,5.729903932601035,-1.3835923692277876,2.5866927544409632,0.08022176510131197,-0.5264790027514171,-1.1221223089378007,-5.088295598692894,-0.44188249079008585,2.1423655097975938,-0.006131400239815432,-0.3584562170999585,0.049280251188594235,0.14907729502749506,3.421875
-1.0413059791135713,3.241488475940177,-0.07740125159165578,-1.3278667493981218,-0.006014721833122694,-0.9901640646898058,-0.37529851493546285,-0.2728161200904531,-0.08315173742428214,1.198967703766013,-0.035508344802227046,-0.27807284097832563,0.002201787220934601,0.04464005703733062,3.4296875
0.5149259495681301,-1.9689617913513202,1.3180394445767318,-4.892489361838846,-0.19926323752514605,-0.4264013358895878,1.6701977325793818,4.54095567190069,0.3514455792169953,-0.6928546796032131,-0.07043206060218457,0.028699158718620076,-0.07534201868888803,-0.09682596852759616,3.4375
1.049142572657729,-3.2336061833231726,1.3613170096357494,-3.4694285000219605,-0.043058873199778316,-0.36262518642255526,0.433072051367989,5.142999099235095,0.3873778863426775,-1.244455571197701,-0.008178982485144107,0.14063726173351596,-0.03583625292576098,-0.11835929732009984,3.4453125
0.3587886600009968,-0.4131399089793177,0.6298989197042136,-0.4931535176472761,0.2453881637792088,-1.06135594920328,-2.3229987601683697,3.1611446064005326,0.15799821664098979,-0.32064590620626293,0.06813407600951084,-0.021601018262068318,0.05358039495456561,-0.04691111329451087,3.453125
-0.2150541136512741,1.199745748905265,0.19490008197858247,-0.06458161590461417,0.19363617844835382,-1.008254329657528,-1.95743129055453,1.3331600995172779,0.02252634317503597,0.3253529999532397,0.043948837117816664,-0.11982550706577802,0.04850356135875679,-0.0006166270366530632,3.4609375
-0.07326127895838412,0.31072583583030416,-0.08596039728951896,0.36871131793379786,0.03292107345485367,-0.07331783887972412,-0.32367133152622457,-0.24143899475783576,-0.026163494379841862,0.1012440666161683,0.009582590466114696,-0.018095973926124744,0.011508742871297339,0.007673165062881334,3.46875
0.22640556110603863,-0.4608035304001827,-0.5916472278649981,3.0523741003020013,0.11910926529747316,0.5790392346936086,-0.8511715925506516,-1.970346207928576,-0.12978860898019876,-0.19961045911488576,0.05665290613713471,0.10452433486402848,0.04304160658247618,0.025196943328784648,3.4765625
0.4546511100031004,-1.1836753714969397,-0.8019634594790087,4.170811819028233,0.12472071744197978,1.0445283985902865,-0.7461746301174289,-2.7763787244855416,-0.16447321685539557,-0.45616950975232834,0.07102669918126456,0.1896122363718292,0.04793028509727265,0.02799891204327198,3.484375
0.7702431746500881,-2.8284045317236335,-0.259767956547505,1.339927944265504,-0.15389542183381674,1.5438321124439691,1.8173351340114234,-1.4863728358346853,-0.0032294109594389036,-0.9421504349347962,-0.010949556497283373,0.268591897503996,-0.03545408867324014,-0.018072570086081013,3.4921875
0.7422687322102127,-2.732372857462073,0.44613869358727737,-1.3581109751904918,-0.18132953325273646,0.7732741064712705,1.8560465145960185,1.189246918661247,0.16155935520727285,-0.9329653105721157,-0.03672293627353935,0.18625559945009917,-0.05541810034267871,-0.056836312091778654,3.5
0.016208638285266034,0.551533881612652,0.5065578408775817,-0.7599458632396678,0.20858341678994352,-1.176722258567414,-2.089395771982686,2.5995972420038926,0.10991940988519996,0.060758242161998516,0.048345482985672344,-0.09544151893543287,0.046577488141573885,-0.027153042046722628,3.5078125
-0.6567252549425299,2.8229845070070856,-0.06579234846284969,0.6985942392736542,0.29772498862190466,-1.4735554558123445,-3.036820895693984,0.6573132774572886,-0.07104620486684785,0.8805999387357248,0.06426904153712848,-0.23277736187984452,0.08108787784468022,0.03234758368008551,3.515625
-0.5768349146011585,1.321245496228819,-0.6812317732474806,0.7640549780923871,-0.16101179802945068,0.641678518317312,1.4350106170402388,-3.0954676961613123,-0.1867663073314913,0.610624713499903,-0.04956906421155904,-0.05238976792091115,-0.028094384580071352,0.05832237521417883,3.5234375
-0.36318326537643614,-0.07934710191422514,-0.8188239648212459,0.2235227854930279,-0.4386891275959056,1.8243439564876303,4.144575932720454,-4.465027810532744,-0.19179304737640304,0.25314074179814605,-0.1182324986368285,0.07585884327602047,-0.09850832602670422,0.054485776111548624,3.53125
-0.6139458823347873,1.3233587083259006,-0.27972900247925947,-1.003745883385717,-0.2220958570107119,0.31611912062744324,1.8699306108859175,-1.7278119186082264,-0.09324988597536654,0.6216926021025962,-0.07750043934224046,-0.09550914035095961,-0.05097165451630388,0.03683204019402236,3.5390625
-0.5708569304898925,1.7058873862845638,0.583795751584942,-3.212168340336672,-0.059048529188574714,-1.1091222402916823,0.12013441029328824,2.1119153489513796,0.102789452615983,0.6253569578191753,-0.049762565628366645,-0.21263328472224674,-0.02375249741065074,-0.011206084664186081,3.546875
0.27544799114883967,-1.1126835653422356,0.943636584701827,-3.6225609069705267,-0.1410997690885782,-0.4051913393904729,1.1338416847162498,3.2440953269289423,0.24499997886875316,-0.3873106160233614,-0.052591249786815675,-0.004951518389637239,-0.05284544421191094,-0.06558386756616735,3.5546875
0.6929220570856539,-2.28267442269326,0.41986108454877047,-0.7608313860119422,-0.06537430908214267,0.42405435831388655,0.762551205470388,1.4122848078365213,0.1457142339212802,-0.8282773880474836,-0.004073096527944116,0.15429294828580292,-0.024288669249309322,-0.0518760506103688,3.5625
-0.2645067888326662,1.3168283813852908,-0.2770782223994253,1.5714007100300202,0.1996293724761721,-0.5287961164264338,-1.8951733613165649,-0.487900907715275,-0.09113396257705537,0.39224337756828087,0.05523027497970881,-0.08120772801562838,0.05866280574770594,0.027770068213375274,3.5703125
-1.1824087272784065,4.56969532838895,-0.2890046866496735,0.9521806181557524,0.34812749330558695,-1.9035069679230747,-3.6554349203719765,-0.058167057742399136,-0.15967009530497792,1.5086920625940219,0.06609453326573439,-0.36105950588377345,0.09877012176695736,0.06617075471600352,3.578125
-0.43605779419178414,2.366994165294242,0.1541873673684601,0.6515708127756887,0.3798197356147043,-1.7306490076069374,-3.7631233035066725,1.745339133104249,-0.00999115556648261,0.656319790069046,0.09007559547042089,-0.21291180560199577,0.09811721466094936,0.012311494164394742,3.5859375
0.9544187746326152,-2.2432964037942265,0.2233005985483735,1.9910591108482838,0.2753695633540593,-0.05805631217100009,-2.228344749312089,1.663928521284821,0.10025274717636318,-0.9862155092330208,0.10641398276053908,0.1809894328288792,0.06786017983306351,-0.04748781353847535,3.59375
1.0446060318132577,-3.753497475715714,-0.19175575431318853,1.360822432724047,-0.18313295263174706,1.8332104283397932,2.184427901989465,-1.3071395401803256,0.03219410675320387,-1.2706803095743935,-0.011698502382210431,0.3414915162634874,-0.04474477526636544,-0.03311754241753478,3.6015625
0.24695806469381387,-2.4645456397521035,-0.48726288247622057,-1.0151869130205682,-0.6380276117650098,2.6482376103728327,6.156607928637814,-3.7759879914210686,-0.06512993925459311,-0.534982821227558,-0.16219876434498942,0.24422915016925761,-0.15751780078798772,0.009577233946586645,3.609375
0.2642880329847119,-1.8476143845810624,-0.2638462434386387,-0.5493267910946624,-0.38712290379253966,1.690183569807267,3.771959319557705,-2.177387581486354,-0.025049986127196583,-0.45593792076111234,-0.09493155200844591,0.17558160797869207,-0.09583171529936563,-0.0005715578315528556,3.6171875
0.9036079894589258,-2.058309167439996,0.3617816936677157,1.46043432961903,0.27980173570287276,-0.27847324383391386,-2.3320235799034026,2.1929582861341474,0.12797445043425557,-0.9281537352801682,0.10328269581181773,0.15168902597630252,0.06689715731364711,-0.05286827645327092,3.625
0.6935282786192726,-0.997053767583686,0.8322149387499017,0.13643317802729216,0.415973198066118,-1.4361061093614176,-3.826803441447769,4.434464850061343,0.2177479450277807,-0.6385034985979078,0.1238495111051307,0.014525613759848363,0.09455819598893767,-0.0693339017642246,3.6328125
-0.2776066563514649,1.1599389668492688,0.3998403456360284,-1.3732749008645433,0.09289198633893965,-1.0260981841195427,-1.1154144111222417,1.838984290199084,0.07130943305697403,0.3528564671339762,0.008048884327204712,-0.1409913612116393,0.019045565394983484,-0.010770498203086348,3.640625
-0.7322081073309381,2.5011013371802946,-0.7791411524784518,2.23701688213273,0.11256255010594052,-0.19069337922014146,-1.1453671110351582,-2.6789052819849903,-0.23404079859358023,0.9030642420444728,0.026011992991802218,-0.1365264365320852,0.04594901664325978,0.07325726856451818,3.6484375
-0.5798592688777322,2.5162734448742157,-1.2053672934098483,5.009752529465648,0.32170500199149327,-0.13567940659908506,-2.8966002109967235,-3.732260587557898,-0.3344298302150204,0.820785402654268,0.10138278157050053,-0.0868460410579573,0.10813201397017007,0.0935584978063439,3.65625
-0.659107090416026,1.9996951508425318,-0.15381149354444576,-0.5397124729882568,-0.02042434810548165,-0.45722538899381243,-0.06107829288975796,-0.6368663355731403,-0.07643495274170611,0.7544518917608779,-0.024325043087564776,-0.1611555330254214,-0.00043059999378191813,0.0338459670676465,3.6640625
-0.8970288050225446,1.351171296008606,0.7819399830083117,-7.090091389891758,-0.6010251546238485,-0.12735890593065116,4.957037235533859,1.318493129098757,0.15656777314030926,0.7744218826555144,-0.22128121190510794,-0.22017534823757637,-0.16933381772690256,-0.016013167141932173,3.671875
-0.5959433131688858,0.5459280930804646,0.2571036790240634,-4.400206461128639,-0.5250311635208381,0.5782860133181654,4.537555316328232,-0.5063259876542214,0.04964808527334398,0.4677911028488637,-0.17691570902589263,-0.0933173237230631,-0.14066567170016153,0.002274946498864779,3.6796875
0.15103900426646674,-0.4644784762576307,-0.4032518942136899,1.7453599348958595,0.018011955634789023,0.5681848939665286,0.008059387701506944,-1.5082629507538285,-0.08424283946814869,-0.15747084256577104,0.02001446770833338,0.08113090659804797,0.012514043505700316,0.016144773355875528,3.6875
0.6340538151131218,-1.5970360582410954,0.16456442156744522,1.0559618903657821,0.13992012474849846,0.06444302753951545,-1.0879816445963277,1.0420281447880926,0.07286061961488363,-0.6718400563152513,0.058198716419228226,0.12606734538380016,0.033878282431845735,-0.03312108468850452,3.6953125
0.49705036804919434,-1.8785381118206415,0.693403436659311,-2.4947460093856777,-0.15846375267869187,0.1643942131786899,1.466304858611867,2.223465163690262,0.2022924488412863,-0.6452353304004929,-0.04436733115129766,0.08679413768723086,-0.05346301803899104,-0.06068852932554097,3.703125
-0.05894474133578603,-0.2951105217980272,0.06488560915893314,-1.2527257511228107,-0.191339758036499,0.409822612808922,1.720532667940159,-0.3134631074848433,0.021233433705652924,-0.009398791997690796,-0.05775818618594636,0.012161952021120616,-0.05007264738232653,-0.003940467784538129,3.7109375
-0.40971308419907737,1.4851679854814213,-0.28738399325135183,0.8565990810103022,0.08910187711956034,-0.3503833390283798,-0.9275994957160708,-0.8578324338734002,-0.0978643128468094,0.5142479394071842,0.01901429120281865,-0.09817242104488089,0.030276381217035297,0.032909788656826866,3.71875
0.06959196484273432,0.42539187699171804,0.4180742123392597,-0.24004318755316859,0.22886720274001235,-1.0699211114487797,-2.230980926398518,2.2874267251918545,0.0903992643130358,0.00856458579254558,0.058702120901846136,-0.0735802116428215,0.053836392223579645,-0.02376996126324977,3.7265625
1.0234578459264074,-2.42846665841084,0.40000365969125135,1.512397438982467,0.2798299004272148,-0.19972834827297614,-2.297076344594352,2.3426615731716027,0.1446328978054041,-1.0670506639402637,0.10638221657222328,0.1799421812279336,0.06634452692722781,-0.05975408218593321,3.734375
1.2033473171060802,-2.4942751558083787,-0.8361666651162499,7.388788183247202,0.526219523222627,0.7160016582875355,-4.144821098373661,-1.7512263066034817,-0.1448146462722403,-1.1524463926682373,0.21244731592044788,0.3211862322394675,0.1526559265275201,0.005113661811983864,3.7421875
0.230238537240743,0.7948312537634756,-1.0377041035439254,7.143441118704502,0.630152888335823,-0.3660131358225895,-5.460916626140991,-2.1970077447594747,-0.259002811025656,0.012501366493479224,0.21348308219565806,0.05682705654361037,0.18458551655184008,0.05583713202665397,3.75
-0.7863139328694471,2.891477773305373,0.30959037524955774,-1.5405866873091836,0.15136225336499623,-1.6215705662949649,-1.8433040088241401,1.6837647713511805,0.01519483026470247,0.9630543655652708,0.009238194690842706,-0.28197597228907695,0.036314750357123865,0.014852847824199471,3.7578125
-0.9593786869074422,1.8404913842705755,0.7653325082192468,-6.558721479025202,-0.4864244830022064,-0.5045556131768282,3.8675551762221922,1.597087421299925,0.14303281604715942,0.8933648210097193,-0.1903149636054216,-0.2579175675840902,-0.1386966846821943,-0.01130808891530813,3.765625
-0.5601053212695394,0.16856989940801329,-0.30631842751965366,-2.7228018023035254,-0.6040899562319181,1.4939623266828068,5.443949802010953,-2.9350991758262026,-0.07563917632426505,0.40410564147598044,-0.1847929323012881,-0.00457356651485288,-0.15096666725281155,0.031519791851521026,3.7734375
0.055270083612842594,-1.1586602562114534,-0.6735485789170557,0.728924189931836,-0.35601039166553866,1.8534389195397876,3.5131247480501777,-3.659135691420073,-0.1346414155269963,-0.19537953196853203,-0.08378678950171377,0.15793193179389403,-0.0803603833292591,0.03073683529947269,3.78125
0.746080016228085,-2.8661992906187983,0.25438125067309675,-0.8626814720886703,-0.22007230192992525,1.1104242031089975,2.273957584197291,0.32934534720808906,0.11908307262653454,-0.9493606907939526,-0.04310791617687201,0.2164872795864258,-0.062267688182483634,-0.046732020298958184,3.7890625
0.823192246197421,-2.755484279576652,0.6162726922925004,-1.4370207482091928,-0.09925783602287742,0.4259914817132166,1.0789766728409542,2.0863054479319763,0.20209149877700605,-0.9949665510457962,-0.01438568603516854,0.17358261030573752,-0.03706469265163764,-0.06854075997141132,3.796875
-0.10508485054022235,0.6221029030816794,-0.030218498389907648,0.5058627126190206,0.11224546045502617,-0.39983941858500655,-1.0882533394624987,0.21231497692898352,-0.0190948498106287,0.16950159275495472,0.02976940238543538,-0.04869402141563619,0.031261509079311425,0.006691617961523653,3.8046875
-0.9012543687196121,2.862018666989527,-0.24744121434166721,-0.3512738411855473,0.024083572168307,-0.727194700015193,-0.5448168300870795,-0.8725481490745518,-0.11639218583820148,1.0526725957583711,-0.01752618132169252,-0.22533999703311497,0.013247554307587839,0.049224510102880314,3.8125
-0.48654826433775156,0.83089377723405,0.2784775838377188,-3.102161945446263,-0.28340618321558975,-0.02228567716074823,2.3275544640909263,0.2584172237327488,0.04826859796814951,0.4411538110632413,-0.1037540662043954,-0.1115101096851032,-0.07706555561432397,-5.3627954110315846e-05,3.8203125
0.22078663171903046,-0.7225955718642452,0.601111582626629,-1.99221683169792,-0.041241118307978185,-0.35175700046522196,0.2829395414162127,2.2079089941976053,0.1565572845907767,-0.27889213106728716,-0.017897845963074116,-0.0008921422813076042,-0.020292696921266718,-0.04314932951256036,3.828125
0.028952425868107947,1.6893970750836305,0.42052463233996157,1.8484376531623883,0.6699730979626759,-2.3827483981827218,-6.344634939636202,3.6060787533065795,0.06651362841132599,0.2356641860662954,0.18323007106797634,-0.1708259920976443,0.16926550179912006,-0.017297466653711468,3.8359375
-0.268400547354136,2.702221127329316,-0.09405593572720186,3.4939386155697885,0.7244876413266342,-2.252683468577167,-6.822736928989999,1.7728608226097047,-0.07511916619812607,0.6087556339399821,0.20083629937492323,-0.20477037681384408,0.19291729423336834,0.023771745524541994,3.84375
0.315167741589391,-1.2380768957923542,-0.8542033115795908,3.214571986227252,-0.06307359865794211,1.4994372982888844,0.957436213034407,-3.5242190788542382,-0.17565764267573994,-0.37210166690815316,0.013639405320491209,0.1936972208484839,-0.0005277516556076626,0.03415393145609213,3.8515625
0.620703992478205,-3.442520953335154,-1.1275895176294166,2.3297992937024765,-0.535738702363094,3.4916013009006917,5.553490228690098,-5.986420491458415,-0.19623077345783457,-0.9129004906454389,-0.104747475280328,0.39967461380294905,-0.11978924481497409,0.03189441058508073,3.859375
-0.5076583178416485,0.9755423066602938,-0.2742822575728686,-0.9059277595256655,-0.22826108253791155,0.4361347052515359,1.972789896680749,-1.7120785695411265,-0.08424954399292639,0.4963827219546575,-0.07618341638391245,-0.0663808853423078,-0.05317790105492853,0.03206665681901728,3.8671875
-1.4534770081312751,4.825252634038469,0.678213778470569,-4.237921790251612,0.0758519902527618,-2.5341218311182705,-1.5285094483757826,2.9309443245060054,0.06287316096143748,1.6935669595423193,-0.04452574730387225,-0.49276145913282116,0.010522475281122814,0.01949184316678989,3.875
-0.26733912304496865,0.9920219674641683,0.45517926829131095,-1.8419855370898373,0.03774480631927466,-0.9248435723654385,-0.6083437895994892,1.9077646377123718,0.08843590603472568,0.31828173934121745,-0.0091363895040907,-0.13453073703202875,0.0030623471347441247,-0.015111992024119746,3.8828125
1.6065678358361162,-4.720745525526176,-0.17908273907809585,3.6661805849495623,0.1231472246598632,1.5296031296035233,-0.423243231779526,-0.3825162474742236,0.05525750354098128,-1.7913129771115208,0.0951754454198338,0.4352923423515469,0.03450508626040696,-0.05229110131573802,3.890625
1.3852872086311756,-3.5861370134513777,0.09373798692553596,3.1463488517020632,0.28290566591764754,0.5248396172631037,-2.0800409525925536,1.152691846175911,0.09659239307923217,-1.476165496703147,0.12692957490560505,0.31311267894552697,0.07178301192067717,-0.056927372282987374,3.8984375
-0.36654346451511166,1.3541196518979834,0.6840352578897815,-2.7523630994962405,0.04771162485010388,-1.3185831838680144,-0.8125194491495211,2.81728781198557,0.13456750094142422,0.43242601748157533,-0.014667676986542696,-0.18867676252722468,0.0018843397250831824,-0.023716871974091332,3.90625
-0.7036550237268268,1.4624174242744357,0.4140518159226947,-4.0382650160483475,-0.3076774946711607,-0.337871195368073,2.42029829634615,0.7277437849610465,0.06779951216293552,0.6788872988391809,-0.12144214119477552,-0.18170186901474064,-0.08577562141285755,0.000562413199533321,3.9140625
0.6273658124371646,-2.585529392358,-0.29713224153033535,0.8846886917190259,-0.23161884812267314,1.6634226259233291,2.484781506214667,-1.8678766068187143,-0.017591350845673637,-0.8093578424283508,-0.03684526934376474,0.2493413829387565,-0.05462779283294278,-0.011104668504569558,3.921875
0.976843518573651,-3.1505163526529656,-0.5264093920456092,3.2888326538286003,-0.016401754300876866,1.6779203191374816,0.7033596437325007,-2.139574665942568,-0.059890011223422135,-1.1195003438390312,0.04217932672432903,0.3293703541403723,0.005425105783296813,-0.009544022975666477,3.9296875
-0.31277046454457713,0.5752089871708604,-0.41974986734564934,0.34932980796673735,-0.14049870802980866,0.5600812036425077,1.2811685916484583,-2.0421017094908955,-0.11078014197050508,0.3111017802181893,-0.04041296649671257,-0.012789139198382373,-0.027550108063913416,0.03371874784409723,3.9375
-0.8991582739043774,2.1694915540632027,-0.2681682204542702,-1.5738508580313737,-0.24008640305671824,0.05661284644821426,1.9170354517624748,-1.720889086330916,-0.1074502164187118,0.9419718887959337,-0.09286320477244298,-0.17165651533833143,-0.055914027610123686,0.047076680102055124,3.9453125
0.04596588839613395,0.12026219985633024,0.19727283345865512,-0.18502491813648927,0.09164053716141259,-0.4464378168908106,-0.8955760245528698,1.0408559545352734,0.04497217432498912,-0.01701453206630151,0.023364301138239448,-0.029218994045345587,0.02124509791116839,-0.012337537407098642,3.953125
0.4529146124829454,-0.4216133631729719,0.7116835897172021,-0.12344672150241662,0.35250439397512223,-1.3688900129519588,-3.2974040547659054,3.803643077320964,0.178004180703037,-0.3862977401838725,0.09965738327710688,-0.026489103990285253,0.07996184948013027,-0.054102451391442534,3.9609375
-0.5790833976905543,1.9952919875134707,0.46813335773196957,-2.303815377045451,0.047723770196576636,-1.295195849200316,-0.8399962149947718,1.9954692855734162,0.07076957826566861,0.6803253617690065,-0.017291013285814918,-0.22346831234839087,0.006142554263454071,-0.0034041416494741327,3.96875
-1.3747277894508285,3.480983575764816,-0.36043700312603977,-2.283840210384436,-0.3056720804624495,-0.15267629809327699,2.3422838252036473,-2.2464928028988287,-0.15559934576937795,1.46429241183207,-0.12599708830599848,-0.2797553372803922,-0.07038202166246604,0.07015149005386905,3.9765625
-1.0916881186912997,3.1803674443726044,-0.7155198720073453,0.5957786568259198,-0.0631156062309886,-0.13797175733095823,0.316785205766803,-2.9281587366912607,-0.23268397868569907,1.2435850302955074,-0.038326307953885586,-0.2086659449317488,-0.001002702945886848,0.0817001179307583,3.984375
-0.5981027985159589,2.953960453353162,-0.3198144540970064,2.353373526075336,0.4311906250375457,-1.4964130727967961,-4.174094805750883,0.04772723824209758,-0.13378153774847798,0.8716381528291977,0.1107424773808171,-0.21332853128984733,0.12051477615721681,0.04592241744170186,3.9921875
0.07966394221302316,0.9986299482578445,0.12302539767441024,2.023318247065775,0.4761744124227657,-1.428164792033394,-4.4333653321092195,1.8763904043355082,0.010343812089468423,0.10325030620976927,0.13655222359377597,-0.08574352111651334,0.12349891804639074,-0.004915516167419678,4.0
1.2226687044459288,-3.547659648979438,0.1889172921043397,1.661008570185783,0.09696505908890606,0.780988100780626,-0.450858110765992,0.9727173321293865,0.11741658948422252,-1.3676185136577355,0.06603611526924794,0.294212250844068,0.021706964119243957,-0.05791363070920384,4.0078125
1.412417031962909,-4.967618737089432,0.12954982415471222,0.600913075066706,-0.22099146458306435,1.9606052561453937,2.5973942658063094,-0.20107576490743193,0.13155461595072818,-1.714811226874712,-0.016931828731337535,0.4145873415772076,-0.06071419700337316,-0.0657649565698157,4.015625
0.08715682861794517,-1.0060038882489504,0.252061881028237,-2.2188900811714123,-0.29786488079361206,0.6505524485669556,2.7163765818390053,0.10010172843697916,0.07966058773808408,-0.2238841233331351,-0.08763357847629677,0.05164766838663664,-0.08155128858222735,-0.021445535680487546,4.0234375
-0.2687387112159219,0.33769140412905746,0.49556556524171574,-3.2436624628168342,-0.21906679489715067,-0.23159498937619738,1.7660184241247159,1.2987542084589767,0.11010313135178917,0.21370060436547011,-0.08333728795364623,-0.08908896650496395,-0.0650590008079319,-0.020219943197750844,4.03125
1.4719682091191042,-4.667471867455905,0.419862492610369,0.5055999679196975,-0.044912515095799105,1.1780327594373188,0.9084435498358909,1.4604909407113007,0.19491347616099977,-1.715654485831174,0.02818731602475965,0.36336145220721383,-0.02033536712386891,-0.08247537798469944,4.0390625
2.2312112875018806,-6.799709088233243,-0.2788450414558906,4.752639645211915,0.0793898566917866,2.425625463986586,0.276636530411628,-0.9212761703316174,0.07407251093178424,-2.526224322457491,0.10658126759026165,0.6265415425480406,0.02403201166280159,-0.07180875730509075,4.046875
0.1938792602860138,-0.7477454055970575,-0.9691292433424172,3.6742682714136814,-0.015843963820739226,1.365635023897301,0.49572946583035166,-3.8224103313974314,-0.2123366260271337,-0.2108251967062784,0.02558416217893699,0.16365004973712263,0.01441575543128391,0.045879141195637976,4.0546875
-1.7590182867547213,4.934508955059379,-0.5914972851505826,-1.5085283611932814,-0.19810522707624745,-0.5944500690964543,1.2485300633126042,-2.821661625035618,-0.23978932206383893,1.9538158675403627,-0.10289861457815004,-0.3798286848776681,-0.0374364518537713,0.09949841396446014,4.0625
-1.5261087534609357,4.37821107688048,0.5795071432279183,-5.249959313891179,-0.1819205880760506,-1.7547969471043827,0.8549422229365289,1.7787012515809997,0.04752928759908951,1.672939874103048,-0.11811370589211709,-0.45115399743714607,-0.054601380402964236,0.025049942147534796,4.0703125
-0.9757636968868031,3.2866889811114186,0.9456655602249818,-4.606655376191822,0.04681276938802876,-2.257546301558845,-1.140561588756327,3.8553649565699715,0.15663374349013548,1.1276502635937413,-0.042280483204086776,-0.3853421441798523,-0.0021599286081470373,-0.014393263799730526,4.078125
-1.1202222747764836,4.269907018234691,0.0026393612664058243,-0.2560998043029927,0.2939588564362155,-2.0215709801065485,-3.216887761001916,0.9102241681586053,-0.0851931544995876,1.4105264461968607,0.04600464191176684,-0.3660753919505758,0.07953663140854919,0.04691637263310885,4.0859375
-0.35076650067670206,2.0621289057259937,-0.8174677726991116,4.382680893774277,0.4071020364804066,-0.5890274488708023,-3.6979730189899436,-1.9753184870268659,-0.23331603220925345,0.5853334837764688,0.12429897950215454,-0.08434646498275497,0.1228079655227555,0.06377941320418751,4.09375
1.0294418625575823,-2.5884035392465385,-0.5135645725967627,4.68830661057001,0.26507423632806304,0.9094355593549812,-1.88281266124427,-1.2514411236974565,-0.06716244221939575,-1.0651524852089909,0.12381869166979531,0.287358090275003,0.0783411304786002,-0.009229443987297647,4.1015625
0.7903268885814366,-2.7247931869105204,0.03297624107252345,0.5831784728589138,-0.10165282160485163,1.0773078259910953,1.258791014579189,-0.19538098727837933,0.06361923890520374,-0.9492988668548937,-0.0023010015760574465,0.2310879753644617,-0.027147475717278706,-0.03463527594421038,4.109375
-0.4705832866479016,0.5592494539228368,-0.04630595226299706,-2.27489741345206,-0.3544942780836088,0.576205326674819,3.0931971942731518,-1.2116306232516354,-0.022647126844668256,0.39860122738048726,-0.11599108361661366,-0.056791857044566,-0.09020688988565206,0.016535154548842794,4.1171875
-0.4330693452274783,0.6303138849348977,-0.07817028123655706,-1.7383456966416684,-0.280112745749967,0.43827827729738905,2.4269381073299705,-1.1166823571977686,-0.03125525573354229,0.38679946311139063,-0.09260679131577303,-0.0573591333520997,-0.07017201347393251,0.017709003757824856,4.125
0.29661121443640553,-1.2745537102211595,0.5661225312527558,-2.35415715465066,-0.1616814949760273,0.11154421194615483,1.447492680342423,1.725809816064784,0.1601340601525196,-0.4138475927769337,-0.04907669666896662,0.04682348628328678,-0.05173521706055105,-0.045725703652353275,4.1328125
-0.05116432774114815,-0.19949231920615587,1.0344701934287177,-4.677485845793153,-0.18723587306985615,-0.7242096955694579,1.4002259916586304,3.490889420134055,0.2487248744680417,-0.031881160238387454,-0.07964226622327185,-0.09675500393281913,-0.06645173092148472,-0.058570624580627347,4.140625
-0.4240555433128165,1.3299912626096182,0.48197326228585957,-2.466527163079546,-0.02261406114317812,-0.9446815370304972,-0.12399016335096172,1.83265542130622,0.08745175185739934,0.4730670142962262,-0.03222549806410813,-0.16843318960603862,-0.012927717101831559,-0.011064137776849567,4.1484375
0.5970547588644927,-0.8843854042511671,-0.40947969514499183,4.306762846058085,0.3962102860417549,-0.042569450323498,-3.319307472146998,-0.44341405888480373,-0.07686353639376443,-0.5153289863341354,0.14401875398445424,0.13147171887561274,0.11151684985059612,0.003501840723279482,4.15625
1.4895247108285443,-3.5632647137136653,-0.626721800021679,6.695560041027557,0.44964489940791463,0.9898540373945955,-3.375603703583054,-1.1625942486673113,-0.07356772210463428,-1.5161665461498934,0.19522685032115397,0.3905546693038377,0.1283846572216423,-0.01882623101170613,4.1640625
0.7729080869408098,-2.575825900639148,-0.2994520089575458,2.0002707771443036,-0.05081866952027854,1.2974636882358388,0.870397168088049,-1.3426606813558535,-0.018038057247523394,-0.9025075325983271,0.019680460222817584,0.2540118573704709,-0.007502739436220124,-0.014679634249960672,4.171875
-0.13562528847101232,-0.3679549547737518,-0.014272923074524262,-1.6523714028847687,-0.30898857281973047,0.7593912035875472,2.800767883482026,-0.9690127291742897,0.0034109841916666202,0.03155316240213772,-0.09210340039573935,0.02281357507942589,-0.07906741404376054,0.0021912727323484473,4.1796875
0.09377334578393157,-0.01693688366902187,0.10123431523899357,0.2817777538950136,0.10042441277108664,-0.3088713752558823,-0.9344121510155833,0.6799184194603427,0.024787290417798768,-0.06647630636638906,0.03018050741926339,-0.006480807979327164,0.025609693006298093,-0.008570663406125022,4.1875
0.36954126327552334,-0.09703552784459873,-0.04703876106722277,2.734494645276273,0.41005580492297644,-0.739016291674917,-3.64879403658977,1.0133954693558207,-0.007265568506974711,-0.25407588494820127,0.1316314626912752,0.025736977764704096,0.10883675818601132,-0.007645435025664378,4.1953125
-0.1719431035992499,0.5831894533561882,-0.542359041403837,1.853523792379261,0.038111250616413524,0.33508973582411794,-0.28117201628750077,-1.9880236609480366,-0.13855339491605462,0.22437175121116665,0.018229433925331114,0.004920349973310081,0.02096363048799707,0.03696881306175516,4.203125
-0.5642972862845412,0.707216866366607,-0.7462925685512818,-0.06788530827957583,-0.3809930991510933,1.3644822324088248,3.50442718079225,-4.003067710249684,-0.19015392150007196,0.5069308625497713,-0.1103902065791224,0.0013938853661530511,-0.08468920157973828,0.05894329650400638,4.2109375
-0.44154531781968676,0.7701104587081583,-0.010884410223696017,-1.8077664036523982,-0.2394622741917393,0.23347840373327655,2.0299770111676305,-0.7246543677283152,-0.01772594683004896,0.4116590685105958,-0.08322906641154548,-0.07551943263122339,-0.06107779757143255,0.014643778001973787,4.21875
-0.9047557455700118,2.836627595620026,0.9498739810346877,-4.952750334688826,-0.041612795540059186,-1.9350153265251282,-0.28402676425480616,3.6156595341506095,0.16692005373453406,1.0099416663458063,-0.06543309670767627,-0.34961038741332356,-0.025820643352244113,-0.018537459943376113,4.2265625
-1.896822197604987,5.315411978657831,0.9621676457410359,-7.671954537513526,-0.2844337918125421,-2.2911569272011865,1.543181582149941,2.9763942685163762,0.1182469588678847,2.0513350982910707,-0.16922608722166083,-0.5761766276999286,-0.08801761779908113,0.017047754683293954,4.234375
-1.633164952438334,4.10295177530866,0.2710591251848715,-5.3941607181929205,-0.40477542799202715,-0.8679644614636493,2.971239100012355,-0.08296137309648932,-0.020492354732960034,1.7102878548055003,-0.17801132069784545,-0.402359296216693,-0.10720097916232023,0.043966708249805364,4.2421875
0.2795299812931449,-0.5908959651927397,-0.09276228110075592,1.3171966590098454,0.11131654303666774,0.07426141881632883,-0.9039167668565599,-0.0417707138244824,-0.00912607131473117,-0.2716403903607575,0.044162924579235076,0.06365806578697521,0.03199395121457168,-0.004972786756828648,4.25
1.7244814692936392,-3.784222197126012,-0.14346368340586896,6.209416713186123,0.6283396883420992,0.161775253472707,-5.0764278432621195,1.2374283494118132,0.04545647716059935,-1.7206319630756652,0.24304475409670775,0.3658461564358934,0.1663042472521082,-0.05301151932762979,4.2578125
1.3046124033607187,-2.9987595597068255,-0.47359544605491205,5.817247786938408,0.43794936931012757,0.6540472946921444,-3.389885279109288,-0.5992856959176188,-0.048991987854902976,-1.310882517872181,0.18204890144085784,0.3250700313926398,0.12286819204692714,-0.020207435733993424,4.265625
0.39971738778811217,-1.4293326740886119,-0.7776854269639182,3.1981409886789365,-0.03814902856662625,1.4284818437255493,0.7368723015363737,-3.160716366647159,-0.15398267439125782,-0.4608781844582295,0.021956066356994697,0.20356074983363465,0.004763523514257435,0.026915679943499853,4.2734375
0.5082562422074932,-1.996601952809582,-0.4585192464765733,1.7176054629097637,-0.140389248324238,1.4653492913057198,1.6405912950819643,-2.2209692932780287,-0.06726713246757976,-0.6327885286029714,-0.011208898772524139,0.21711111549592343,-0.02805004844389525,0.0035941288224883793,4.28125
0.8081647500378301,-2.7343518840371686,0.1313314920566898,0.31887967899486913,-0.08823855046423502,0.9440013880181121,1.1117635472618397,0.22601334544204701,0.08727518398599184,-0.9656926336397988,-8.968621109052843e-05,0.22253386835505562,-0.025558793792519883,-0.04064173224617568,4.2890625
0.27392398541873964,-1.3535684819465794,0.41553241809470376,-2.117870614701877,-0.21330190306233232,0.4130795748674396,1.9633411814410464,0.9880685576228813,0.12610856693746916,-0.4072349905166875,-0.06114029330961369,0.06784406510330121,-0.06284729239202455,-0.03702289500176364,4.296875
-0.12276339482724367,0.13147520615096991,0.6207385184040174,-3.033067189885354,-0.12767449312848084,-0.4868536905835173,0.941335362069878,2.0564771444958585,0.1446552285967424,0.08062271454604042,-0.05530397254465719,-0.08099047740834181,-0.04367300025679677,-0.03194829156224649,4.3046875
0.3566499829615862,-0.13241634739119584,0.9157392174249436,-1.07300941497307,0.3387685597610633,-1.667555119633951,-3.271797064270642,4.5641347543133675,0.22076288935483587,-0.2839569311691637,0.0876287316449844,-0.07322240863158419,0.07263380155893757,-0.061917224320673,4.3125
0.2774084266107889,0.43618357024925775,0.6292126420712411,0.5107599457477934,0.4755064897844819,-1.8118477451453003,-4.494473457376877,3.8499710809063417,0.14159518755034695,-0.13147790150704214,0.13099295011493625,-0.08908074662233062,0.11404053476104146,-0.04114016167671503,4.3203125
-1.1505704292889893,3.369182770361009,-0.46543900224872653,-0.4150513869077289,-0.07213650842536208,-0.46440398578734143,0.30039166295633973,-1.9851811606338072,-0.17820634145266595,1.304195353896435,-0.04867938470544873,-0.251172305414181,-0.007465167316543413,0.06999883590709034,4.328125
-2.0042745817639807,4.7864369928608985,-1.1785597373348038,-1.391695016890208,-0.5272369485217566,0.7774524207524961,4.3732867338173245,-6.0785605209207505,-0.3766757084026914,2.1104199882368166,-0.19136206004786127,-0.3167228668732824,-0.112688588427513,0.1382316749908843,4.3359375
-0.9267467996322208,2.0755952727722105,-0.5670592015173471,-0.8249030558454041,-0.29741477667356936,0.5377029619428648,2.5227323068144183,-3.0544336988995893,-0.1765285110200793,0.954835265773606,-0.10319038245941357,-0.1346152328493715,-0.06517656536870328,0.0642674839774359,4.34375
0.43499449419078995,-1.1200363888599714,0.35027332673096384,-0.2115407047051226,0.07580199097261753,-0.17270677309203383,-0.6320969895128739,1.5754733758923152,0.10612287425094939,-0.47312451360133934,0.028652390332599472,0.06320719160185792,0.014158392944980886,-0.03631836866344331,4.3515625
0.5405697229765016,-1.6143846946836693,0.034455129700459226,0.83147082772823,0.025629643589536906,0.44778567045034484,-0.033910675250967054,0.1920486460646587,0.04166365616080761,-0.6094500436583967,0.025650093558416538,0.137776040592155,0.006732987603639918,-0.023347991201112972,4.359375
0.3271032313892642,-1.4541212855462993,-1.06291804303976,3.6869113308321646,-0.1238918671045446,1.9282302334940578,1.5822220050643165,-4.52216293364616,-0.22085646203006917,-0.407172423168041,0.001840624058212384,0.23247050701067606,-0.012307637757800652,0.04475869617451944,4.3671875
0.6034207941988726,-1.9465788314504449,-1.0979912136270056,4.934715107741987,0.022033118534165702,1.8413326769598095,0.35971372587642486,-4.239200609663328,-0.21863642570111128,-0.66497402329622,0.05388069308831007,0.2841500541561706,0.02589030646641409,0.03751488510052129,4.375
0.4958860958572993,-0.9423367847453112,0.32494223977419,0.6607112147441399,0.21965765972635456,-0.4901343270323486,-1.9307186556952338,1.8984321340051287,0.09730606627395813,-0.4839719672298369,0.07254520692408682,0.05530430638363777,0.05178807160011463,-0.03566512559595073,4.3828125
-0.0985289039351251,0.9412816548244923,1.6128684045840127,-5.05242907630347,0.173123200100774,-2.4761301107261864,-2.127819474349674,6.807094953413527,0.3627531211403687,0.15960679432357788,0.00790571451451918,-0.2447650772970435,0.017202746596979276,-0.08491659053452351,4.390625
0.0074831889837228514,0.23324397920581402,1.5726143066953235,-5.4467762507893935,0.02853281623615876,-1.905465318966069,-0.7342157342941864,6.2194254993953395,0.367179680357616,-0.020450513306617943,-0.028743633200261094,-0.18325288220271022,-0.01967838972677108,-0.08845071498750721,4.3984375
0.5434145374713952,-1.5942747918505666,0.7607882081806212,-1.8531495761330052,0.0049753392380970565,-0.3350111010080993,-0.05485468135911591,2.964222415665858,0.21266050121758126,-0.6328752765093683,0.0024654092855156684,0.06022846412829518,-0.011633257255239605,-0.06433182001341162,4.40625
-0.027621119864991047,0.3029707227713559,0.099012657436165,-0.00673275994547767,0.07682883480253976,-0.3707982695653754,-0.7707963536895586,0.6171791892881178,0.01800362970226965,0.06406375895662321,0.019080153377949775,-0.03557174685604633,0.019767354843033047,-0.00404253518754931,4.4140625
-1.33246515784014,4.313408416694039,-0.427117456099045,-0.127882087628692,0.0721959279248081,-1.112184470333208,-1.1259951455562351,-1.40108129451292,-0.18790933831684203,1.5713051653454762,-0.01471643348202215,-0.3332840778172141,0.029526388262612186,0.07662733108829795,4.421875
-1.4397287531129752,3.9847500840085406,-1.0567273254431127,0.8262973871876538,-0.15804650120835134,0.16860577209150854,1.15137935516878,-4.533210592139895,-0.33040701412628654,1.6107072840474346,-0.06916927634740247,-0.24682160749893453,-0.019327966373337373,0.11343394246424936,4.4296875
-0.18713783162567516,-0.7421470756030449,-1.3460378249396878,2.273522734052012,-0.4592108163143683,2.6811268307790974,4.564342817837734,-6.594514393233298,-0.3030342135320207,0.05156802240891395,-0.10517812499800058,0.1880672125589014,-0.09454559974325374,0.07690066225318756,4.4375
0.8511639550383933,-3.6256819835645677,-0.7666523248217938,2.3441608823536044,-0.34300155310653885,2.7617181185786333,3.7570931213977232,-4.028078721792973,-0.10720977098453521,-1.1046211961926815,-0.050045759779885644,0.38495489254068216,-0.07587534693932653,0.00497741165051369,4.4453125
1.1166291956654664,-2.763088695853963,0.35945258855022477,1.7102301406711404,0.26496382359012044,-0.01311063909459063,-2.104252464061437,2.1455233492253543,0.1422884009385695,-1.1795329785930955,0.10609089057410298,0.2127149869951155,0.06270710192731221,-0.06144505968930297,4.453125
1.165765291408165,-1.8859884814940953,1.1144365466051729,0.8915862296083649,0.6320133996419738,-1.8920142698875364,-5.712514418940221,6.168941615982847,0.30342359792065987,-1.0978827840551526,0.19480363465036393,0.0697726399225707,0.1451534839227336,-0.10136549555081062,4.4609375
0.9120714539325314,-1.9700805187055497,0.9160258908106242,-0.41947558655725536,0.2998086782006146,-0.9747577816742551,-2.677627004605611,4.4292631389003,0.2579552320147717,-0.9386131085462276,0.09571942879705304,0.08680169599387232,0.06192455786915056,-0.08417343358968075,4.46875
0.03532688087838616,-0.40547186969988674,-0.03759136382341173,-0.3919749873453073,-0.1160005994664247,0.40748252096164933,1.0911385081282805,-0.47832199779361867,0.0005687006433754199,-0.08515315657811469,-0.03083514210955851,0.034392767565232726,-0.02887106897207558,-0.0012244445481959174,4.4765625
-0.7452351035762833,2.03905590552897,-0.9379739516601655,1.837988326901054,-0.07552980923062627,0.521174998510583,0.6487548612464842,-3.8450063706985653,-0.2617052262029204,0.8433138537320861,-0.024668840687501723,-0.0857153098288792,-0.0010760585921044438,0.08032402112312524,4.484375
-0.6117633379856187,1.6892776752967191,-0.9473715928362657,2.2202004459524503,-0.048339030459952935,0.5957674596601388,0.4550934489924618,-3.815256859523201,-0.2573445974204379,0.7010054541177229,-0.011849742078119589,-0.05297950157097591,0.0062928033980731365,0.07601723622468569,4.4921875
-0.08011017823382319,-0.6071116631520374,-0.090357996777154,-1.404966894671707,-0.33113037131132955,0.9687182223029608,3.0538670855727896,-1.3311682342410893,-0.009498226605861743,-0.039781120318445835,-0.0947099814898523,0.050876492100468226,-0.08361791867721982,0.00397298849778507,4.5
-0.1293950838392428,-0.2702077712358187,0.5827369667716814,-3.6730695083685068,-0.2897290036687123,0.015829997250327934,2.451497636503224,1.4167173573776477,0.14234926579255966,0.023028375081699973,-0.10064463075535159,-0.04688120653792238,-0.08478117815065786,-0.03124893910222025,4.5078125
-0.5900567013162623,2.4541084360812153,0.3824061381391235,-1.1740441725076578,0.21670573019504202,-1.6868516980265265,-2.3860441962027434,2.144422388080074,0.04069011387290792,0.763022209035539,0.03307180701499088,-0.2487803338752373,0.051994210066418245,0.003932316570813539,4.515625
-0.5835585004827567,2.528213436202811,0.03149287090331611,0.34069474622270035,0.26866164507642576,-1.4218759475486202,-2.76359930315349,0.9319361791906555,-0.04330252383998313,0.7822684046136027,0.05647611268362247,-0.21748938367016277,0.07193149868126957,0.023885274113233917,4.5234375
-0.16252853177989343,-0.2876004205933096,0.3189420596646441,-2.963251436828559,-0.32538611012690233,0.3874027973785455,2.8431967403473766,0.2952302543534077,0.08101776166087422,0.050476480441076596,-0.1059328475451933,-0.019699403473315804,-0.08933202610480738,-0.01569755344996228,4.53125
-0.21929981063002638,-0.5132366567339164,0.6086311216586608,-4.918966081708727,-0.4947106925799585,0.47559635326625455,4.304737488417586,0.9328873591409571,0.15394965059621302,0.04209191734271758,-0.1633401872709662,-0.03540042840942741,-0.1389181159585801,-0.03168506845000907,4.5390625
-0.6402171067829685,2.2584769581894633,0.19076279029048987,-1.2144783357434477,0.08788794745274546,-1.1503683363422623,-1.1586482940064198,1.032061458698158,0.00016435158489841494,0.7714475240113149,-0.001162895339591803,-0.21628083026851835,0.02155852275319857,0.015000846297830673,4.546875
-0.160727815629113,1.6301057346221628,-0.1364325458697581,2.40402992739016,0.44058647822191876,-1.2785193300200968,-4.131354706197218,0.7755167978661075,-0.06358814350774648,0.3696063899742909,0.1241441548294268,-0.11577985027241475,0.11909581064439434,0.01854289389862004,4.5546875
1.1180491012740497,-2.957271440907779,0.26508948718673364,1.7012605816870432,0.19560442056099683,0.29682788346863037,-1.431294013666208,1.5773581664263199,0.12415069632665356,-1.2077083491760308,0.08852080258801309,0.23715293444957927,0.04600603904077112,-0.05708923223403758,4.5625
1.0866392469791921,-3.277731643506474,0.235278417616075,0.9652242867684261,0.03421619102883522,0.7609803294958173,0.06202764161862371,0.9886298264495597,0.12346852095096231,-1.2369012256861183,0.04197568470237691,0.26313654691963895,0.004270220257465101,-0.056074849599481995,4.5703125
-0.8085996500641781,2.5970689074589535,-0.9888659492052987,2.623863734018647,0.06614120140009194,0.10773490586502894,-0.6800530665154986,-3.629183909792091,-0.2850291004794135,0.9757517903276138,0.015143335532003963,-0.12453121352308597,0.03713909846034604,0.08737946354109541,4.578125
-1.6896819519390973,4.681666649922288,-1.8327602633791737,3.2114500059805446,-0.15765610871705968,0.8087314142938926,1.270587569661305,-7.5536836641886875,-0.5274129818504456,1.9109933828362045,-0.05899618744475047,-0.2274055555869527,-0.005004540149515775,0.16672485619205502,4.5859375
0.4990170669817195,-2.328915768349508,-0.8959495226819565,2.6753999430544573,-0.2614610432471176,2.3099142892905955,2.8873458750941046,-4.282837061495838,-0.16409698226078034,-0.6640511962346402,-0.035678101649483804,0.28737651425151606,-0.0517358478624745,0.02703731502220611,4.59375
3.2672814489669757,-9.423143522687761,0.666266506939205,3.934272351490344,0.27826795834231693,1.8446449880003337,-1.4067799561175156,3.303947466356369,0.3501216541856547,-3.652331627139923,0.17676237259644167,0.7658972809872133,0.057953212248438385,-0.16301418732648765,4.6015625
3.157544982249014,-7.956165951677861,1.270358971592918,3.6202855751681056,0.687745349729242,-0.14663725497349914,-5.430004467219548,6.869185393955608,0.4637981583636291,-3.368505028761335,0.27569720295846945,0.5881889762858079,0.15442199822626623,-0.18775938417352087,4.609375
0.6812543767108824,-1.666049129426657,1.1025643638842086,-2.2568340936153874,0.1297356488267699,-0.9435013489390137,-1.2490524520949517,4.657745324814282,0.2949631457216183,-0.7464944777721255,0.034678906699303735,0.035393011235704167,0.014508687578525765,-0.08744166457903003,4.6171875
-1.370386378590809,2.928856876669911,0.6638464589084031,-7.161919644334386,-0.5585381584485527,-0.6082583925123364,4.3985037671040645,0.9934038215410541,0.09628341315004406,1.3384022699696754,-0.22255179257334323,-0.3451506098885746,-0.15512963161403223,0.009812933210900928,4.625
-2.115707197175814,5.822847269206734,-0.28641863488328634,-3.62538842019041,-0.29894480993426176,-1.0304701928787228,1.949207931506691,-1.9202031658265206,-0.1863634493993911,2.3175357985179983,-0.15128290152992058,-0.49260193895446935,-0.06906466037993397,0.09528892757059257,4.6328125
-2.2289926804177282,7.4570116655592305,-1.165403130634045,1.953193136859953,0.23572109663517954,-1.6619040085812344,-2.8047280521944415,-3.768526338604832,-0.4256856450075272,2.6811891349072683,0.018814411258241813,-0.5276529169914931,0.08679026941108149,0.15509223471087222,4.640625
-1.7920842382190356,5.4060119147233925,-0.6445824382785195,-0.6649991232386169,-0.05247090528598017,-0.9821379221632713,-0.09487750604558712,-2.59908537158874,-0.2613793644103836,2.052120119242763,-0.06107876796560278,-0.4107996096772655,0.0011897251115658872,0.10538359557380565,4.6484375
-0.9056257896863408,1.2797173576388383,0.8134655273974598,-7.411484876146994,-0.6408437807910812,-0.059505636873508766,5.315405937152288,1.3247331319196514,0.16541561779245118,0.7678010557970028,-0.23375497516929977,-0.2185277057955778,-0.18031572170093713,-0.01788758313801849,4.65625
-0.31347894792211745,-0.1107888226766666,1.099155086686937,-6.713562107020348,-0.4740484150391683,-0.24964426428255693,3.930196585759244,2.9055618398277647,0.2612861922791968,0.15054140284652803,-0.17230429649969042,-0.12036523745206293,-0.14236840153667907,-0.05515912267461531,4.6640625
-0.05774920970677913,0.4982987266950235,-0.2506094805223797,1.4564625769604163,0.13126906818746736,-0.14986579008838102,-1.1889777074554848,-0.590975921336162,-0.06842045320595753,0.12658283480258425,0.04219284917966299,-0.01426209324042872,0.040302495101274566,0.017406322754793258,4.671875
0.3978193941554103,-0.6349003871611112,-1.3241271029824602,6.756843061221153,0.2912706975928712,1.1156671927766804,-2.166034069509563,-4.324239860641082,-0.29830577567065036,-0.31427675946747874,0.12937531481973671,0.2013546458449937,0.10096868325057315,0.06142553712541702,4.6796875
0.7004015816545065,-1.9748029779708112,-0.8290228468737697,4.597787711479232,0.11734354081884665,1.3561957857936209,-0.5648674129553257,-2.913584209978608,-0.15465575807815687,-0.7417970109255337,0.0780673649233143,0.2618010127596115,0.0460499026961466,0.019771309054936344,4.6875
0.6467687094962272,-1.6228866353101679,0.3624759694591984,0.36973939540228384,0.13708404563589588,-0.14107588734194387,-1.1176251311178316,1.794668129337179,0.11922419117976332,-0.6915805967820405,0.05331019740686263,0.10822943105574995,0.029810851582779647,-0.04457232063523255,4.6953125
1.3768474470087742,-3.594197414170576,0.9982262874689505,-0.33422556751745475,0.2306389566008834,-0.3837558296733895,-1.8618426889293875,4.523062274796352,0.30959563748866814,-1.50302748529432,0.09009146014299503,0.2185785204186747,0.0419452574152155,-0.10776413702788329,4.703125
2.800282565015273,-8.220097012385201,0.872251331372912,1.9585132897164754,0.16897949092502484,1.4298668607664973,-0.6472044538415486,3.800592971433762,0.3741494339342146,-3.162935077652323,0.1245354893839004,0.6355003532236021,0.02618359409820629,-0.15743490215559647,4.7109375
2.3670421699338418,-6.902928200344034,0.19937195957841797,3.767725981566415,0.18356986770292363,1.716080659085409,-0.7664776578993091,1.2378749566227307,0.18888914680389665,-2.6477005670575426,0.1297677110992372,0.589815793883216,0.042467493642416275,-0.10264506106247813,4.71875
-0.4625189296493862,2.1615184313193274,-0.7253517483631381,3.385069095997847,0.30634120511185625,-0.5250140953112317,-2.834089852039632,-1.9022703655347024,-0.2133025193456035,0.671604283054885,0.0893233701120737,-0.10613918623439879,0.094645158470514,0.06172424785231005,4.7265625
-2.1275729124346974,7.025974818660647,-1.0743337136466966,1.5271352133041602,0.18766341348002577,-1.5241319009196665,-2.33873762031187,-3.5483765991563425,-0.3947402260644815,2.543435438665502,0.0061600768099044235,-0.5009463713583745,0.07193698419915158,0.1453067307375825,4.734375
-0.8284576928242182,2.345517774834698,-0.32391461512221875,-0.5187018431363501,-0.08447228264149947,-0.2569464854601882,0.5144245153201225,-1.4660601753134046,-0.1230170100671986,0.9256641906290193,-0.04495893275187288,-0.17681882677708735,-0.0142635027574946,0.049075329009871375,4.7421875
0.05836750628232076,-0.358625754232779,0.5491300715019274,-2.3367262733638547,-0.09537426964310626,-0.31141030352352006,0.7333106634700823,1.8706708400871412,0.1376663997615699,-0.11300608753720735,-0.038283029337105874,-0.029995085852527557,-0.033667387329847635,-0.03469757858995057,4.75
-1.7475922465190552,5.40175183140535,0.4034666392605651,-4.292771462970301,-0.045952203819576966,-2.1722130843928817,-0.4495069821872666,1.5005828205527305,-0.014389810334112834,1.9863469377774412,-0.08261773593453324,-0.5183039844819273,-0.015621265689698544,0.045179559472155205,4.7578125
-2.959388119634395,8.269694722121644,-0.09290341452114168,-5.99386895389514,-0.38219347563392775,-1.8964698752639977,2.302613096302695,-1.3931295001032975,-0.19113261278337113,3.250160430314221,-0.20843121302257636,-0.729122895008427,-0.09308094580551714,0.11682270477811449,4.765625
-0.7447718560123807,0.4940564972988078,0.1817682175973167,-5.293817550003533,-0.7227383079867937,1.0818090888553313,6.322450045297583,-1.4072534288541658,0.030990721622866722,0.5592983242937644,-0.23596746882049327,-0.08614969457546255,-0.1899444594615486,0.010453734076767623,4.7734375
2.0717047851463652,-7.520431275486921,0.5530414335584569,-0.9318447177654348,-0.4298137842533876,2.75888715774699,4.691042419488684,0.8061997677839923,0.28263928716849307,-2.5656440380315497,-0.06399704623089239,0.5881549988439088,-0.12362230742398399,-0.11772146642284262,4.78125
2.0702718075184254,-6.06125500857543,0.030475459759556737,3.7957691828980273,0.15721015427418442,1.6790628384048165,-0.6025172579059332,0.5043034352560862,0.13147903069384329,-2.3147573521856337,0.1162382423416918,0.5330023760777055,0.0391759453518611,-0.08170998045129381,4.7890625
0.5432989960981008,-0.9978185648641422,-0.49416476578182944,4.01023422378038,0.2911256633915585,0.30360441213562483,-2.338023121855893,-1.0849207909990821,-0.09478439116597895,-0.4950736704010133,0.11425360638856313,0.1469538321999337,0.08538738404811,0.009151797237852028,4.796875
0.0028680041221074985,0.1377665469306382,-0.07471005691565306,0.5584762863737008,0.05764023697245903,-0.08136345936324077,-0.5229417152569288,-0.11291041477379418,-0.019580636744691734,0.023965075587701917,0.01863894108337047,-0.003971849172747459,0.017416424033834404,0.004180118589457557,4.8046875
-0.03607319408302118,0.08221820120493513,0.25017961259001303,-1.0590881387669686,-0.02514861438869588,-0.2624195861991557,0.13413671867697222,0.9117231798915303,0.057903454366222226,0.029348912092051718,-0.014216007722517047,-0.035549125806713947,-0.009953465331199141,-0.013424627492449551,4.8125
-0.6484951827685382,2.150248103802774,-0.3330480798112869,0.5061455613933965,0.05919743104159101,-0.46767402660154084,-0.7368941192323818,-1.0933290127847586,-0.12140178703788658,0.7775272182430584,0.0027456779303799274,-0.15400741048633654,0.023404639899944218,0.04427358620199589,4.8203125
-0.8940756091401018,3.095219729522878,-0.6447522800680247,1.6419336367056157,0.14104113767068777,-0.5976976978772454,-1.5102832561094988,-2.058363151692355,-0.2137421646601082,1.0985868168088577,0.025167424056299684,-0.20196858115736613,0.050741619614711214,0.07230137323781671,4.828125
-0.076037031254674,1.0067195925952035,-0.020806552197133937,1.4104257721748887,0.2961969517441329,-0.9119312331266454,-2.7891783098793033,0.8032774442134667,-0.023647430292124315,0.2114185564128108,0.0828916249963304,-0.07797131461062032,0.07915437042794889,0.007008324735351043,4.8359375
0.6282218199928865,-0.8846646686102606,0.3414325586382567,1.6953908601580785,0.40121927301630633,-0.8966372083748171,-3.5740688248558037,2.4985449991517856,0.10049577488337698,-0.5612084957272158,0.12863947197685247,0.05422581463700859,0.09927440263349889,-0.03970690670149106,4.84375
0.38834610541896675,-0.7573577283782542,0.03787591446450576,1.2945499272403793,0.17261586599399767,-0.1378494981966931,-1.4656921279010682,0.6455881768886551,0.025721023640317888,-0.37408527407347475,0.062343636053549804,0.06726536097376223,0.04520595189703428,-0.015869860626344368,4.8515625
0.03731166074199799,-0.4004213238460308,0.20328464329148638,-1.2634001396966448,-0.12201777286203701,0.14982697253349386,1.0724900646867046,0.4283202672836662,0.05657021553199818,-0.09400947288377738,-0.037841841960135354,0.00952845002724398,-0.03434858789441594,-0.014658292165399595,4.859375
0.3083924931755788,-0.9096433624432616,0.795881918933578,-2.4379443924696984,-0.015964408559904986,-0.5574434404745892,0.03105200353129697,3.036021671609617,0.20659800298942968,-0.3722021343430242,-0.012196430502864964,-0.003446610798271375,-0.0174660123934388,-0.05720790748978882,4.8671875
0.6702581184673095,-1.556196140766844,0.4976727466022632,0.16352891455827884,0.18583900453828178,-0.41073746711883186,-1.5987278127064835,2.4555080227324186,0.1497301337223735,-0.700851599034643,0.06509137527521074,0.09048150571560742,0.04017706708507155,-0.052445654101202735,4.875
0.4085367565447148,-1.5463297263625775,-0.4995472311268104,1.9949385681056169,-0.08437512869871887,1.248042343587964,1.0930569401914825,-2.212719462303373,-0.08615017630685165,-0.49413068358951556,0.0023926074228232865,0.18344614329609746,-0.012556189078246018,0.010441216019755542,4.8828125
-0.3208221064674031,-0.35212924346014707,-0.7619109626238187,-0.18882519268924858,-0.495087981041116,1.9660701290449802,4.673710358501339,-4.413615287477267,-0.17311180572034537,0.1807832589176452,-0.1341713018764333,0.092107845734152,-0.11458073827635158,0.04899861139374338,4.890625
-0.8068372687599226,1.5839998309449794,-0.24706529734312896,-2.082243165430883,-0.3566398226997624,0.46060315922421763,3.030990547030986,-1.9790768191412482,-0.09071498831724507,0.7879030950714083,-0.12371415120412986,-0.12653247206771628,-0.08691760080398983,0.04089619050907835,4.8984375
-0.6473364007341532,2.2594093045094166,-0.01996852022898424,-0.46761292286283557,0.08885718754980362,-0.9157956246858859,-1.1042423565505266,0.21491581540243557,-0.0497697243936589,0.7831823987161778,0.0037520898319402573,-0.19487828896723294,0.025565103666399313,0.027057784806893675,4.90625
-0.1369054824123211,0.6578343893199907,-0.2174230008560663,1.0441956314202003,0.09561096574415558,-0.17319202745172885,-0.8946793806613077,-0.5497692760312475,-0.0635810487783848,0.20246707418863147,0.027961221060283713,-0.03398416749765201,0.03038550111068703,0.01808666473631331,4.9140625
0.1555212154165026,-1.2672938022489288,-0.23721792255396884,-0.35560057022650243,-0.2954824045871636,1.27723559433819,2.8622883204551823,-1.7892153604235448,-0.030032436700534182,-0.29332162157341,-0.07331887016094388,0.12423643603871681,-0.07188750046220535,0.0031857990274130636,4.921875
0.027391861805484325,-1.1889610027270097,0.09342367709607698,-2.4125475457357055,-0.4350681963905023,1.1613315512819329,4.0048948084442655,-0.9126623535933416,0.045780111112261185,-0.20870248396063398,-0.12540632398451912,0.07913197423537012,-0.1141928422623438,-0.011823023848066078,4.9296875
-0.2514542781022625,0.49297721123527066,0.5823811892130462,-3.1460689934406973,-0.14225446573066391,-0.5352943731883124,1.0261183496422561,1.8584029221243832,0.12744402405945185,0.22333437789781552,-0.06272619895426368,-0.10880599031952198,-0.046049150359162995,-0.024762032189877315,4.9375
-0.21502181423638206,1.3118419377956534,0.8696430996880287,-2.4035618403558785,0.20727114907543534,-1.8316312687138223,-2.2854581962839102,4.002793647992962,0.17949368811639824,0.3196612244995854,0.031813171696384285,-0.19865571040912383,0.040189016841163515,-0.03819746081252474,4.9453125
0.3835552971651668,-0.27827842812386566,0.46981860548612636,0.5496756494309166,0.33440904377673153,-1.1053434381220855,-3.093261275919355,2.7980462466785205,0.11800170444692379,-0.309817797394555,0.09838584045965876,-0.01380030347106885,0.07983833485917627,-0.03790308116369134,4.953125
0.9908787007074215,-2.4708647509754798,-0.40458995098507233,4.213609187132869,0.2591013095613282,0.7618697444709588,-1.878164554278496,-0.8516607836466147,-0.04380379023987493,-1.0246368888568633,0.11853671409964647,0.2661775949883,0.07491856220776799,-0.013764651478748901,4.9609375
0.5131984971642688,-1.3130721213930345,-0.7444728316681924,4.135421941244385,0.14342444145244962,0.9881208050057049,-0.9053600783207298,-2.498256624637772,-0.14787543981457912,-0.5173226158354308,0.0769504533655714,0.195696840654796,0.051269986579511886,0.022657736333084454,4.96875
-1.0537944125873269,3.6982512847352123,-0.294337968996414,0.27581596523988505,0.1660317430076513,-1.2416865578920335,-1.9130255210205669,-0.6195192935405192,-0.14364021171193536,1.2866490295550956,0.018605649680967576,-0.289875709620292,0.0512255522723729,0.05932771038615514,4.9765625
-2.0076061832189533,7.03074693095161,-0.012917085580196075,-1.5677018588969402,0.28873747123357796,-2.921238806042848,-3.541872845573739,0.874971461286026,-0.1447112618862874,2.4296781059158103,0.014118849736024952,-0.6073733972629034,0.0796077962483677,0.08249380470844396,4.984375
-1.0236515833630913,3.800470238603726,-0.3607417409079703,0.9394139127161399,0.24489858190453223,-1.3615567362107246,-2.6146881272506195,-0.6424432542021211,-0.160995146104575,1.2862150467845952,0.04375778159562121,-0.28952585479135245,0.07295373268250277,0.06272491402810886,4.9921875
0.9959817552864043,-3.151324491430532,-0.5221867875008556,3.396837124247765,0.0064697131498577766,1.6255953474446825,0.5064393276390204,-2.0435899278988563,-0.0580931351459,-1.131600382096459,0.04892117751915277,0.329142511668068,0.010671472116542012,-0.010460817524951056,5.0
