AF3,AF4,F3,F4,F7,F8,FC5,FC6,O1,O2,P7,P8,T7,T8,time
0.00014529097007760135,0.00010660620612003855,0.0001895255130786863,0.0003084618113433574,-0.0008954302815303145,0.0002709598370897008,5.1567863729748005e-05,0.00031093706651545185,6.097551838331227e-05,-0.00025392208816417785,-0.00012745201465280218,-0.00011003836758686755,-0.00012720770864081045,6.972567421646983e-05,0.0
0.00014529097007911682,0.00010660620612115961,0.00018952551308020507,0.0003084618113445122,-0.0008954302815290576,0.0002709598370912196,5.156786373090527e-05,0.00031093706651697065,6.0975518384642495e-05,-0.00025392208816302306,-0.0001274520146515109,-0.00011003836758574649,-0.00012720770863956424,6.972567421785335e-05,0.0078125
0.00014529097007993648,0.00010660620612237724,0.00018952551308119153,0.00030846181134553763,-0.0008954302815277211,0.000270959837092206,5.1567863732088574e-05,0.0003109370665179571,6.0975518385757834e-05,-0.0002539220881619976,-0.00012745201465040408,-0.00011003836758452886,-0.0001272077086383147,6.972567421877569e-05,0.015625
0.00014529097007929525,0.000106606206121772,0.0001895255130806332,0.0003084618113451085,-0.0008954302815284716,0.0002709598370916477,5.1567863731447275e-05,0.0003109370665173988,6.097551838532246e-05,-0.00025392208816242675,-0.00012745201465109583,-0.0001100383675851341,-0.00012720770863883457,6.972567421813006e-05,0.0234375
0.0001452909700792676,0.0001066062061217842,0.00018952551308057782,0.00030846181134496056,-0.0008954302815284822,0.0002709598370915923,5.15678637312589e-05,0.0003109370665173434,6.097551838508477e-05,-0.0002539220881625747,-0.00012745201465104973,-0.00011003836758512189,-0.0001272077086391054,6.97256742179917e-05,0.03125
0.00014529097008055946,0.00010660620612313225,0.0001895255130818098,0.00030846181134619027,-0.0008954302815272023,0.0002709598370928243,5.156786373270068e-05,0.0003109370665185754,6.0975518386412834e-05,-0.000253922088161345,-0.00012745201464971234,-0.00011003836758377385,-0.000127207708637664,6.972567421942133e-05,0.0390625
0.00014529097008067758,0.00010660620612330511,0.0001895255130820672,0.00030846181134640564,-0.0008954302815270056,0.00027095983709308173,5.156786373305356e-05,0.00031093706651883277,6.097551838660821e-05,-0.00025392208816112967,-0.00012745201464957397,-0.00011003836758360099,-0.0001272077086374714,6.972567421959427e-05,0.046875
0.0001452909700794081,0.00010660620612192518,0.0001895255130806592,0.0003084618113450337,-0.0008954302815284236,0.00027095983709167373,5.1567863731558453e-05,0.00031093706651742477,6.0975518385238386e-05,-0.00025392208816250156,-0.00012745201465098056,-0.00011003836758498092,-0.00012720770863887144,6.972567421819923e-05,0.0546875
0.0001452909700782733,0.00010660620612072864,0.00018952551307948142,0.00030846181134403097,-0.0008954302815297106,0.0002709598370904959,5.156786373054812e-05,0.000310937066516247,6.097551838397718e-05,-0.0002539220881635043,-0.00012745201465215653,-0.00011003836758617746,-0.00012720770863987356,6.972567421711547e-05,0.0625
0.000145290970079052,0.0001066062061215803,0.00018952551308034062,0.00030846181134477056,-0.0008954302815287616,0.00027095983709135514,5.1567863731288494e-05,0.0003109370665171062,6.0975518384823584e-05,-0.0002539220881627647,-0.0001274520146512342,-0.0001100383675853258,-0.00012720770863918607,6.972567421776112e-05,0.0703125
0.00014529097007951182,0.00010660620612194232,0.00018952551308084,0.000308461811345041,-0.0008954302815284034,0.0002709598370918545,5.156786373175285e-05,0.0003109370665176056,6.097551838528992e-05,-0.00025392208816249424,-0.00012745201465085373,-0.00011003836758496378,-0.0001272077086386767,6.972567421832605e-05,0.078125
0.00014529097007886946,0.0001066062061211608,0.00018952551308001143,0.0003084618113445386,-0.0008954302815290107,0.000270959837091026,5.156786373082839e-05,0.000310937066516777,6.097551838459791e-05,-0.00025392208816299666,-0.00012745201465141865,-0.0001100383675857453,-0.00012720770863936507,6.972567421762276e-05,0.0859375
0.00014529097007876405,0.00010660620612113016,0.00018952551307987355,0.00030846181134437135,-0.0008954302815290496,0.00027095983709088807,5.1567863730819393e-05,0.0003109370665166391,6.0975518384515196e-05,-0.0002539220881631639,-0.00012745201465158006,-0.00011003836758577594,-0.00012720770863950054,6.97256742175997e-05,0.09375
0.00014529097007763268,0.00010660620612001299,0.00018952551307880038,0.00030846181134329225,-0.0008954302815301264,0.00027095983708981487,5.156786372979792e-05,0.00031093706651556596,6.097551838341719e-05,-0.000253922088164243,-0.000127452014652733,-0.0001100383675868931,-0.0001272077086405892,6.972567421646983e-05,0.1015625
0.0001452909700777875,0.00010660620612025326,0.00018952551307908273,0.0003084618113433727,-0.0008954302815301167,0.00027095983709009725,5.156786373001083e-05,0.00031093706651584834,6.097551838355749e-05,-0.00025392208816416256,-0.0001274520146526177,-0.00011003836758665284,-0.00012720770864053948,6.97256742163776e-05,0.109375
0.00014529097007890207,0.00010660620612131799,0.0001895255130800873,0.0003084618113445662,-0.0008954302815289388,0.0002709598370911018,5.156786373104512e-05,0.00031093706651685285,6.097551838466597e-05,-0.0002539220881629691,-0.00012745201465148783,-0.00011003836758558811,-0.0001272077086394774,6.9725674217715e-05,0.1171875
0.0001452909700801133,0.00010660620612250154,0.0001895255130812756,0.00030846181134581784,-0.0008954302815276948,0.0002709598370922901,5.1567863732282375e-05,0.0003109370665180412,6.097551838587064e-05,-0.0002539220881617174,-0.0001274520146502196,-0.00011003836758440456,-0.00012720770863821324,6.972567421896016e-05,0.125
0.00014529097007910872,0.00010660620612170831,0.00018952551308031566,0.0003084618113448467,-0.0008954302815286207,0.00027095983709133015,5.1567863731351805e-05,0.00031093706651708124,6.097551838492766e-05,-0.00025392208816268853,-0.0001274520146512342,-0.00011003836758519779,-0.00012720770863914403,6.972567421785335e-05,0.1328125
0.00014529097007900268,0.00010660620612140522,0.00018952551308023112,0.00030846181134428413,-0.0008954302815292844,0.00027095983709124564,5.156786373128802e-05,0.0003109370665169967,6.097551838470348e-05,-0.0002539220881632511,-0.00012745201465176454,-0.00011003836758550088,-0.00012720770863959625,6.972567421739218e-05,0.140625
0.00014529097008006412,0.00010660620612277376,0.00018952551308126328,0.000308461811345756,-0.0008954302815278243,0.0002709598370922778,5.156786373241475e-05,0.00031093706651802883,6.0975518385949555e-05,-0.00025392208816177927,-0.00012745201465038102,-0.00011003836758413234,-0.00012720770863827073,6.972567421906392e-05,0.1484375
0.00014529097008081617,0.0001066062061229819,0.0001895255130818527,0.0003084618113463313,-0.0008954302815270846,0.0002709598370928672,5.156786373265444e-05,0.00031093706651861826,6.097551838655653e-05,-0.00025392208816120394,-0.0001274520146496662,-0.0001100383675839242,-0.00012720770863747973,6.972567421969803e-05,0.15625
0.00014529097007837292,0.00010660620612069209,0.00018952551307948025,0.00030846181134411695,-0.0008954302815292979,0.00027095983709049477,5.156786373064023e-05,0.00031093706651624586,6.097551838451157e-05,-0.0002539220881634183,-0.00012745201465164924,-0.00011003836758621401,-0.00012720770863997215,6.97256742174383e-05,0.1640625
0.00014529097007638875,0.00010660620611861273,0.00018952551307737444,0.0003084618113419752,-0.0008954302815313939,0.0002709598370883889,5.156786372824999e-05,0.00031093706651414,6.097551838208207e-05,-0.00025392208816556004,-0.00012745201465409346,-0.00011003836758829337,-0.00012720770864168516,6.972567421522468e-05,0.171875
0.000145290970077262,0.00010660620611992986,0.00018952551307837006,0.00030846181134289125,-0.0008954302815306075,0.00027095983708938455,5.1567863729547035e-05,0.00031093706651513564,6.0975518383145916e-05,-0.000253922088164644,-0.00012745201465298663,-0.00011003836758697624,-0.00012720770864079234,6.972567421619313e-05,0.1796875
0.00014529097007946518,0.00010660620612195618,0.00018952551308080114,0.00030846181134504345,-0.0008954302815283381,0.00027095983709181566,5.1567863731698105e-05,0.00031093706651756674,6.0975518385294466e-05,-0.0002539220881624918,-0.00012745201465114197,-0.00011003836758494992,-0.00012720770863885116,6.972567421845288e-05,0.1875
0.0001452909700797148,0.00010660620612214888,0.00018952551308091373,0.0003084618113451961,-0.0008954302815281538,0.00027095983709192825,5.156786373197451e-05,0.00031093706651767934,6.0975518385650416e-05,-0.0002539220881623392,-0.00012745201465068077,-0.00011003836758475722,-0.00012720770863870523,6.972567421840676e-05,0.1953125
0.0001452909700794075,0.0001066062061221591,0.00018952551308074102,0.0003084618113449177,-0.0008954302815282349,0.00027095983709175554,5.156786373171817e-05,0.0003109370665175066,6.097551838522955e-05,-0.00025392208816261757,-0.00012745201465114197,-0.00011003836758474699,-0.00012720770863912552,6.972567421794558e-05,0.203125
0.0001452909700804348,0.00010660620612280654,0.00018952551308169815,0.0003084618113460019,-0.0008954302815274435,0.00027095983709271267,5.156786373265838e-05,0.0003109370665184637,6.097551838617299e-05,-0.00025392208816153337,-0.0001274520146498968,-0.00011003836758409956,-0.00012720770863792414,6.972567421928298e-05,0.2109375
0.00014529097007977049,0.00010660620612223857,0.00018952551308110767,0.00030846181134549665,-0.0008954302815279935,0.00027095983709212216,5.156786373211227e-05,0.00031093706651787325,6.09755183856373e-05,-0.0002539220881620386,-0.00012745201465049632,-0.00011003836758466753,-0.00012720770863845987,6.972567421859122e-05,0.21875
0.00014529097007818283,0.00010660620612076053,0.00018952551307952937,0.00030846181134388433,-0.000895430281529567,0.0002709598370905439,5.156786373050307e-05,0.0003109370665162949,6.097551838396344e-05,-0.0002539220881636509,-0.0001274520146521796,-0.00011003836758614557,-0.00012720770864002907,6.972567421695406e-05,0.2265625
0.0001452909700800543,0.00010660620612258774,0.0001895255130813149,0.0003084618113457,-0.0008954302815277548,0.0002709598370923294,5.156786373221851e-05,0.00031093706651808044,6.0975518385831424e-05,-0.00025392208816183527,-0.00012745201465049632,-0.00011003836758431836,-0.00012720770863831454,6.97256742188218e-05,0.234375
0.00014529097008096826,0.00010660620612334092,0.0001895255130821474,0.00030846181134659456,-0.0008954302815268572,0.0002709598370931619,5.1567863733060704e-05,0.000310937066518913,6.097551838677423e-05,-0.0002539220881609407,-0.00012745201464948175,-0.00011003836758356518,-0.0001272077086372929,6.972567421960579e-05,0.2421875
0.0001452909700800178,0.00010660620612236362,0.00018952551308115844,0.00030846181134571186,-0.0008954302815278384,0.00027095983709217295,5.1567863732158905e-05,0.000310937066517924,6.0975518385821e-05,-0.0002539220881618234,-0.0001274520146502196,-0.00011003836758454248,-0.00012720770863819042,6.972567421877569e-05,0.25
0.00014529097007825675,0.00010660620612064787,0.00018952551307943542,0.00030846181134404853,-0.000895430281529607,0.00027095983709044994,5.156786373034093e-05,0.000310937066516201,6.097551838399447e-05,-0.0002539220881634867,-0.0001274520146521104,-0.00011003836758625823,-0.00012720770864001744,6.972567421711547e-05,0.2578125
0.00014529097007827624,0.00010660620612064039,0.0001895255130794478,0.00030846181134387533,-0.0008954302815296196,0.0002709598370904623,5.156786373044965e-05,0.0003109370665162134,6.09755183839482e-05,-0.0002539220881636599,-0.00012745201465224877,-0.00011003836758626571,-0.0001272077086400963,6.972567421693101e-05,0.265625
0.00014529097007754307,0.00010660620612001247,0.00018952551307875782,0.00030846181134313704,-0.0008954302815302408,0.0002709598370897723,5.1567863729704556e-05,0.0003109370665155234,6.097551838337337e-05,-0.0002539220881643982,-0.00012745201465298663,-0.00011003836758689363,-0.00012720770864070545,6.97256742163776e-05,0.2734375
0.00014529097007568746,0.0001066062061181346,0.00018952551307690728,0.0003084618113412507,-0.0008954302815321237,0.0002709598370879218,5.156786372773107e-05,0.00031093706651367283,6.0975518381529655e-05,-0.00025392208816628456,-0.00012745201465473908,-0.0001100383675887715,-0.00012720770864247055,6.972567421439457e-05,0.28125
0.0001452909700766992,0.0001066062061191583,0.0001895255130779536,0.0003084618113425074,-0.0008954302815309517,0.00027095983708896805,5.156786372883934e-05,0.00031093706651471914,6.097551838254663e-05,-0.00025392208816502786,-0.00012745201465363227,-0.0001100383675877478,-0.00012720770864157942,6.97256742155475e-05,0.2890625
0.00014529097007985825,0.00010660620612244087,0.00018952551308115171,0.0003084618113456266,-0.0008954302815278833,0.00027095983709216623,5.156786373203436e-05,0.00031093706651791727,6.097551838567992e-05,-0.00025392208816190867,-0.00012745201465028878,-0.00011003836758446523,-0.00012720770863817803,6.972567421886792e-05,0.296875
0.00014529097008084927,0.00010660620612344245,0.00018952551308211522,0.0003084618113465393,-0.0008954302815268908,0.0002709598370931297,5.15678637330024e-05,0.0003109370665188808,6.0975518386649204e-05,-0.00025392208816099593,-0.00012745201464948175,-0.00011003836758346365,-0.0001272077086374279,6.972567421979027e-05,0.3046875
0.00014529097007948583,0.00010660620612218199,0.0001895255130807571,0.0003084618113453067,-0.0008954302815282947,0.00027095983709177164,5.156786373191323e-05,0.00031093706651752267,6.097551838559965e-05,-0.00025392208816222856,-0.00012745201465058856,-0.00011003836758472411,-0.00012720770863861033,6.972567421859122e-05,0.3125
0.00014529097007986126,0.00010660620612232459,0.00018952551308106834,0.00030846181134551866,-0.0008954302815280333,0.0002709598370920828,5.156786373186806e-05,0.0003109370665178339,6.097551838572456e-05,-0.0002539220881620166,-0.00012745201465040408,-0.00011003836758458151,-0.00012720770863838948,6.972567421868346e-05,0.3203125
0.00014529097008093348,0.00010660620612338022,0.00018952551308213219,0.00030846181134655,-0.0008954302815268231,0.0002709598370931467,5.1567863733021517e-05,0.0003109370665188977,6.097551838672324e-05,-0.00025392208816098525,-0.0001274520146494587,-0.00011003836758352588,-0.00012720770863735274,6.972567421969803e-05,0.328125
0.0001452909700795454,0.00010660620612209765,0.00018952551308087934,0.00030846181134521725,-0.0008954302815281118,0.0002709598370918938,5.156786373181021e-05,0.0003109370665176449,6.097551838533716e-05,-0.000253922088162318,-0.00012745201465086525,-0.00011003836758480845,-0.00012720770863879516,6.972567421836064e-05,0.3359375
0.0001452909700777772,0.00010660620612026647,0.00018952551307900359,0.00030846181134347797,-0.0008954302815300459,0.00027095983709001816,5.15678637300584e-05,0.0003109370665157692,6.0975518383582206e-05,-0.0002539220881640573,-0.00012745201465280218,-0.00011003836758663961,-0.0001272077086405841,6.972567421656207e-05,0.34375
0.0001452909700777156,0.00010660620612014882,0.00018952551307888598,0.00030846181134335703,-0.0008954302815301503,0.0002709598370899005,5.156786372992429e-05,0.00031093706651565156,6.097551838330973e-05,-0.00025392208816417823,-0.00012745201465270994,-0.00011003836758675728,-0.00012720770864063915,6.97256742163776e-05,0.3515625
0.00014529097008025718,0.0001066062061226935,0.00018952551308145673,0.0003084618113458974,-0.0008954302815275443,0.0002709598370924713,5.156786373238036e-05,0.0003109370665182223,6.097551838603645e-05,-0.00025392208816163783,-0.00012745201465012737,-0.0001100383675842126,-0.00012720770863801681,6.972567421905239e-05,0.359375
0.00014529097008112566,0.00010660620612348874,0.00018952551308229823,0.00030846181134676874,-0.0008954302815267986,0.0002709598370933128,5.156786373327809e-05,0.0003109370665190638,6.0975518386887715e-05,-0.0002539220881607665,-0.0001274520146492742,-0.00011003836758341736,-0.00012720770863718507,6.972567421985944e-05,0.3671875
0.00014529097007942647,0.00010660620612169296,0.00018952551308059717,0.0003084618113449644,-0.0008954302815284044,0.0002709598370916117,5.1567863731329856e-05,0.00031093706651736275,6.09755183850729e-05,-0.00025392208816257084,-0.00012745201465114197,-0.00011003836758521314,-0.00012720770863911823,6.972567421813006e-05,0.375
0.00014529097007791626,0.00010660620612041762,0.0001895255130791721,0.00030846181134361024,-0.0008954302815298823,0.00027095983709018664,5.156786373013225e-05,0.0003109370665159377,6.0975518383794317e-05,-0.000253922088163925,-0.00012745201465231795,-0.00011003836758648848,-0.0001272077086402286,6.972567421682724e-05,0.3828125
0.00014529097007699647,0.00010660620612000088,0.00018952551307829067,0.00030846181134270775,-0.0008954302815307093,0.0002709598370893052,5.156786372954774e-05,0.0003109370665150563,6.0975518383343614e-05,-0.0002539220881648275,-0.0001274520146531711,-0.00011003836758690522,-0.00012720770864137936,6.97256742158242e-05,0.390625
0.00014529097007783735,0.0001066062061203732,0.00018952551307902318,0.0003084618113435711,-0.0008954302815299643,0.0002709598370900377,5.156786372999232e-05,0.00031093706651578876,6.09755183838518e-05,-0.00025392208816396415,-0.0001274520146526177,-0.0001100383675865329,-0.00012720770864079145,6.972567421651595e-05,0.3984375
0.000145290970078135,0.00010660620612050932,0.00018952551307939813,0.00030846181134374224,-0.0008954302815294496,0.0002709598370904126,5.156786373033824e-05,0.0003109370665161637,6.097551838406602e-05,-0.00025392208816379306,-0.000127452014652341,-0.00011003836758639678,-0.0001272077086400022,6.972567421693101e-05,0.40625
0.00014529097007802855,0.00010660620612009655,0.00018952551307915418,0.00030846181134347504,-0.0008954302815295856,0.0002709598370901687,5.1567863730093994e-05,0.00031093706651591973,6.097551838382997e-05,-0.0002539220881640602,-0.0001274520146520643,-0.00011003836758680953,-0.00012720770864020788,6.972567421693101e-05,0.4140625
0.00014529097007813779,0.00010660620612025754,0.00018952551307912922,0.00030846181134354503,-0.0008954302815297301,0.00027095983709014376,5.1567863729961823e-05,0.0003109370665158948,6.0975518383674824e-05,-0.0002539220881639902,-0.00012745201465236405,-0.00011003836758664856,-0.0001272077086399697,6.972567421688489e-05,0.421875
0.00014529097007883834,0.00010660620612140189,0.0001895255130802048,0.00030846181134453463,-0.0008954302815289074,0.00027095983709121934,5.156786373112349e-05,0.0003109370665169704,6.097551838479242e-05,-0.0002539220881630006,-0.00012745201465141865,-0.00011003836758550421,-0.00012720770863941495,6.972567421785335e-05,0.4296875
0.00014529097008074006,0.00010660620612323644,0.00018952551308192958,0.0003084618113462575,-0.0008954302815270604,0.0002709598370929441,5.156786373300684e-05,0.00031093706651869513,6.0975518386549484e-05,-0.00025392208816127777,-0.0001274520146497815,-0.00011003836758366966,-0.00012720770863758414,6.972567421937521e-05,0.4375
0.00014529097008197524,0.00010660620612428831,0.00018952551308310612,0.00030846181134758704,-0.0008954302815261079,0.00027095983709412067,5.1567863734205384e-05,0.0003109370665198717,6.097551838754475e-05,-0.0002539220881599482,-0.0001274520146485594,-0.00011003836758261779,-0.0001272077086365491,6.972567422062037e-05,0.4453125
0.00014529097008000055,0.00010660620612248487,0.0001895255130811733,0.0003084618113458167,-0.0008954302815277735,0.0002709598370921878,5.156786373232025e-05,0.00031093706651793884,6.097551838575703e-05,-0.0002539220881617186,-0.00012745201465031185,-0.00011003836758442123,-0.00012720770863837346,6.972567421886792e-05,0.453125
0.0001452909700782076,0.00010660620612042549,0.00018952551307927076,0.0003084618113437686,-0.0008954302815297255,0.0002709598370902853,5.1567863730049535e-05,0.00031093706651603634,6.097551838384128e-05,-0.00025392208816376666,-0.00012745201465243322,-0.00011003836758648061,-0.00012720770864005525,6.972567421683877e-05,0.4609375
0.00014529097007832785,0.00010660620612086966,0.00018952551307963137,0.0003084618113440807,-0.0008954302815294763,0.00027095983709064586,5.156786373048716e-05,0.0003109370665163969,6.097551838419239e-05,-0.0002539220881634546,-0.00012745201465182794,-0.00011003836758603644,-0.00012720770863982347,6.972567421723654e-05,0.46875
0.00014529097007782543,0.00010660620612014522,0.0001895255130790731,0.000308461811343398,-0.0008954302815301154,0.0002709598370900876,5.156786373009974e-05,0.0003109370665158387,6.097551838364556e-05,-0.00025392208816413724,-0.0001274520146526177,-0.00011003836758676088,-0.00012720770864052,6.972567421665431e-05,0.4765625
0.00014529097007754825,0.00010660620612010373,0.0001895255130789256,0.0003084618113432815,-0.0008954302815302184,0.0002709598370899401,5.156786372971048e-05,0.00031093706651569113,6.097551838345686e-05,-0.00025392208816425374,-0.00012745201465280218,-0.00011003836758680235,-0.00012720770864068395,6.972567421642373e-05,0.484375
0.00014529097007856287,0.00010660620612096738,0.0001895255130798144,0.00030846181134424786,-0.0008954302815292206,0.0002709598370908289,5.156786373070412e-05,0.00031093706651657996,6.0975518384354036e-05,-0.0002539220881632874,-0.0001274520146517876,-0.00011003836758593872,-0.0001272077086396421,6.97256742174383e-05,0.4921875
0.0001452909700811018,0.0001066062061235033,0.0001895255130822769,0.00030846181134675904,-0.0008954302815267797,0.0002709598370932914,5.15678637331632e-05,0.00031093706651904245,6.0975518386763967e-05,-0.0002539220881607762,-0.0001274520146491128,-0.0001100383675834028,-0.0001272077086370377,6.972567421988251e-05,0.5
0.0001452909700810642,0.00010660620612327767,0.00018952551308201013,0.0003084618113463586,-0.0008954302815268679,0.00027095983709302465,5.1567863733164326e-05,0.00031093706651877574,6.0975518386582166e-05,-0.00025392208816117667,-0.00012745201464929728,-0.00011003836758362843,-0.00012720770863722513,6.972567421969803e-05,0.5078125
0.00014529097007909324,0.00010660620612154456,0.00018952551308040554,0.0003084618113448411,-0.0008954302815288405,0.0002709598370914201,5.1567863731379106e-05,0.0003109370665171711,6.097551838488579e-05,-0.00025392208816269417,-0.00012745201465132642,-0.00011003836758536154,-0.00012720770863922215,6.972567421785335e-05,0.515625
0.00014529097007716745,0.00010660620611963277,0.00018952551307834035,0.00030846181134279926,-0.000895430281530591,0.00027095983708935484,5.156786372929126e-05,0.0003109370665151059,6.097551838294334e-05,-0.000253922088164736,-0.00012745201465330945,-0.00011003836758727333,-0.00012720770864129482,6.972567421600867e-05,0.5234375
0.00014529097007871979,0.00010660620612102056,0.0001895255130798724,0.0003084618113442211,-0.0008954302815290905,0.00027095983709088693,5.156786373076175e-05,0.00031093706651663796,6.097551838442508e-05,-0.00025392208816331417,-0.00012745201465174148,-0.00011003836758588554,-0.0001272077086396663,6.97256742174383e-05,0.53125
0.00014529097007964548,0.00010660620612206144,0.0001895255130808564,0.00030846181134525677,-0.000895430281528208,0.00027095983709187095,5.1567863731771425e-05,0.000310937066517622,6.097551838537557e-05,-0.0002539220881622785,-0.00012745201465073843,-0.00011003836758484466,-0.00012720770863862576,6.972567421848746e-05,0.5390625
0.00014529097007880744,0.0001066062061211927,0.00018952551308011733,0.0003084618113444901,-0.0008954302815289491,0.00027095983709113185,5.1567863731044264e-05,0.0003109370665168829,6.0975518384541826e-05,-0.0002539220881630452,-0.0001274520146515109,-0.0001100383675857134,-0.0001272077086394085,6.972567421766888e-05,0.546875
0.00014529097007862438,0.00010660620612100132,0.00018952551307978389,0.0003084618113442231,-0.0008954302815291839,0.0002709598370907984,5.156786373069946e-05,0.00031093706651654944,6.097551838442061e-05,-0.00025392208816331217,-0.0001274520146517876,-0.00011003836758590478,-0.00012720770863967746,6.972567421729995e-05,0.5546875
0.00014529097007921781,0.00010660620612167607,0.00018952551308045517,0.00030846181134484027,-0.0008954302815285455,0.0002709598370914697,5.1567863731376145e-05,0.0003109370665172208,6.097551838502355e-05,-0.000253922088162695,-0.0001274520146512342,-0.00011003836758523003,-0.00012720770863904163,6.972567421794558e-05,0.5625
0.00014529097007992442,0.00010660620612228779,0.00018952551308117015,0.00030846181134554164,-0.0008954302815279846,0.00027095983709218466,5.156786373210527e-05,0.0003109370665179357,6.097551838566148e-05,-0.0002539220881619936,-0.00012745201465040408,-0.00011003836758461831,-0.00012720770863842258,6.972567421870651e-05,0.5703125
0.00014529097007911704,0.00010660620612153144,0.00018952551308007795,0.00030846181134463595,-0.0008954302815288342,0.0002709598370910925,5.156786373108529e-05,0.00031093706651684353,6.097551838478281e-05,-0.0002539220881628993,-0.00012745201465137255,-0.00011003836758537466,-0.0001272077086391518,6.972567421776112e-05,0.578125
0.00014529097007867693,0.00010660620612103063,0.00018952551307963326,0.0003084618113441405,-0.0008954302815293557,0.00027095983709064775,5.156786373061061e-05,0.0003109370665163988,6.097551838440345e-05,-0.00025392208816339473,-0.00012745201465192595,-0.00011003836758587547,-0.00012720770863977715,6.97256742174383e-05,0.5859375
0.00014529097007933274,0.00010660620612162148,0.00018952551308041877,0.00030846181134495124,-0.0008954302815284431,0.00027095983709143326,5.1567863731445486e-05,0.00031093706651718435,6.097551838521793e-05,-0.000253922088162584,-0.00012745201465099207,-0.00011003836758528462,-0.00012720770863895137,6.972567421817616e-05,0.59375
0.00014529097007895926,0.0001066062061215163,0.000189525513080279,0.00030846181134471277,-0.0008954302815288563,0.00027095983709129356,5.15678637311691e-05,0.0003109370665170446,6.097551838498757e-05,-0.0002539220881628225,-0.00012745201465137255,-0.0001100383675853898,-0.00012720770863918496,6.972567421794558e-05,0.6015625
0.0001452909700778624,0.00010660620612047964,0.00018952551307927748,0.0003084618113436211,-0.0008954302815297383,0.000270959837090292,5.156786373023414e-05,0.00031093706651604306,6.0975518383786354e-05,-0.00025392208816391417,-0.0001274520146520643,-0.00011003836758642646,-0.00012720770864022894,6.972567421665431e-05,0.609375
0.0001452909700782728,0.0001066062061207141,0.00018952551307956992,0.0003084618113438594,-0.0008954302815295404,0.00027095983709058444,5.1567863730382006e-05,0.00031093706651633547,6.097551838415268e-05,-0.00025392208816367586,-0.00012745201465215653,-0.000110038367586192,-0.0001272077086399528,6.97256742169656e-05,0.6171875
0.0001452909700809628,0.00010660620612350505,0.0001895255130823113,0.0003084618113469338,-0.0008954302815266622,0.00027095983709332584,5.156786373318483e-05,0.0003109370665190769,6.097551838682406e-05,-0.00025392208816060144,-0.00012745201464934338,-0.00011003836758340105,-0.00012720770863737198,6.972567421983639e-05,0.625
0.00014529097008092755,0.00010660620612318876,0.00018952551308201458,0.0003084618113462816,-0.000895430281527089,0.0002709598370930291,5.156786373282764e-05,0.00031093706651878013,6.097551838665829e-05,-0.00025392208816125365,-0.0001274520146496662,-0.00011003836758371734,-0.00012720770863752293,6.972567421951357e-05,0.6328125
0.0001452909700787391,0.00010660620612121798,0.00018952551308011291,0.0003084618113444524,-0.0008954302815289807,0.0002709598370911274,5.156786373098848e-05,0.0003109370665168785,6.097551838461173e-05,-0.00025392208816308286,-0.00012745201465141865,-0.00011003836758568812,-0.00012720770863932583,6.972567421766888e-05,0.640625
0.00014529097007815982,0.00010660620612080412,0.0001895255130793865,0.00030846181134375124,-0.0008954302815296955,0.000270959837090401,5.156786373056512e-05,0.000310937066516152,6.0975518384006454e-05,-0.000253922088163784,-0.0001274520146522718,-0.00011003836758610197,-0.00012720770864026564,6.972567421697713e-05,0.6484375
0.00014529097007882314,0.00010660620612126033,0.00018952551308016618,0.0003084618113442482,-0.000895430281529121,0.0002709598370911807,5.1567863731082116e-05,0.0003109370665169318,6.0975518384568274e-05,-0.00025392208816328707,-0.00012745201465169537,-0.00011003836758564577,-0.00012720770863954478,6.972567421757665e-05,0.65625
0.00014529097007847194,0.00010660620612109163,0.00018952551307972867,0.00030846181134430495,-0.0008954302815293524,0.00027095983709074316,5.1567863730602004e-05,0.00031093706651649425,6.097551838439523e-05,-0.0002539220881632303,-0.00012745201465183371,-0.00011003836758581447,-0.0001272077086397395,6.972567421736912e-05,0.6640625
0.00014529097007805818,0.00010660620612036547,0.00018952551307909124,0.0003084618113437321,-0.000895430281529759,0.00027095983709010576,5.156786373012486e-05,0.00031093706651585685,6.097551838387889e-05,-0.00025392208816380315,-0.0001274520146522142,-0.00011003836758654063,-0.00012720770864009444,6.972567421697136e-05,0.671875
0.00014529097007891177,0.00010660620612135588,0.00018952551308014154,0.000308461811344543,-0.000895430281528871,0.00027095983709115603,5.156786373104374e-05,0.00031093706651690706,6.0975518384655004e-05,-0.0002539220881629923,-0.00012745201465141865,-0.00011003836758555022,-0.00012720770863927728,6.972567421776112e-05,0.6796875
0.0001452909700805028,0.00010660620612328703,0.0001895255130821361,0.00030846181134637035,-0.0008954302815268822,0.0002709598370931506,5.156786373301525e-05,0.0003109370665189016,6.097551838661498e-05,-0.0002539220881611649,-0.0001274520146496662,-0.00011003836758361907,-0.0001272077086372366,6.972567421942133e-05,0.6875
0.00014529097007986305,0.00010660620612260194,0.0001895255130812433,0.0003084618113455005,-0.0008954302815277055,0.0002709598370922578,5.1567863732006907e-05,0.00031093706651800883,6.097551838592983e-05,-0.00025392208816203476,-0.0001274520146504502,-0.00011003836758430416,-0.00012720770863840623,6.972567421877569e-05,0.6953125
0.00014529097007747732,0.00010660620611991512,0.00018952551307870033,0.0003084618113431467,-0.0008954302815301871,0.00027095983708971485,5.156786372967856e-05,0.00031093706651546594,6.097551838342907e-05,-0.00025392208816438856,-0.00012745201465280218,-0.00011003836758699098,-0.00012720770864050715,6.972567421651595e-05,0.703125
0.00014529097007807108,0.00010660620612022338,0.00018952551307929618,0.0003084618113436498,-0.0008954302815298902,0.0002709598370903107,5.156786373005458e-05,0.00031093706651606176,6.0975518383783244e-05,-0.00025392208816388544,-0.00012745201465249088,-0.00011003836758668272,-0.00012720770864036137,6.972567421677536e-05,0.7109375
0.0001452909700796143,0.00010660620612207998,0.00018952551308083806,0.00030846181134516895,-0.0008954302815282643,0.0002709598370918526,5.156786373187366e-05,0.0003109370665176036,6.0975518385332515e-05,-0.0002539220881623663,-0.00012745201465086525,-0.00011003836758482612,-0.00012720770863882693,6.972567421840676e-05,0.71875
0.0001452909700798073,0.00010660620612229263,0.00018952551308104479,0.00030846181134533765,-0.0008954302815280558,0.00027095983709205933,5.1567863731931114e-05,0.00031093706651781037,6.0975518385517114e-05,-0.0002539220881621976,-0.00012745201465065773,-0.00011003836758461347,-0.0001272077086384136,6.972567421856817e-05,0.7265625
0.00014529097007632888,0.00010660620611873275,0.00018952551307751018,0.0003084618113419713,-0.0008954302815314462,0.00027095983708852467,5.156786372846443e-05,0.00031093706651427576,6.097551838214976e-05,-0.00025392208816556395,-0.00012745201465400122,-0.00011003836758817335,-0.00012720770864175804,6.97256742152708e-05,0.734375
0.00014529097007700867,0.0001066062061193741,0.00018952551307805217,0.00030846181134267024,-0.0008954302815307448,0.00027095983708906666,5.156786372905736e-05,0.0003109370665148177,6.097551838272236e-05,-0.000253922088164865,-0.00012745201465326334,-0.000110038367587532,-0.00012720770864123513,6.97256742158242e-05,0.7421875
0.00014529097008078338,0.0001066062061230215,0.00018952551308176773,0.00030846181134637176,-0.0008954302815274133,0.0002709598370927822,5.1567863732728816e-05,0.0003109370665185333,6.0975518386280534e-05,-0.0002539220881611635,-0.00012745201464985068,-0.0001100383675838846,-0.00012720770863754665,6.972567421942133e-05,0.75
0.00014529097008193588,0.0001066062061243516,0.00018952551308321617,0.00030846181134750985,-0.0008954302815259625,0.00027095983709423066,5.156786373409222e-05,0.00031093706651998175,6.0975518387499496e-05,-0.0002539220881600254,-0.00012745201464842105,-0.0001100383675825545,-0.00012720770863637604,6.972567422075872e-05,0.7578125
0.00014529097007896357,0.0001066062061214276,0.00018952551308018604,0.0003084618113446095,-0.0008954302815288247,0.00027095983709120053,5.1567863731129895e-05,0.0003109370665169516,6.097551838477249e-05,-0.00025392208816292576,-0.00012745201465141865,-0.0001100383675854785,-0.0001272077086392942,6.972567421778417e-05,0.765625
0.00014529097007738952,0.00010660620612001707,0.00018952551307869472,0.0003084618113429303,-0.0008954302815303948,0.0002709598370897092,5.156786372970265e-05,0.0003109370665154603,6.097551838323016e-05,-0.00025392208816460497,-0.00012745201465303276,-0.00011003836758688903,-0.00012720770864098818,6.972567421614702e-05,0.7734375
0.00014529097008042003,0.00010660620612308665,0.00018952551308187968,0.00030846181134617465,-0.0008954302815274703,0.00027095983709289417,5.156786373272306e-05,0.00031093706651864526,6.0975518386204234e-05,-0.0002539220881613606,-0.00012745201465031185,-0.00011003836758381945,-0.00012720770863789208,6.972567421914463e-05,0.78125
0.00014529097008188994,0.00010660620612424991,0.00018952551308286822,0.0003084618113470529,-0.0008954302815260213,0.00027095983709388274,5.156786373359234e-05,0.0003109370665196338,6.0975518387146277e-05,-0.00025392208816048235,-0.00012745201464862857,-0.00011003836758265619,-0.00012720770863648812,6.972567422043591e-05,0.7890625
0.00014529097007983974,0.00010660620612213346,0.00018952551308088164,0.0003084618113453935,-0.0008954302815279843,0.00027095983709189616,5.156786373173325e-05,0.0003109370665176472,6.0975518385638456e-05,-0.00025392208816214177,-0.0001274520146507269,-0.00011003836758477264,-0.00012720770863860757,6.972567421849898e-05,0.796875
0.00014529097007793087,0.00010660620611997782,0.00018952551307887806,0.00030846181134369313,-0.0008954302815298015,0.00027095983708989255,5.156786372992514e-05,0.00031093706651564364,6.0975518383699205e-05,-0.0002539220881638421,-0.00012745201465254853,-0.00011003836758692828,-0.00012720770864060632,6.972567421670043e-05,0.8046875
0.0001452909700784308,0.00010660620612093349,0.00018952551307954634,0.00030846181134385815,-0.0008954302815297702,0.00027095983709056085,5.1567863730507225e-05,0.00031093706651631194,6.097551838425652e-05,-0.0002539220881636771,-0.0001274520146520643,-0.00011003836758597261,-0.000127207708640196,6.972567421693101e-05,0.8125
0.00014529097007962474,0.00010660620612194714,0.00018952551308073834,0.000308461811345506,-0.0008954302815279699,0.0002709598370917528,5.1567863731898825e-05,0.0003109370665175039,6.0975518385429835e-05,-0.00025392208816202923,-0.000127452014650773,-0.00011003836758495896,-0.00012720770863884701,6.972567421845288e-05,0.8203125
0.00014529097007768036,0.00010660620611992297,0.00018952551307870315,0.0003084618113432457,-0.0008954302815302102,0.00027095983708971767,5.156786372950858e-05,0.0003109370665154687,6.0975518383349814e-05,-0.0002539220881642896,-0.00012745201465282522,-0.00011003836758698313,-0.00012720770864068745,6.97256742163776e-05,0.828125
0.00014529097007624358,0.00010660620611867206,0.00018952551307748223,0.0003084618113419146,-0.000895430281531501,0.00027095983708849675,5.156786372833282e-05,0.00031093706651424784,6.0975518382085234e-05,-0.00025392208816562065,-0.00012745201465405885,-0.00011003836758823404,-0.00012720770864202034,6.972567421512091e-05,0.8359375
0.00014529097007823306,0.00010660620612065077,0.00018952551307944721,0.00030846181134389,-0.0008954302815295766,0.0002709598370904617,5.1567863730397056e-05,0.00031093706651621274,6.097551838407897e-05,-0.00025392208816364523,-0.0001274520146520643,-0.00011003836758625533,-0.0001272077086399285,6.972567421702324e-05,0.84375
0.00014529097008023504,0.00010660620612257742,0.00018952551308139607,0.00030846181134574265,-0.0008954302815276018,0.0002709598370924106,5.1567863732351425e-05,0.00031093706651816165,6.097551838582751e-05,-0.0002539220881617926,-0.00012745201465040408,-0.00011003836758432868,-0.0001272077086381367,6.972567421886792e-05,0.8515625
0.00014529097008022124,0.00010660620612260706,0.00018952551308146944,0.00030846181134572503,-0.0008954302815273999,0.00027095983709248396,5.156786373213848e-05,0.000310937066518235,6.097551838608045e-05,-0.0002539220881618102,-0.00012745201465012737,-0.00011003836758429904,-0.00012720770863803535,6.972567421905239e-05,0.859375
0.0001452909700796085,0.00010660620612221679,0.00018952551308082776,0.0003084618113452203,-0.000895430281528216,0.0002709598370918422,5.156786373193278e-05,0.0003109370665175933,6.0975518385386115e-05,-0.00025392208816231497,-0.00012745201465068077,-0.00011003836758468931,-0.0001272077086386475,6.972567421849898e-05,0.8671875
0.00014529097008026673,0.00010660620612294298,0.0001895255130815434,0.00030846181134597635,-0.0008954302815275906,0.00027095983709255796,5.156786373254764e-05,0.000310937066518309,6.0975518386045066e-05,-0.0002539220881615589,-0.00012745201465012737,-0.00011003836758396311,-0.00012720770863812876,6.972567421914463e-05,0.875
0.0001452909700801222,0.0001066062061226876,0.00018952551308133985,0.00030846181134571837,-0.0008954302815277497,0.00027095983709235434,5.156786373242386e-05,0.0003109370665181054,6.0975518385771535e-05,-0.0002539220881618169,-0.00012745201465031185,-0.0001100383675842185,-0.00012720770863821625,6.972567421886792e-05,0.8828125
0.00014529097007756118,0.00010660620611998091,0.0001895255130787553,0.00030846181134317434,-0.000895430281530295,0.0002709598370897698,5.15678637296925e-05,0.00031093706651552086,6.0975518383320466e-05,-0.00025392208816436097,-0.00012745201465275604,-0.00011003836758692519,-0.00012720770864079877,6.972567421619313e-05,0.890625
0.00014529097007736727,0.00010660620611993688,0.00018952551307861867,0.0003084618113430291,-0.0008954302815304011,0.0002709598370896332,5.156786372954302e-05,0.00031093706651538425,6.09755183831775e-05,-0.00025392208816450614,-0.00012745201465289442,-0.00011003836758696921,-0.00012720770864083395,6.97256742161009e-05,0.8984375
0.00014529097008110771,0.00010660620612377284,0.00018952551308250374,0.00030846181134690687,-0.0008954302815265961,0.00027095983709351823,5.1567863733405575e-05,0.0003109370665192693,6.097551838694186e-05,-0.0002539220881606284,-0.00012745201464915893,-0.00011003836758313326,-0.0001272077086371971,6.972567421992861e-05,0.90625
0.0001452909700817479,0.0001066062061241641,0.00018952551308297946,0.00030846181134713547,-0.0008954302815260005,0.000270959837093994,5.156786373370661e-05,0.000310937066519745,6.09755183873737e-05,-0.0002539220881603998,-0.00012745201464869774,-0.000110038367582742,-0.00012720770863667753,6.972567422043591e-05,0.9140625
0.00014529097007830847,0.00010660620612065349,0.00018952551307954666,0.0003084618113439835,-0.0008954302815294671,0.0002709598370905612,5.156786373047597e-05,0.0003109370665163122,6.0975518384218036e-05,-0.0002539220881635518,-0.0001274520146520643,-0.00011003836758625261,-0.0001272077086399378,6.972567421702324e-05,0.921875
0.0001452909700766835,0.00010660620611910483,0.0001895255130778268,0.0003084618113423046,-0.0008954302815311516,0.00027095983708884136,5.156786372878305e-05,0.0003109370665145924,6.0975518382498586e-05,-0.00025392208816523066,-0.0001274520146536784,-0.00011003836758780125,-0.00012720770864160043,6.972567421545526e-05,0.9296875
0.00014529097007906665,0.00010660620612151321,0.00018952551308039313,0.0003084618113447099,-0.0008954302815287778,0.0002709598370914076,5.156786373122304e-05,0.0003109370665171587,6.0975518384761025e-05,-0.0002539220881628254,-0.0001274520146512342,-0.00011003836758539288,-0.00012720770863914528,6.972567421803782e-05,0.9375
0.00014529097008079514,0.0001066062061232258,0.0001895255130820022,0.0003084618113464641,-0.000895430281527011,0.0002709598370930167,5.1567863733015235e-05,0.00031093706651876777,6.097551838650663e-05,-0.0002539220881610712,-0.00012745201464957397,-0.0001100383675836803,-0.00012720770863744216,6.972567421979027e-05,0.9453125
0.00014529097007851306,0.00010660620612085454,0.0001895255130797195,0.00030846181134418156,-0.0008954302815293247,0.00027095983709073406,5.1567863730675134e-05,0.0003109370665164851,6.0975518384289146e-05,-0.0002539220881633537,-0.00012745201465194902,-0.00011003836758605156,-0.00012720770863979005,6.972567421739218e-05,0.953125
0.00014529097007658155,0.00010660620611899927,0.0001895255130778351,0.00030846181134215855,-0.0008954302815312663,0.0002709598370888496,5.156786372875002e-05,0.0003109370665146007,6.0975518382353087e-05,-0.0002539220881653767,-0.00012745201465377064,-0.00011003836758790683,-0.0001272077086417496,6.972567421536302e-05,0.9609375
0.00014529097007889367,0.00010660620612132207,0.000189525513080093,0.0003084618113445799,-0.0008954302815288697,0.0002709598370911075,5.156786373099365e-05,0.0003109370665168586,6.0975518384749566e-05,-0.00025392208816295536,-0.00012745201465148783,-0.00011003836758558403,-0.00012720770863941123,6.9725674217715e-05,0.96875
0.00014529097008046362,0.00010660620612299372,0.00018952551308156767,0.00030846181134627434,-0.0008954302815272848,0.0002709598370925822,5.156786373245216e-05,0.0003109370665183332,6.097551838646376e-05,-0.0002539220881612609,-0.00012745201464985068,-0.00011003836758391238,-0.00012720770863780718,6.97256742194444e-05,0.9765625
0.00014529097007873697,0.00010660620612112827,0.00018952551307984254,0.0003084618113444653,-0.0008954302815288776,0.000270959837090857,5.1567863730923904e-05,0.0003109370665166081,6.097551838447041e-05,-0.00025392208816306996,-0.0001274520146515109,-0.00011003836758577784,-0.00012720770863935635,6.972567421773805e-05,0.984375
0.00014529097007750299,0.00010660620611984332,0.00018952551307867174,0.0003084618113431749,-0.000895430281530299,0.0002709598370896863,5.156786372958528e-05,0.0003109370665154373,6.097551838324936e-05,-0.0002539220881643604,-0.00012745201465280218,-0.00011003836758706278,-0.00012720770864076513,6.972567421630842e-05,0.9921875
0.0001452909700796563,0.00010660620612221984,0.00018952551308096252,0.00030846181134532464,-0.0008954302815281575,0.00027095983709197704,5.156786373192395e-05,0.0003109370665177281,6.097551838549432e-05,-0.0002539220881622106,-0.00012745201465068077,-0.00011003836758468626,-0.00012720770863864758,6.972567421845288e-05,1.0
0.0001452909700817372,0.0001066062061243283,0.00018952551308308046,0.00030846181134740956,-0.0008954302815260958,0.000270959837094095,5.156786373396352e-05,0.00031093706651984606,6.097551838759562e-05,-0.0002539220881601257,-0.00012745201464865163,-0.0001100383675825778,-0.00012720770863660518,6.972567422043591e-05,1.0078125
0.00014529097008074326,0.00010660620612335049,0.00018952551308200466,0.00030846181134648034,-0.0008954302815269769,0.0002709598370930192,5.15678637328914e-05,0.0003109370665187702,6.097551838665322e-05,-0.0002539220881610549,-0.00012745201464957397,-0.00011003836758355561,-0.00012720770863758096,6.972567421951357e-05,1.015625
0.000145290970078786,0.00010660620612127497,0.00018952551308005084,0.0003084618113444695,-0.0008954302815289979,0.0002709598370910654,5.156786373096439e-05,0.0003109370665168164,6.097551838461824e-05,-0.0002539220881630658,-0.0001274520146515109,-0.00011003836758563113,-0.0001272077086395026,6.972567421766888e-05,1.0234375
0.00014529097007911468,0.00010660620612169133,0.0001895255130805136,0.0003084618113448007,-0.0008954302815286079,0.0002709598370915281,5.1567863731437395e-05,0.00031093706651727916,6.097551838495232e-05,-0.00025392208816273456,-0.00012745201465104973,-0.00011003836758521477,-0.0001272077086391187,6.972567421803782e-05,1.03125
0.00014529097007975758,0.0001066062061223526,0.0001895255130811127,0.0003084618113454684,-0.0008954302815279926,0.0002709598370921272,5.156786373192035e-05,0.0003109370665178783,6.0975518385605713e-05,-0.00025392208816206685,-0.00012745201465051936,-0.0001100383675845535,-0.00012720770863845857,6.97256742186604e-05,1.0390625
0.00014529097007773303,0.00010660620612024806,0.00018952551307901508,0.0003084618113435447,-0.0008954302815300457,0.0002709598370900296,5.156786373010664e-05,0.00031093706651578063,6.097551838358221e-05,-0.00025392208816399055,-0.0001274520146525716,-0.00011003836758665804,-0.0001272077086403767,6.972567421670043e-05,1.046875
0.00014529097007677023,0.00010660620611926364,0.00018952551307807123,0.0003084618113425269,-0.0008954302815311085,0.00027095983708908574,5.1567863728913576e-05,0.00031093706651483683,6.0975518382527026e-05,-0.00025392208816500835,-0.00012745201465354003,-0.00011003836758764246,-0.00012720770864139367,6.97256742155475e-05,1.0546875
0.00014529097007811196,0.00010660620612040508,0.00018952551307947288,0.0003084618113437003,-0.000895430281530049,0.00027095983709048735,5.1567863730237977e-05,0.00031093706651623843,6.0975518383653865e-05,-0.00025392208816383497,-0.00012745201465252546,-0.00011003836758650103,-0.0001272077086403398,6.972567421674653e-05,1.0625
0.0001452909700803768,0.00010660620612282969,0.00018952551308159364,0.00030846181134599543,-0.0008954302815274579,0.00027095983709260815,5.1567863732551115e-05,0.00031093706651835924,6.097551838618273e-05,-0.0002539220881615398,-0.00012745201465003516,-0.00011003836758407641,-0.0001272077086379815,6.972567421914463e-05,1.0703125
0.00014529097007963084,0.00010660620612226147,0.00018952551308085733,0.0003084618113452336,-0.0008954302815280133,0.0002709598370918718,5.1567863731868854e-05,0.0003109370665176229,6.0975518385652124e-05,-0.00025392208816230164,-0.00012745201465058856,-0.00011003836758464463,-0.00012720770863846234,6.972567421849898e-05,1.078125
0.00014529097007800465,0.0001066062061202903,0.0001895255130790667,0.0003084618113436571,-0.00089543028152993,0.00027095983709008126,5.156786372996117e-05,0.0003109370665158323,6.097551838379842e-05,-0.0002539220881638782,-0.000127452014652341,-0.0001100383675866158,-0.00012720770864005154,6.972567421683877e-05,1.0859375
0.00014529097007772964,0.0001066062061200039,0.00018952551307881263,0.0003084618113433286,-0.0008954302815301678,0.0002709598370898271,5.156786372979149e-05,0.0003109370665155782,6.097551838347184e-05,-0.00025392208816420663,-0.00012745201465275604,-0.00011003836758690221,-0.00012720770864060204,6.972567421646983e-05,1.09375
0.00014529097007888312,0.00010660620612119497,0.00018952551308001455,0.0003084618113445299,-0.0008954302815288495,0.00027095983709102907,5.156786373098101e-05,0.0003109370665167801,6.0975518384593536e-05,-0.00025392208816300534,-0.00012745201465137255,-0.00011003836758571113,-0.00012720770863927378,6.972567421776112e-05,1.1015625
0.00014529097007909115,0.00010660620612171495,0.0001895255130801383,0.0003084618113447324,-0.0008954302815287032,0.00027095983709115283,5.156786373122284e-05,0.00031093706651690386,6.097551838493608e-05,-0.00025392208816280286,-0.00012745201465122266,-0.00011003836758519115,-0.00012720770863918436,6.972567421787641e-05,1.109375
0.00014529097007868515,0.00010660620612094377,0.00018952551307980253,0.00030846181134428397,-0.0008954302815292048,0.00027095983709081705,5.1567863730585457e-05,0.0003109370665165681,6.097551838450013e-05,-0.0002539220881632513,-0.0001274520146517876,-0.00011003836758596233,-0.00012720770863962745,6.972567421748441e-05,1.1171875
0.00014529097007996697,0.00010660620612239062,0.0001895255130811619,0.00030846181134558647,-0.0008954302815278967,0.0002709598370921764,5.156786373204979e-05,0.00031093706651792746,6.097551838573587e-05,-0.0002539220881619488,-0.00012745201465040408,-0.00011003836758451548,-0.000127207708638352,6.972567421872958e-05,1.125
0.00014529097008146504,0.00010660620612396566,0.00018952551308264594,0.0003084618113468953,-0.0008954302815264475,0.0002709598370936604,5.156786373353043e-05,0.0003109370665194115,6.097551838709879e-05,-0.00025392208816064,-0.00012745201464904363,-0.00011003836758294044,-0.00012720770863701203,6.972567422009002e-05,1.1328125
0.00014529097008032644,0.00010660620612279558,0.0001895255130815923,0.000308461811345953,-0.0008954302815275867,0.0002709598370926068,5.156786373247664e-05,0.0003109370665183579,6.0975518386100326e-05,-0.00025392208816158227,-0.0001274520146501735,-0.00011003836758411052,-0.00012720770863800557,6.972567421907545e-05,1.140625
0.0001452909700769102,0.00010660620611948722,0.0001895255130782343,0.00030846181134260345,-0.0008954302815309108,0.0002709598370892488,5.156786372913138e-05,0.00031093706651499984,6.0975518382802495e-05,-0.0002539220881649318,-0.00012745201465349393,-0.00011003836758741888,-0.00012720770864130845,6.972567421573196e-05,1.1484375
0.00014529097007758303,0.00010660620611990249,0.00018952551307878097,0.00030846181134314425,-0.0008954302815301871,0.00027095983708979546,5.156786372975564e-05,0.00031093706651554655,6.097551838344636e-05,-0.000253922088164391,-0.0001274520146526177,-0.00011003836758700361,-0.0001272077086407782,6.972567421646983e-05,1.15625
0.00014529097008049088,0.00010660620612287254,0.000189525513081634,0.0003084618113461983,-0.0008954302815273349,0.0002709598370926485,5.156786373267389e-05,0.0003109370665183995,6.0975518386195214e-05,-0.00025392208816133697,-0.00012745201464998903,-0.00011003836758403356,-0.0001272077086378211,6.972567421932909e-05,1.1640625
0.00014529097008047945,0.00010660620612299757,0.00018952551308186317,0.0003084618113461397,-0.0008954302815273599,0.0002709598370928777,5.156786373283447e-05,0.0003109370665186288,6.097551838637223e-05,-0.00025392208816139557,-0.00012745201464985068,-0.00011003836758390854,-0.00012720770863762615,6.972567421914463e-05,1.171875
0.00014529097007691787,0.00010660620611943475,0.0001895255130781069,0.0003084618113424695,-0.0008954302815309715,0.00027095983708912136,5.1567863729259274e-05,0.00031093706651487245,6.0975518382636375e-05,-0.00025392208816506576,-0.00012745201465335558,-0.00011003836758747135,-0.0001272077086413395,6.972567421563973e-05,1.1796875
0.00014529097007756072,0.00010660620611993398,0.00018952551307879726,0.00030846181134306803,-0.0008954302815303413,0.0002709598370898118,5.1567863729752755e-05,0.0003109370665155628,6.097551838322027e-05,-0.0002539220881644672,-0.00012745201465282522,-0.00011003836758697212,-0.00012720770864070694,6.972567421642373e-05,1.1875
0.00014529097008039214,0.00010660620612288994,0.0001895255130815701,0.00030846181134613725,-0.0008954302815274111,0.0002709598370925846,5.1567863732614236e-05,0.00031093706651833566,6.097551838620587e-05,-0.000253922088161398,-0.0001274520146498968,-0.00011003836758401614,-0.00012720770863775194,6.972567421928298e-05,1.1953125
0.00014529097008075868,0.0001066062061230365,0.00018952551308184295,0.0003084618113463932,-0.0008954302815271178,0.00027095983709285747,5.156786373276945e-05,0.00031093706651860855,6.097551838651203e-05,-0.0002539220881611421,-0.0001274520146496662,-0.0001100383675838696,-0.00012720770863757004,6.972567421962886e-05,1.203125
0.0001452909700780847,0.00010660620612022277,0.00018952551307915152,0.0003084618113435101,-0.0008954302815298126,0.00027095983709016604,5.1567863729951964e-05,0.0003109370665159171,6.0975518383761235e-05,-0.00025392208816402514,-0.00012745201465229488,-0.00011003836758668333,-0.00012720770864030592,6.972567421690794e-05,1.2109375
0.0001452909700772828,0.00010660620611946145,0.00018952551307838995,0.00030846181134280766,-0.0008954302815306726,0.0002709598370894045,5.156786372930213e-05,0.00031093706651515553,6.097551838292739e-05,-0.0002539220881647276,-0.000127452014653125,-0.00011003836758744465,-0.00012720770864117962,6.972567421619313e-05,1.21875
0.0001452909700790529,0.00010660620612163139,0.0001895255130803376,0.0003084618113446734,-0.0008954302815286231,0.0002709598370913521,5.156786373121919e-05,0.00031093706651710314,6.097551838485099e-05,-0.00025392208816286184,-0.0001274520146512342,-0.00011003836758527471,-0.0001272077086391734,6.972567421785335e-05,1.2265625
0.00014529097007993027,0.00010660620612238902,0.00018952551308112559,0.00030846181134557314,-0.0008954302815278408,0.0002709598370921401,5.15678637321171e-05,0.00031093706651789114,6.09755183857573e-05,-0.0002539220881619621,-0.00012745201465040408,-0.00011003836758451708,-0.00012720770863835378,6.972567421872958e-05,1.234375
0.00014529097007913037,0.00010660620612156823,0.00018952551308034932,0.00030846181134483995,-0.0008954302815286311,0.00027095983709136387,5.156786373136511e-05,0.0003109370665171149,6.097551838493935e-05,-0.0002539220881626953,-0.000127452014651165,-0.00011003836758533787,-0.00012720770863907684,6.972567421793406e-05,1.2421875
0.00014529097007901068,0.0001066062061214764,0.0001895255130801876,0.00030846181134462815,-0.000895430281528698,0.00027095983709120216,5.1567863731088005e-05,0.0003109370665169532,6.0975518384807774e-05,-0.0002539220881629071,-0.00012745201465135526,-0.0001100383675854297,-0.0001272077086391765,6.972567421787065e-05,1.25
0.00014529097007965976,0.00010660620612216034,0.00018952551308084285,0.0003084618113453511,-0.0008954302815281747,0.00027095983709185734,5.156786373176976e-05,0.00031093706651760843,6.097551838548352e-05,-0.00025392208816218416,-0.00012745201465074997,-0.00011003836758474576,-0.00012720770863856482,6.972567421847593e-05,1.2578125
0.0001452909700793024,0.00010660620612162927,0.00018952551308040456,0.0003084618113449114,-0.0008954302815285804,0.00027095983709141905,5.156786373134453e-05,0.00031093706651717014,6.097551838505432e-05,-0.00025392208816262386,-0.00012745201465104973,-0.00011003836758527683,-0.0001272077086389358,6.972567421814158e-05,1.265625
0.0001452909700789333,0.00010660620612119272,0.0001895255130800375,0.00030846181134452515,-0.0008954302815289418,0.00027095983709105205,5.1567863731043e-05,0.0003109370665168031,6.097551838462815e-05,-0.0002539220881630101,-0.00012745201465141865,-0.00011003836758571338,-0.00012720770863942386,6.972567421776112e-05,1.2734375
0.000145290970079879,0.00010660620612232779,0.00018952551308110455,0.0003084618113455042,-0.0008954302815279587,0.00027095983709211907,5.156786373205877e-05,0.0003109370665178701,6.097551838566472e-05,-0.0002539220881620311,-0.00012745201465049632,-0.00011003836758457831,-0.00012720770863839555,6.972567421868346e-05,1.28125
0.00014529097007916957,0.00010660620612175,0.0001895255130805502,0.00030846181134487936,-0.0008954302815284377,0.0002709598370915647,5.156786373141601e-05,0.0003109370665173158,6.0975518384963507e-05,-0.0002539220881626559,-0.00012745201465109583,-0.0001100383675851561,-0.00012720770863905665,6.972567421794558e-05,1.2890625
0.00014529097007702502,0.0001066062061194477,0.00018952551307840925,0.0003084618113425473,-0.0008954302815306445,0.00027095983708942374,5.1567863729184356e-05,0.0003109370665151748,6.097551838287037e-05,-0.00025392208816498796,-0.00012745201465330945,-0.0001100383675874584,-0.00012720770864117626,6.97256742161009e-05,1.296875
0.0001452909700774295,0.00010660620612032436,0.00018952551307885275,0.00030846181134305595,-0.0008954302815301176,0.0002709598370898673,5.156786372967375e-05,0.0003109370665156183,6.097551838340751e-05,-0.0002539220881644793,-0.00012745201465284828,-0.00011003836758658174,-0.00012720770864078028,6.97256742163776e-05,1.3046875
0.00014529097007917908,0.0001066062061219629,0.00018952551308053383,0.00030846181134473396,-0.0008954302815286735,0.0002709598370915484,5.156786373163849e-05,0.00031093706651729943,6.09755183849182e-05,-0.0002539220881628013,-0.00012745201465117078,-0.00011003836758494319,-0.00012720770863938996,6.972567421802053e-05,1.3125
0.00014529097008161217,0.000106606206124056,0.00018952551308284432,0.0003084618113472077,-0.0008954302815262816,0.00027095983709385884,5.156786373376724e-05,0.00031093706651960987,6.0975518387442345e-05,-0.0002539220881603276,-0.00012745201464881305,-0.0001100383675828501,-0.00012720770863673979,6.972567422038979e-05,1.3203125
0.0001452909700805154,0.00010660620612306548,0.00018952551308192315,0.0003084618113463089,-0.0008954302815271938,0.00027095983709293764,5.156786373283641e-05,0.00031093706651868873,6.0975518386447745e-05,-0.0002539220881612264,-0.00012745201464996596,-0.00011003836758384062,-0.00012720770863785272,6.972567421928298e-05,1.328125
0.0001452909700790919,0.00010660620612148696,0.00018952551308021006,0.0003084618113445702,-0.0008954302815287683,0.00027095983709122455,5.156786373096675e-05,0.00031093706651697564,6.097551838462245e-05,-0.00025392208816296506,-0.00012745201465132642,-0.00011003836758541914,-0.0001272077086393037,6.972567421785335e-05,1.3359375
0.00014529097007862223,0.00010660620612090766,0.0001895255130799876,0.00030846181134440995,-0.0008954302815291134,0.0002709598370910021,5.156786373069916e-05,0.0003109370665167532,6.097551838443662e-05,-0.0002539220881631253,-0.00012745201465169537,-0.00011003836758599844,-0.00012720770863953968,6.972567421766888e-05,1.34375
0.0001452909700775464,0.00010660620611959968,0.0001895255130782664,0.0003084618113431844,-0.0008954302815301849,0.0002709598370892809,5.15678637296062e-05,0.00031093706651503193,6.0975518383201624e-05,-0.00025392208816435083,-0.00012745201465280218,-0.00011003836758730642,-0.0001272077086408709,6.97256742163776e-05,1.3515625
0.00014529097007689968,0.00010660620611903658,0.00018952551307796858,0.00030846181134230356,-0.0008954302815308486,0.00027095983708898307,5.156786372882589e-05,0.0003109370665147341,6.097551838272092e-05,-0.0002539220881652317,-0.00012745201465344782,-0.00011003836758786952,-0.0001272077086416315,6.97256742155475e-05,1.359375
0.00014529097007889575,0.00010660620612126799,0.00018952551308003198,0.00030846181134444925,-0.0008954302815289646,0.00027095983709104647,5.15678637310422e-05,0.00031093706651679756,6.0975518384761655e-05,-0.000253922088163086,-0.00012745201465141865,-0.00011003836758563811,-0.00012720770863932347,6.972567421766888e-05,1.3671875
0.00014529097008158295,0.00010660620612439101,0.00018952551308292338,0.0003084618113470493,-0.000895430281526018,0.00027095983709393793,5.1567863733910894e-05,0.00031093706651968896,6.097551838737152e-05,-0.000253922088160486,-0.00012745201464874387,-0.00011003836758251509,-0.00012720770863675293,6.972567422038979e-05,1.375
0.00014529097008045703,0.0001066062061230088,0.00018952551308187762,0.00030846181134609583,-0.0008954302815272907,0.0002709598370928921,5.1567863732594395e-05,0.0003109370665186432,6.097551838640826e-05,-0.0002539220881614394,-0.00012745201464985068,-0.0001100383675838973,-0.0001272077086378697,6.972567421932909e-05,1.3828125
0.0001452909700766677,0.0001066062061193531,0.00018952551307816086,0.00030846181134248495,-0.000895430281530959,0.00027095983708917535,5.15678637290594e-05,0.00031093706651492644,6.097551838258607e-05,-0.0002539220881650503,-0.0001274520146534017,-0.000110038367587553,-0.00012720770864148098,6.972567421563973e-05,1.390625
0.0001452909700761682,0.0001066062061186994,0.0001895255130772582,0.0003084618113417609,-0.0008954302815319152,0.0002709598370882727,5.156786372818256e-05,0.0003109370665140238,6.097551838203995e-05,-0.00025392208816577434,-0.00012745201465432404,-0.0001100383675882067,-0.0001272077086420484,6.972567421485574e-05,1.3984375
0.0001452909700793756,0.00010660620612186438,0.00018952551308071245,0.0003084618113450151,-0.0008954302815283735,0.00027095983709172697,5.156786373170564e-05,0.000310937066517478,6.0975518385168976e-05,-0.00025392208816252016,-0.00012745201465091138,-0.00011003836758504172,-0.00012720770863873014,6.972567421813006e-05,1.40625
0.00014529097008206832,0.00010660620612459661,0.00018952551308332568,0.00030846181134771736,-0.0008954302815258472,0.00027095983709434017,5.156786373429102e-05,0.0003109370665200912,6.097551838785404e-05,-0.0002539220881598179,-0.00012745201464846716,-0.00011003836758230947,-0.00012720770863623485,6.972567422089708e-05,1.4140625
0.0001452909700797257,0.00010660620612206575,0.00018952551308081109,0.00030846181134539706,-0.000895430281528167,0.00027095983709182563,5.1567863731765265e-05,0.00031093706651757667,6.0975518385468636e-05,-0.0002539220881621382,-0.00012745201465068077,-0.00011003836758484035,-0.00012720770863872876,6.972567421849898e-05,1.421875
0.0001452909700775659,0.00010660620612003894,0.00018952551307887866,0.0003084618113431873,-0.0008954302815302481,0.00027095983708989315,5.156786372981171e-05,0.00031093706651564424,6.097551838336091e-05,-0.00025392208816434796,-0.00012745201465275604,-0.00011003836758686716,-0.0001272077086406127,6.972567421646983e-05,1.4296875
0.00014529097007841114,0.00010660620612076336,0.0001895255130795322,0.000308461811344004,-0.0008954302815293862,0.0002709598370905467,5.156786373039877e-05,0.00031093706651629774,6.0975518384239666e-05,-0.00025392208816353123,-0.00012745201465187982,-0.00011003836758614274,-0.0001272077086398731,6.972567421711547e-05,1.4375
0.00014529097007982215,0.00010660620612220024,0.0001895255130809394,0.0003084618113454583,-0.0008954302815280767,0.00027095983709195395,5.1567863731911185e-05,0.000310937066517705,6.097551838554621e-05,-0.00025392208816207694,-0.00012745201465058856,-0.00011003836758470586,-0.00012720770863846893,6.972567421868346e-05,1.4453125
0.00014529097007859624,0.0001066062061211575,0.000189525513080013,0.00030846181134438783,-0.0008954302815289782,0.00027095983709102755,5.1567863730883985e-05,0.0003109370665167786,6.09755183844247e-05,-0.0002539220881631474,-0.00012745201465160313,-0.0001100383675857486,-0.0001272077086396614,6.972567421748441e-05,1.453125
0.00014529097007810193,0.0001066062061204787,0.00018952551307924498,0.00030846181134368825,-0.0008954302815297373,0.0002709598370902595,5.1567863730264716e-05,0.00031093706651601054,6.097551838389169e-05,-0.000253922088163847,-0.00012745201465229488,-0.00011003836758642738,-0.00012720770864011114,6.972567421697713e-05,1.4609375
0.0001452909700801738,0.0001066062061225974,0.00018952551308135603,0.0003084618113457665,-0.0008954302815276022,0.00027095983709237055,5.1567863732234284e-05,0.00031093706651812164,6.097551838603786e-05,-0.00025392208816176875,-0.00012745201465018502,-0.0001100383675843087,-0.0001272077086381504,6.972567421902933e-05,1.46875
0.00014529097008067308,0.00010660620612302067,0.00018952551308180728,0.000308461811346296,-0.0008954302815271317,0.0002709598370928218,5.156786373271649e-05,0.00031093706651857283,6.097551838646417e-05,-0.0002539220881612393,-0.00012745201464980455,-0.00011003836758388543,-0.0001272077086377319,6.972567421942133e-05,1.4765625
0.00014529097007879446,0.00010660620612133997,0.0001895255130800235,0.0003084618113444222,-0.0008954302815289922,0.00027095983709103796,5.156786373088417e-05,0.00031093706651678905,6.097551838453824e-05,-0.00025392208816311305,-0.00012745201465168672,-0.00011003836758556613,-0.00012720770863952345,6.972567421752765e-05,1.484375
0.00014529097007764794,0.0001066062061202048,0.000189525513079158,0.00030846181134354416,-0.0008954302815298213,0.0002709598370901725,5.1567863729792254e-05,0.0003109370665159236,6.097551838369098e-05,-0.0002539220881639911,-0.0001274520146526177,-0.00011003836758670129,-0.0001272077086406377,6.972567421660819e-05,1.4921875
0.0001452909700790809,0.0001066062061220019,0.00018952551308074048,0.00030846181134477793,-0.000895430281528657,0.000270959837091755,5.156786373188935e-05,0.0003109370665175061,6.097551838506439e-05,-0.0002539220881627573,-0.00012745201465130338,-0.0001100383675849042,-0.00012720770863907678,6.972567421796865e-05,1.5
0.00014529097008139503,0.00010660620612411649,0.00018952551308284285,0.0003084618113470313,-0.0008954302815263641,0.0002709598370938573,5.156786373368777e-05,0.0003109370665196084,6.097551838716397e-05,-0.000253922088160504,-0.00012745201464902056,-0.00011003836758278961,-0.00012720770863687938,6.972567422025143e-05,1.5078125
0.00014529097008001378,0.00010660620612259348,0.00018952551308120568,0.0003084618113457031,-0.0008954302815277591,0.00027095983709222017,5.156786373223161e-05,0.00031093706651797126,6.0975518385843865e-05,-0.00025392208816183223,-0.00012745201465040408,-0.00011003836758431262,-0.0001272077086382802,6.97256742188218e-05,1.515625
0.0001452909700765721,0.00010660620611911738,0.00018952551307765766,0.0003084618113421796,-0.0008954302815311478,0.0002709598370886721,5.156786372894348e-05,0.0003109370665144232,6.097551838247792e-05,-0.00025392208816535567,-0.00012745201465358616,-0.00011003836758778872,-0.00012720770864143926,6.972567421555902e-05,1.5234375
0.00014529097007564572,0.0001066062061175598,0.0001895255130763755,0.00030846181134125644,-0.0008954302815323677,0.00027095983708739,5.156786372745223e-05,0.0003109370665131411,6.097551838144151e-05,-0.0002539220881662788,-0.00012745201465464687,-0.0001100383675893463,-0.00012720770864247752,6.972567421439457e-05,1.53125
0.00014529097007680403,0.00010660620611901082,0.0001895255130778199,0.000308461811342491,-0.0008954302815310194,0.0002709598370888344,5.1567863728789354e-05,0.0003109370665145855,6.097551838256122e-05,-0.00025392208816504423,-0.0001274520146535631,-0.00011003836758789527,-0.00012720770864144625,6.97256742155936e-05,1.5390625
0.0001452909700798384,0.00010660620612228064,0.00018952551308101912,0.00030846181134545013,-0.0008954302815280099,0.0002709598370920336,5.1567863731968526e-05,0.00031093706651778467,6.097551838558192e-05,-0.0002539220881620851,-0.00012745201465058856,-0.00011003836758462546,-0.000127207708638524,6.97256742185451e-05,1.546875
0.0001452909700807654,0.0001066062061234611,0.00018952551308206757,0.00030846181134641345,-0.0008954302815270751,0.00027095983709308206,5.156786373307953e-05,0.00031093706651883315,6.097551838656491e-05,-0.0002539220881611218,-0.00012745201464955093,-0.000110038367583445,-0.00012720770863755418,6.972567421967498e-05,1.5546875
0.00014529097008045947,0.0001066062061229827,0.00018952551308170398,0.00030846181134612196,-0.0008954302815274051,0.0002709598370927185,5.1567863732731804e-05,0.00031093706651846956,6.097551838617202e-05,-0.00025392208816141335,-0.00012745201464985068,-0.0001100383675839234,-0.00012720770863779623,6.972567421923686e-05,1.5625
0.00014529097007981684,0.00010660620612226866,0.0001895255130810001,0.000308461811345318,-0.0008954302815280576,0.00027095983709201466,5.1567863731912534e-05,0.0003109370665177657,6.097551838551688e-05,-0.00025392208816221723,-0.00012745201465068077,-0.00011003836758463744,-0.00012720770863847966,6.972567421849898e-05,1.5703125
0.00014529097007978382,0.00010660620612225535,0.00018952551308100838,0.00030846181134526414,-0.0008954302815281723,0.0002709598370920229,5.156786373174104e-05,0.00031093706651777394,6.097551838545208e-05,-0.0002539220881622711,-0.00012745201465070384,-0.00011003836758465075,-0.00012720770863861738,6.972567421845288e-05,1.578125
0.00014529097007927438,0.00010660620612201119,0.0001895255130808505,0.00030846181134467536,-0.0008954302815286883,0.00027095983709186504,5.1567863731222175e-05,0.0003109370665176161,6.09755183854121e-05,-0.0002539220881628599,-0.00012745201465114197,-0.00011003836758489492,-0.0001272077086389047,6.972567421794558e-05,1.5859375
0.0001452909700797209,0.00010660620612195527,0.00018952551308056774,0.0003084618113450505,-0.0008954302815283035,0.00027095983709158223,5.1567863731946435e-05,0.0003109370665173333,6.097551838502784e-05,-0.00025392208816248476,-0.0001274520146509575,-0.00011003836758495083,-0.00012720770863883232,6.972567421840676e-05,1.59375
0.00014529097008087304,0.00010660620612332894,0.0001895255130821452,0.00030846181134652593,-0.000895430281527,0.00027095983709315974,5.156786373305383e-05,0.0003109370665189108,6.097551838663844e-05,-0.0002539220881610093,-0.00012745201464948175,-0.00011003836758357716,-0.00012720770863737445,6.972567421974415e-05,1.6015625
0.00014529097008090914,0.00010660620612332083,0.0001895255130821774,0.0003084618113465663,-0.0008954302815267296,0.0002709598370931919,5.1567863733023366e-05,0.0003109370665189429,6.097551838683868e-05,-0.00025392208816096894,-0.00012745201464929728,-0.00011003836758358527,-0.0001272077086372394,6.972567421988251e-05,1.609375
0.00014529097007837235,0.00010660620612091205,0.00018952551307971593,0.00030846181134400506,-0.0008954302815291967,0.0002709598370907304,5.1567863730670167e-05,0.00031093706651648146,6.097551838433826e-05,-0.0002539220881635302,-0.00012745201465187982,-0.00011003836758599405,-0.00012720770863990433,6.972567421725383e-05,1.6171875
0.00014529097007602712,0.00010660620611857552,0.00018952551307722566,0.00030846181134170123,-0.0008954302815316567,0.0002709598370882402,5.156786372820154e-05,0.00031093706651399126,6.097551838196851e-05,-0.000253922088165834,-0.00012745201465437015,-0.00011003836758833058,-0.00012720770864222653,6.972567421480962e-05,1.625
0.0001452909700774532,0.00010660620611971833,0.00018952551307859606,0.0003084618113431086,-0.0008954302815303478,0.00027095983708961055,5.156786372953516e-05,0.00031093706651536164,6.0975518383215854e-05,-0.00025392208816442667,-0.00012745201465275604,-0.00011003836758718777,-0.00012720770864064085,6.972567421642373e-05,1.6328125
0.00014529097007935852,0.00010660620612173436,0.0001895255130807102,0.0003084618113449659,-0.0008954302815284167,0.00027095983709172475,5.156786373195004e-05,0.0003109370665174758,6.097551838549218e-05,-0.0002539220881625694,-0.000127452014650773,-0.00011003836758517173,-0.00012720770863849286,6.972567421840676e-05,1.640625
0.000145290970077889,0.00010660620612015677,0.00018952551307907853,0.0003084618113437869,-0.0008954302815293617,0.000270959837090093,5.156786373031143e-05,0.0003109370665158441,6.097551838362736e-05,-0.00025392208816374834,-0.00012745201465215653,-0.00011003836758674933,-0.00012720770863990292,6.972567421711547e-05,1.6484375
0.00014529097007729552,0.00010660620611965356,0.00018952551307828568,0.0003084618113428709,-0.0008954302815305643,0.0002709598370893002,5.156786372931088e-05,0.0003109370665150513,6.0975518383113864e-05,-0.00025392208816466433,-0.0001274520146531711,-0.00011003836758725254,-0.0001272077086411596,6.972567421603172e-05,1.65625
0.0001452909700785774,0.00010660620612093036,0.0001895255130797139,0.00030846181134415885,-0.0008954302815292865,0.0002709598370907284,5.156786373059776e-05,0.00031093706651647945,6.097551838432852e-05,-0.0002539220881633764,-0.00012745201465187982,-0.00011003836758597574,-0.00012720770863979455,6.972567421734606e-05,1.6640625
0.00014529097008016627,0.00010660620612272971,0.000189525513081459,0.0003084618113459168,-0.0008954302815275397,0.00027095983709247355,5.1567863732454336e-05,0.00031093706651822464,6.097551838606297e-05,-0.00025392208816161853,-0.00012745201465003516,-0.00011003836758417639,-0.00012720770863796957,6.972567421919075e-05,1.671875
0.00014529097007977737,0.00010660620612219732,0.00018952551308101928,0.0003084618113455301,-0.000895430281527891,0.0002709598370920338,5.156786373202501e-05,0.00031093706651778483,6.097551838554058e-05,-0.00025392208816200516,-0.00012745201465068077,-0.00011003836758470878,-0.00012720770863839582,6.972567421849898e-05,1.6796875
0.00014529097007857353,0.00010660620612136092,0.00018952551308013116,0.0003084618113444593,-0.0008954302815289819,0.0002709598370911457,5.156786373102427e-05,0.0003109370665168967,6.097551838459716e-05,-0.000253922088163076,-0.000127452014651557,-0.00011003836758554518,-0.00012720770863955147,6.9725674217323e-05,1.6875
0.00014529097008002105,0.0001066062061225684,0.00018952551308146497,0.00030846181134578114,-0.0008954302815277975,0.0002709598370924795,5.156786373210384e-05,0.00031093706651823055,6.0975518385942846e-05,-0.0002539220881617541,-0.00012745201465040408,-0.0001100383675843377,-0.00012720770863837943,6.972567421891404e-05,1.6953125
0.0001452909700805004,0.0001066062061232506,0.0001895255130823223,0.00030846181134611166,-0.0008954302815269382,0.0002709598370933368,5.156786373293759e-05,0.0003109370665190879,6.0975518386322615e-05,-0.0002539220881614236,-0.0001274520146498622,-0.0001100383675836555,-0.000127207708637817,6.972567421933198e-05,1.703125
0.00014529097007899647,0.0001066062061218041,0.00018952551308066198,0.000308461811344894,-0.0008954302815290441,0.0002709598370916765,5.156786373136476e-05,0.0003109370665174276,6.0975518385223505e-05,-0.00025392208816264126,-0.00012745201465130338,-0.000110038367585102,-0.00012720770863930062,6.972567421803782e-05,1.7109375
0.0001452909700793178,0.00010660620612191605,0.00018952551308065756,0.00030846181134504014,-0.0008954302815285924,0.0002709598370916721,5.1567863731540144e-05,0.00031093706651742314,6.097551838484762e-05,-0.0002539220881624951,-0.00012745201465121114,-0.00011003836758499005,-0.0001272077086389797,6.972567421815311e-05,1.71875
0.00014529097008075768,0.000106606206123221,0.0001895255130819588,0.0003084618113462723,-0.0008954302815271146,0.0002709598370929733,5.1567863732876064e-05,0.0003109370665187244,6.0975518386467756e-05,-0.00025392208816126297,-0.0001274520146496201,-0.00011003836758368508,-0.00012720770863762845,6.97256742194444e-05,1.7265625
0.000145290970080569,0.00010660620612305186,0.00018952551308184845,0.000308461811345906,-0.0008954302815271212,0.000270959837092863,5.1567863732623926e-05,0.00031093706651861403,6.097551838623633e-05,-0.00025392208816162927,-0.0001274520146496201,-0.00011003836758385424,-0.0001272077086376062,6.972567421990556e-05,1.734375
0.00014529097007730246,0.0001066062061195865,0.00018952551307811486,0.00030846181134280224,-0.0008954302815303826,0.00027095983708912933,5.156786372903954e-05,0.0003109370665148804,6.097551838314234e-05,-0.000253922088164733,-0.00012745201465289442,-0.0001100383675873196,-0.00012720770864014624,6.972567421614702e-05,1.7421875
0.00014529097007544696,0.00010660620611713915,0.00018952551307576543,0.00030846181134085295,-0.0008954302815326612,0.0002709598370867799,5.156786372719816e-05,0.000310937066512531,6.097551838092061e-05,-0.0002539220881666823,-0.0001274520146555231,-0.00011003836758976695,-0.00012720770864336123,6.972567421388728e-05,1.75
0.00014529097007701854,0.00010660620611933543,0.00018952551307795305,0.00030846181134287505,-0.0008954302815310737,0.0002709598370889675,5.1567863728952994e-05,0.0003109370665147186,6.097551838250829e-05,-0.0002539220881646602,-0.0001274520146534017,-0.00011003836758757067,-0.00012720770864131157,6.972567421577808e-05,1.7578125
0.0001452909700806251,0.00010660620612310376,0.0001895255130818842,0.0003084618113462869,-0.0008954302815271382,0.0002709598370928987,5.1567863732843145e-05,0.00031093706651864975,6.097551838648786e-05,-0.00025392208816124833,-0.00012745201464975844,-0.00011003836758380234,-0.00012720770863752104,6.972567421946745e-05,1.765625
0.0001452909700798158,0.00010660620612200129,0.0001895255130811079,0.00030846181134535543,-0.0008954302815283936,0.00027095983709212243,5.156786373169563e-05,0.00031093706651787347,6.0975518385472004e-05,-0.0002539220881621798,-0.000127452014650773,-0.00011003836758490481,-0.00012720770863856507,6.972567421845288e-05,1.7734375
0.00014529097007695533,0.00010660620611943371,0.00018952551307813948,0.00030846181134252924,-0.0008954302815308306,0.000270959837089154,5.156786372910776e-05,0.00031093706651490503,6.097551838262519e-05,-0.000253922088165006,-0.0001274520146533671,-0.00011003836758747239,-0.00012720770864134385,6.972567421580114e-05,1.78125
0.00014529097007713788,0.00010660620611963606,0.00018952551307827842,0.0003084618113428362,-0.0008954302815306431,0.00027095983708929293,5.156786372924505e-05,0.00031093706651504397,6.0975518382848946e-05,-0.0002539220881646991,-0.00012745201465344782,-0.00011003836758727004,-0.00012720770864138773,6.972567421596255e-05,1.7890625
0.00014529097007971546,0.00010660620612239426,0.00018952551308097775,0.0003084618113453105,-0.0008954302815278357,0.00027095983709199227,5.156786373213149e-05,0.0003109370665177433,6.0975518385524446e-05,-0.00025392208816222477,-0.00012745201465068077,-0.00011003836758451184,-0.0001272077086384166,6.972567421849898e-05,1.796875
0.00014529097008047842,0.00010660620612285372,0.00018952551308171103,0.00030846181134588983,-0.000895430281527599,0.00027095983709272557,5.1567863732702964e-05,0.0003109370665184766,6.0975518386332264e-05,-0.0002539220881616454,-0.00012745201465003516,-0.00011003836758405238,-0.00012720770863798843,6.972567421923686e-05,1.8046875
0.00014529097007966573,0.00010660620612208227,0.00018952551308085145,0.0003084618113452841,-0.0008954302815281745,0.00027095983709186596,5.156786373176296e-05,0.00031093706651761705,6.097551838543021e-05,-0.00025392208816225117,-0.0001274520146507269,-0.00011003836758482383,-0.00012720770863862112,6.972567421849898e-05,1.8125
0.00014529097007919613,0.00010660620612168602,0.00018952551308053608,0.00030846181134485664,-0.0008954302815285747,0.00027095983709155057,5.1567863731373915e-05,0.00031093706651730166,6.097551838504514e-05,-0.0002539220881626786,-0.000127452014651165,-0.00011003836758522008,-0.00012720770863906998,6.972567421801477e-05,1.8203125
0.0001452909700804647,0.00010660620612286739,0.00018952551308167614,0.00030846181134605046,-0.0008954302815274294,0.0002709598370926906,5.156786373252324e-05,0.0003109370665184417,6.097551838622663e-05,-0.0002539220881614848,-0.00012745201465008126,-0.00011003836758403871,-0.00012720770863788348,6.972567421909851e-05,1.828125
0.0001452909700806817,0.00010660620612300074,0.00018952551308177258,0.0003084618113462635,-0.0008954302815271122,0.0002709598370927871,5.1567863732760014e-05,0.00031093706651853814,6.097551838639886e-05,-0.00025392208816127175,-0.00012745201464968927,-0.00011003836758390536,-0.00012720770863765526,6.972567421960579e-05,1.8359375
0.00014529097007964803,0.00010660620612224898,0.00018952551308099998,0.000308461811345444,-0.0008954302815280164,0.0002709598370920145,5.156786373189762e-05,0.00031093706651776553,6.097551838557094e-05,-0.00025392208816209125,-0.00012745201465049632,-0.00011003836758465712,-0.00012720770863850945,6.972567421859122e-05,1.84375
0.00014529097007952454,0.00010660620612201238,0.00018952551308075913,0.0003084618113452055,-0.0008954302815282167,0.00027095983709177364,5.156786373161052e-05,0.0003109370665175247,6.097551838534567e-05,-0.00025392208816232977,-0.000127452014650773,-0.00011003836758489372,-0.00012720770863865205,6.972567421831452e-05,1.8515625
0.00014529097007898875,0.00010660620612139352,0.00018952551308015493,0.0003084618113445348,-0.0008954302815289061,0.0002709598370911694,5.1567863731102594e-05,0.0003109370665169205,6.097551838478536e-05,-0.00025392208816300046,-0.00012745201465141865,-0.00011003836758551259,-0.00012720770863923093,6.972567421785335e-05,1.859375
0.00014529097007733548,0.00010660620611978434,0.0001895255130785901,0.0003084618113430113,-0.000895430281530409,0.0002709598370896046,5.156786372938066e-05,0.0003109370665153557,6.0975518383043906e-05,-0.000253922088164524,-0.00012745201465307887,-0.00011003836758712176,-0.0001272077086410342,6.972567421623925e-05,1.8671875
0.00014529097007616915,0.00010660620611872784,0.00018952551307753856,0.00030846181134186186,-0.0008954302815315895,0.0002709598370885531,5.1567863728378306e-05,0.0003109370665143041,6.0975518381893304e-05,-0.0002539220881656734,-0.0001274520146542318,-0.00011003836758817826,-0.00012720770864207894,6.97256742149941e-05,1.875
0.00014529097007697265,0.00010660620611938046,0.00018952551307831154,0.0003084618113426425,-0.0008954302815309062,0.00027095983708932606,5.156786372922037e-05,0.00031093706651507715,6.0975518382725246e-05,-0.00025392208816489277,-0.00012745201465344782,-0.00011003836758752564,-0.00012720770864141104,6.972567421596255e-05,1.8828125
0.00014529097007932732,0.00010660620612174581,0.00018952551308047374,0.0003084618113449763,-0.0008954302815285412,0.0002709598370914882,5.156786373151983e-05,0.0003109370665172393,6.097551838508852e-05,-0.000253922088162559,-0.00012745201465114197,-0.00011003836758516029,-0.00012720770863894787,6.972567421813006e-05,1.890625
0.0001452909700812058,0.00010660620612364349,0.00018952551308222863,0.00030846181134665013,-0.0008954302815267404,0.0002709598370932431,5.156786373320987e-05,0.0003109370665189942,6.097551838689932e-05,-0.0002539220881608851,-0.00012745201464929728,-0.00011003836758326261,-0.00012720770863723212,6.972567421988251e-05,1.8984375
0.0001452909700806771,0.00010660620612298382,0.00018952551308158813,0.00030846181134610673,-0.0008954302815272121,0.0002709598370926026,5.156786373275541e-05,0.00031093706651835366,6.0975518386268195e-05,-0.00025392208816142853,-0.00012745201464985068,-0.00011003836758392226,-0.00012720770863761682,6.972567421932909e-05,1.90625
0.0001452909700782477,0.00010660620612083866,0.00018952551307969119,0.00030846181134403053,-0.0008954302815294638,0.0002709598370907057,5.156786373030139e-05,0.00031093706651645674,6.097551838421701e-05,-0.0002539220881635047,-0.00012745201465187982,-0.00011003836758606744,-0.00012720770863986682,6.972567421729995e-05,1.9140625
0.0001452909700768004,0.00010660620611920425,0.00018952551307794654,0.0003084618113425274,-0.0008954302815308962,0.00027095983708896106,5.156786372880372e-05,0.0003109370665147121,6.097551838266311e-05,-0.00025392208816500786,-0.00012745201465358616,-0.00011003836758770185,-0.0001272077086413871,6.972567421563973e-05,1.921875
0.00014529097007755695,0.00010660620611995593,0.0001895255130788228,0.0003084618113433161,-0.0008954302815302274,0.0002709598370898373,5.156786372983686e-05,0.00031093706651558835,6.097551838342403e-05,-0.00025392208816421916,-0.0001274520146526177,-0.00011003836758695017,-0.0001272077086405339,6.972567421656207e-05,1.9296875
0.00014529097008039062,0.00010660620612295974,0.0001895255130817257,0.000308461811345925,-0.0008954302815274341,0.0002709598370927402,5.1567863732633094e-05,0.00031093706651849124,6.097551838616841e-05,-0.0002539220881616103,-0.00012745201464994292,-0.00011003836758394636,-0.00012720770863779528,6.972567421919075e-05,1.9375
0.00014529097008177873,0.00010660620612451657,0.00018952551308335376,0.0003084618113476602,-0.0008954302815257463,0.00027095983709436825,5.15678637343758e-05,0.00031093706652011934,6.097551838774559e-05,-0.00025392208815987503,-0.00012745201464846716,-0.00011003836758238953,-0.00012720770863650834,6.97256742206665e-05,1.9453125
0.00014529097008018284,0.00010660620612338029,0.00018952551308163692,0.0003084618113457834,-0.000895430281527431,0.00027095983709265147,5.156786373240167e-05,0.0003109370665184025,6.097551838627544e-05,-0.00025392208816175184,-0.00012745201465010433,-0.00011003836758352581,-0.00012720770863801072,6.972567421914463e-05,1.953125
0.00014529097007898138,0.00010660620612170982,0.00018952551308064686,0.0003084618113444472,-0.0008954302815284976,0.0002709598370916614,5.1567863731291645e-05,0.0003109370665174124,6.097551838502379e-05,-0.00025392208816308806,-0.00012745201465132642,-0.00011003836758519628,-0.0001272077086393329,6.972567421776112e-05,1.9609375
0.00014529097007853466,0.0001066062061210274,0.0001895255130799296,0.00030846181134411396,-0.0008954302815291284,0.0002709598370909441,5.1567863730768436e-05,0.0003109370665166952,6.097551838449241e-05,-0.0002539220881634213,-0.00012745201465169537,-0.0001100383675858787,-0.00012720770863966534,6.972567421729995e-05,1.96875
0.0001452909700782049,0.00010660620612081238,0.0001895255130795191,0.00030846181134397725,-0.000895430281529411,0.00027095983709053364,5.15678637304689e-05,0.0003109370665162847,6.097551838412271e-05,-0.000253922088163558,-0.00012745201465215653,-0.00011003836758609372,-0.0001272077086399322,6.972567421711547e-05,1.9765625
0.0001452909700774336,0.00010660620611983098,0.000189525513078653,0.0003084618113430988,-0.0008954302815303546,0.0002709598370896675,5.156786372970249e-05,0.00031093706651541856,6.097551838317754e-05,-0.00025392208816443643,-0.00012745201465294052,-0.00011003836758707512,-0.00012720770864085759,6.97256742163776e-05,1.984375
0.000145290970078172,0.00010660620612056982,0.0001895255130793038,0.00030846181134373265,-0.0008954302815297312,0.0002709598370903183,5.1567863730301816e-05,0.00031093706651606935,6.0975518383901104e-05,-0.0002539220881638026,-0.00012745201465224877,-0.00011003836758633628,-0.00012720770864007203,6.972567421693101e-05,1.9921875
0.00014529097007933344,0.0001066062061215031,0.00018952551308050133,0.00030846181134474817,-0.0008954302815286148,0.0002709598370915159,5.156786373141089e-05,0.0003109370665172669,6.097551838487366e-05,-0.0002539220881627871,-0.0001274520146509575,-0.000110038367585403,-0.00012720770863901843,6.972567421803782e-05,2.0
0.00014529097008061383,0.00010660620612282733,0.00018952551308152333,0.0003084618113463017,-0.0008954302815271873,0.00027095983709253784,5.1567863732769026e-05,0.00031093706651828893,6.097551838623672e-05,-0.00025392208816123353,-0.00012745201464975844,-0.00011003836758407877,-0.0001272077086377841,6.972567421951357e-05,2.0078125
0.00014529097007973636,0.00010660620612219952,0.0001895255130808265,0.00030846181134542715,-0.00089543028152798,0.000270959837091841,5.1567863731920855e-05,0.00031093706651759206,6.097551838564189e-05,-0.0002539220881621081,-0.00012745201465054243,-0.00011003836758470658,-0.00012720770863837541,6.972567421859122e-05,2.015625
0.0001452909700790946,0.0001066062061215517,0.000189525513080255,0.00030846181134470117,-0.0008954302815286226,0.0002709598370912695,5.156786373114934e-05,0.0003109370665170206,6.0975518384798464e-05,-0.0002539220881628341,-0.0001274520146512342,-0.0001100383675853544,-0.00012720770863906123,6.972567421785335e-05,2.0234375
0.0001452909700780924,0.00010660620612042816,0.00018952551307916944,0.0003084618113435947,-0.0008954302815299057,0.00027095983709018393,5.156786373001219e-05,0.000310937066515935,6.097551838375825e-05,-0.00025392208816394057,-0.00012745201465238712,-0.00011003836758647795,-0.0001272077086404054,6.972567421674653e-05,2.03125
0.0001452909700782164,0.0001066062061206296,0.00018952551307937202,0.0003084618113438871,-0.0008954302815295762,0.0002709598370903865,5.156786373040722e-05,0.0003109370665161376,6.0975518383989656e-05,-0.00025392208816364816,-0.0001274520146520182,-0.00011003836758627649,-0.00012720770864004723,6.972567421697713e-05,2.0390625
0.00014529097007968375,0.00010660620612222536,0.0001895255130808775,0.0003084618113453247,-0.0008954302815280632,0.000270959837091892,5.156786373185841e-05,0.00031093706651764307,6.097551838546573e-05,-0.00025392208816221056,-0.00012745201465068077,-0.00011003836758468074,-0.00012720770863857,6.972567421849898e-05,2.046875
0.0001452909700794872,0.00010660620612204908,0.00018952551308069022,0.0003084618113451877,-0.0008954302815283438,0.00027095983709170474,5.1567863731572196e-05,0.0003109370665174558,6.0975518385311034e-05,-0.00025392208816234755,-0.00012745201465088832,-0.00011003836758485702,-0.00012720770863880132,6.972567421830299e-05,2.0546875
0.000145290970079257,0.0001066062061218003,0.00018952551308050477,0.00030846181134493633,-0.000895430281528404,0.0002709598370915193,5.156786373145498e-05,0.0003109370665172703,6.0975518385136335e-05,-0.0002539220881625989,-0.0001274520146510728,-0.00011003836758510579,-0.0001272077086390206,6.972567421811852e-05,2.0625
0.00014529097007911544,0.00010660620612163867,0.00018952551308038952,0.00030846181134479576,-0.0008954302815286423,0.00027095983709140404,5.156786373127006e-05,0.0003109370665171551,6.09755183850316e-05,-0.0002539220881627395,-0.00012745201465121114,-0.00011003836758526743,-0.00012720770863912332,6.972567421801477e-05,2.0703125
0.00014529097007933204,0.00010660620612175209,0.00018952551308059327,0.0003084618113449861,-0.0008954302815284179,0.00027095983709160776,5.156786373155104e-05,0.00031093706651735885,6.0975518385088685e-05,-0.00025392208816254916,-0.0001274520146510036,-0.00011003836758515401,-0.0001272077086388608,6.972567421822228e-05,2.078125
0.0001452909700790505,0.00010660620612139383,0.00018952551308021635,0.00030846181134467986,-0.0008954302815288497,0.0002709598370912309,5.1567863731203045e-05,0.0003109370665169819,6.097551838479818e-05,-0.0002539220881628554,-0.00012745201465132642,-0.00011003836758551227,-0.0001272077086392247,6.972567421789946e-05,2.0859375
0.00014529097007778412,0.00010660620612018058,0.00018952551307898998,0.0003084618113434407,-0.0008954302815299585,0.0002709598370900045,5.1567863730101475e-05,0.00031093706651575553,6.097551838354989e-05,-0.0002539220881640946,-0.00012745201465247936,-0.00011003836758672552,-0.00012720770864046375,6.972567421670043e-05,2.09375
0.0001452909700775869,0.00010660620612007418,0.00018952551307884968,0.0003084618113431363,-0.000895430281530271,0.0002709598370898642,5.1567863729841836e-05,0.00031093706651561524,6.097551838331194e-05,-0.000253922088164399,-0.00012745201465280218,-0.00011003836758683192,-0.00012720770864055246,6.972567421646983e-05,2.1015625
0.0001452909700798727,0.00010660620612239856,0.00018952551308112632,0.00030846181134547567,-0.000895430281527903,0.0002709598370921408,5.156786373213774e-05,0.0003109370665178919,6.097551838573795e-05,-0.0002539220881620596,-0.00012745201465049632,-0.00011003836758450754,-0.00012720770863841374,6.972567421868346e-05,2.109375
0.00014529097008000953,0.00010660620612267022,0.00018952551308143038,0.000308461811345908,-0.0008954302815276091,0.0002709598370924449,5.156786373231713e-05,0.00031093706651819596,6.097551838614077e-05,-0.00025392208816162726,-0.0001274520146501735,-0.00011003836758423588,-0.0001272077086381738,6.972567421902933e-05,2.1171875
0.00014529097007951787,0.00010660620612201354,0.00018952551308083253,0.0003084618113452156,-0.0008954302815282416,0.00027095983709184704,5.156786373166975e-05,0.00031093706651759813,6.0975518385514064e-05,-0.00025392208816231963,-0.00012745201465079608,-0.00011003836758489256,-0.00012720770863865058,6.972567421836064e-05,2.125
0.00014529097007993182,0.00010660620612240155,0.00018952551308085822,0.0003084618113453326,-0.000895430281527761,0.00027095983709187274,5.1567863731786265e-05,0.0003109370665176238,6.097551838561739e-05,-0.00025392208816220265,-0.00012745201465070384,-0.00011003836758450455,-0.00012720770863840276,6.972567421847593e-05,2.1328125
0.0001452909700790782,0.0001066062061217094,0.00018952551308042562,0.0003084618113450369,-0.0008954302815284984,0.00027095983709144014,5.156786373132837e-05,0.00031093706651719123,6.097551838496314e-05,-0.00025392208816249836,-0.00012745201465118807,-0.0001100383675851967,-0.00012720770863909795,6.97256742179917e-05,2.140625
0.00014529097007894812,0.00010660620612143526,0.00018952551308015577,0.00030846181134452526,-0.0008954302815289227,0.0002709598370911703,5.156786373109364e-05,0.0003109370665169214,6.097551838475447e-05,-0.00025392208816301,-0.00012745201465141865,-0.00011003836758547084,-0.00012720770863933675,6.972567421776112e-05,2.1484375
0.00014529097007819113,0.00010660620612058916,0.000189525513079306,0.0003084618113438716,-0.0008954302815299879,0.0002709598370903205,5.156786373016338e-05,0.0003109370665160716,6.097551838375087e-05,-0.00025392208816366367,-0.00012745201465224877,-0.00011003836758631694,-0.00012720770864026328,6.972567421697713e-05,2.15625
0.00014529097007925373,0.00010660620612160821,0.00018952551308024188,0.000308461811344845,-0.0008954302815286763,0.0002709598370912564,5.156786373144368e-05,0.00031093706651700746,6.097551838489769e-05,-0.00025392208816269027,-0.00012745201465104973,-0.00011003836758529787,-0.00012720770863896183,6.972567421808394e-05,2.1640625
0.0001452909700804709,0.00010660620612283057,0.00018952551308159288,0.0003084618113461279,-0.0008954302815273637,0.0002709598370926074,5.1567863732696906e-05,0.0003109370665183585,6.0975518386167486e-05,-0.00025392208816140733,-0.00012745201465003516,-0.00011003836758407553,-0.0001272077086377574,6.972567421932909e-05,2.171875
0.0001452909700802284,0.0001066062061226724,0.00018952551308148522,0.0003084618113458943,-0.0008954302815276937,0.00027095983709249973,5.156786373254012e-05,0.00031093706651825077,6.097551838595869e-05,-0.000253922088161641,-0.0001274520146502196,-0.0001100383675842337,-0.00012720770863805503,6.972567421914463e-05,2.1796875
0.00014529097007875112,0.00010660620612121195,0.00018952551307995438,0.000308461811344374,-0.0008954302815290845,0.0002709598370909689,5.1567863730915515e-05,0.00031093706651671993,6.097551838453247e-05,-0.00025392208816316125,-0.00012745201465164924,-0.00011003836758569415,-0.00012720770863952906,6.972567421753053e-05,2.1875
0.00014529097007766215,0.00010660620611998451,0.00018952551307878983,0.00030846181134335226,-0.0008954302815300835,0.00027095983708980435,5.156786372978075e-05,0.0003109370665155554,6.0975518383467945e-05,-0.000253922088164183,-0.0001274520146526177,-0.00011003836758692159,-0.0001272077086405054,6.972567421656207e-05,2.1953125
0.00014529097007731127,0.00010660620611953956,0.0001895255130783237,0.0003084618113428746,-0.0008954302815304305,0.0002709598370893382,5.1567863729458727e-05,0.0003109370665150893,6.0975518382934585e-05,-0.00025392208816466064,-0.00012745201465307887,-0.00011003836758736654,-0.0001272077086409504,6.972567421600867e-05,2.203125
0.00014529097007743555,0.00010660620611994234,0.0001895255130787733,0.00030846181134304977,-0.0008954302815302653,0.0002709598370897878,5.156786372953701e-05,0.00031093706651553885,6.097551838336887e-05,-0.0002539220881644855,-0.00012745201465280218,-0.00011003836758696376,-0.00012720770864070452,6.972567421628537e-05,2.2109375
0.00014529097007897018,0.00010660620612149032,0.00018952551308011858,0.0003084618113443645,-0.0008954302815287654,0.0002709598370911331,5.156786373102681e-05,0.00031093706651688413,6.09755183847453e-05,-0.00025392208816317073,-0.00012745201465141865,-0.00011003836758541578,-0.00012720770863940194,6.972567421766888e-05,2.21875
0.00014529097008007095,0.0001066062061226033,0.00018952551308129575,0.00030846181134569554,-0.0008954302815276602,0.00027095983709231027,5.156786373218108e-05,0.0003109370665180613,6.097551838595568e-05,-0.0002539220881618397,-0.00012745201465031185,-0.0001100383675843028,-0.00012720770863830413,6.972567421886792e-05,2.2265625
0.0001452909700796314,0.00010660620612195466,0.00018952551308062997,0.0003084618113451699,-0.0008954302815283097,0.00027095983709164446,5.156786373170246e-05,0.00031093706651739555,6.097551838522308e-05,-0.00025392208816236533,-0.00012745201465093442,-0.00011003836758495144,-0.00012720770863883387,6.972567421817616e-05,2.234375
0.00014529097007855518,0.00010660620612123032,0.00018952551307992958,0.0003084618113442891,-0.0008954302815290475,0.00027095983709094407,5.156786373083519e-05,0.00031093706651669515,6.0975518384400175e-05,-0.00025392208816324614,-0.00012745201465192595,-0.00011003836758567577,-0.00012720770863955015,6.972567421734606e-05,2.2421875
0.0001452909700781033,0.00010660620612065443,0.00018952551307944082,0.0003084618113437433,-0.0008954302815295834,0.00027095983709045536,5.156786373047989e-05,0.0003109370665162064,6.097551838408964e-05,-0.000253922088163792,-0.0001274520146522257,-0.00011003836758625167,-0.00012720770864007875,6.972567421698865e-05,2.25
0.00014529097007954226,0.00010660620612207757,0.0001895255130808006,0.00030846181134520353,-0.0008954302815283143,0.00027095983709181506,5.156786373177135e-05,0.00031093706651756615,6.097551838523115e-05,-0.0002539220881623317,-0.00012745201465081914,-0.00011003836758482853,-0.00012720770863882354,6.972567421836064e-05,2.2578125
0.0001452909700815295,0.00010660620612394615,0.00018952551308267735,0.0003084618113471713,-0.0008954302815262664,0.00027095983709369187,5.156786373373277e-05,0.00031093706651944296,6.0975518387291465e-05,-0.00025392208816036395,-0.00012745201464892835,-0.00011003836758295995,-0.00012720770863671528,6.972567422015921e-05,2.265625
0.00014529097008237553,0.00010660620612477578,0.0001895255130835117,0.0003084618113480785,-0.0008954302815255093,0.0002709598370945262,5.156786373458843e-05,0.00031093706652027725,6.0975518388042566e-05,-0.0002539220881594568,-0.000127452014648006,-0.00011003836758213032,-0.0001272077086359735,6.972567422117378e-05,2.2734375
0.00014529097007951068,0.0001066062061220745,0.0001895255130807529,0.0003084618113450826,-0.0008954302815282736,0.0002709598370917674,5.156786373154891e-05,0.0003109370665175185,6.0975518385275974e-05,-0.00025392208816245267,-0.00012745201465086525,-0.0001100383675848316,-0.00012720770863867766,6.972567421836064e-05,2.28125
0.00014529097007722727,0.00010660620611936218,0.00018952551307824757,0.00030846181134280945,-0.000895430281530573,0.0002709598370892621,5.156786372918003e-05,0.0003109370665150131,6.097551838282814e-05,-0.0002539220881647258,-0.00012745201465330945,-0.00011003836758754392,-0.00012720770864118648,6.972567421600867e-05,2.2890625
0.00014529097007703263,0.0001066062061193993,0.00018952551307828479,0.00030846181134269935,-0.0008954302815307763,0.00027095983708929933,5.156786372927589e-05,0.00031093706651505037,6.097551838282578e-05,-0.0002539220881648359,-0.00012745201465330945,-0.00011003836758750679,-0.0001272077086412307,6.972567421587031e-05,2.296875
0.00014529097007904472,0.00010660620612164867,0.00018952551308050973,0.0003084618113447103,-0.0008954302815287011,0.0002709598370915242,5.156786373132837e-05,0.0003109370665172753,6.097551838492628e-05,-0.000253922088162825,-0.0001274520146512342,-0.00011003836758525743,-0.00012720770863912565,6.972567421795711e-05,2.3046875
0.00014529097007803986,0.0001066062061208518,0.0001895255130792111,0.0003084618113436992,-0.0008954302815297729,0.0002709598370902256,5.1567863730361515e-05,0.00031093706651597665,6.097551838404146e-05,-0.00025392208816383605,-0.00012745201465220264,-0.0001100383675860543,-0.00012720770863983285,6.97256742171616e-05,2.3125
0.00014529097007677036,0.00010660620611914775,0.00018952551307823966,0.0003084618113425207,-0.0008954302815310102,0.0002709598370892542,5.156786372913129e-05,0.00031093706651500526,6.0975518383029303e-05,-0.0002539220881650146,-0.00012745201465344782,-0.00011003836758775835,-0.00012720770864146688,6.972567421568585e-05,2.3203125
0.00014529097007779886,0.00010660620612012302,0.00018952551307892793,0.00030846181134358227,-0.0008954302815301293,0.0002709598370899424,5.156786372991833e-05,0.00031093706651569346,6.097551838351411e-05,-0.000253922088163953,-0.00012745201465252546,-0.00011003836758678308,-0.00012720770864041371,6.972567421660819e-05,2.328125
0.00014529097008001755,0.00010660620612253412,0.00018952551308118774,0.00030846181134565304,-0.0008954302815278082,0.0002709598370922023,5.1567863732240545e-05,0.0003109370665179533,6.097551838579306e-05,-0.0002539220881618822,-0.00012745201465026574,-0.00011003836758437198,-0.00012720770863826529,6.972567421891404e-05,2.3359375
0.00014529097007961368,0.0001066062061220426,0.00018952551308086066,0.0003084618113452463,-0.000895430281528306,0.0002709598370918752,5.156786373178236e-05,0.00031093706651762627,6.097551838537486e-05,-0.00025392208816228895,-0.00012745201465085373,-0.0001100383675848635,-0.00012720770863880096,6.97256742183491e-05,2.34375
0.0001452909700781436,0.00010660620612062285,0.00018952551307934142,0.00030846181134377683,-0.0008954302815296353,0.0002709598370903559,5.156786373021092e-05,0.000310937066516107,6.097551838400245e-05,-0.0002539220881637584,-0.0001274520146522257,-0.00011003836758628325,-0.0001272077086401673,6.972567421690794e-05,2.3515625
0.00014529097008001327,0.00010660620612243486,0.00018952551308122465,0.00030846181134566096,-0.0008954302815277747,0.00027095983709223915,5.156786373218489e-05,0.0003109370665179902,6.0975518385816686e-05,-0.0002539220881618743,-0.00012745201465028878,-0.00011003836758447124,-0.00012720770863819205,6.972567421891404e-05,2.359375
0.0001452909700815104,0.00010660620612395548,0.00018952551308274574,0.00030846181134713715,-0.0008954302815263499,0.0002709598370937602,5.1567863733618465e-05,0.0003109370665195113,6.097551838725509e-05,-0.0002539220881603981,-0.00012745201464874387,-0.00011003836758295062,-0.0001272077086367151,6.972567422034367e-05,2.3671875
0.0001452909700804246,0.0001066062061228364,0.00018952551308167284,0.0003084618113459227,-0.000895430281527479,0.0002709598370926874,5.1567863732690625e-05,0.00031093706651843844,6.0975518386015806e-05,-0.00025392208816161257,-0.00012745201465008126,-0.0001100383675840697,-0.00012720770863797895,6.972567421914463e-05,2.375
0.0001452909700784936,0.00010660620612121301,0.00018952551307954186,0.0003084618113442164,-0.0008954302815292109,0.0002709598370905564,5.156786373095457e-05,0.00031093706651630744,6.097551838448785e-05,-0.00025392208816331883,-0.0001274520146521104,-0.00011003836758569309,-0.00012720770864006734,6.972567421729995e-05,2.3828125
0.00014529097007932458,0.00010660620612212244,0.00018952551308107926,0.00030846181134509294,-0.0008954302815281093,0.00027095983709209375,5.156786373170823e-05,0.00031093706651784484,6.09755183855767e-05,-0.0002539220881624423,-0.0001274520146507269,-0.00011003836758478365,-0.0001272077086388193,6.972567421822228e-05,2.390625
0.0001452909700809563,0.00010660620612345433,0.00018952551308216566,0.0003084618113465405,-0.0008954302815267102,0.0002709598370931802,5.1567863733100026e-05,0.0003109370665189312,6.0975518386779145e-05,-0.00025392208816099474,-0.00012745201464925114,-0.00011003836758345177,-0.0001272077086372494,6.972567421983639e-05,2.3984375
0.00014529097007968088,0.00010660620612208186,0.00018952551308091034,0.00030846181134531477,-0.0008954302815280456,0.00027095983709192484,5.1567863731802555e-05,0.00031093706651767587,6.097551838553568e-05,-0.0002539220881622205,-0.00012745201465063467,-0.00011003836758482424,-0.00012720770863867801,6.972567421859122e-05,2.40625
0.0001452909700777292,0.00010660620611977358,0.00018952551307871752,0.00030846181134318795,-0.0008954302815302486,0.0002709598370897321,5.156786372947824e-05,0.0003109370665154831,6.097551838316486e-05,-0.0002539220881643473,-0.00012745201465294052,-0.00011003836758713252,-0.00012720770864066975,6.972567421628537e-05,2.4140625
0.00014529097007801275,0.00010660620612035288,0.00018952551307918392,0.00030846181134364326,-0.000895430281529825,0.00027095983709019846,5.1567863730135486e-05,0.0003109370665159495,6.097551838390956e-05,-0.000253922088163892,-0.00012745201465250242,-0.00011003836758655322,-0.00012720770864029716,6.972567421688489e-05,2.421875
0.0001452909700802766,0.00010660620612271947,0.00018952551308146,0.0003084618113458846,-0.0008954302815275737,0.0002709598370924745,5.156786373235367e-05,0.0003109370665182256,6.097551838603783e-05,-0.0002539220881616507,-0.00012745201465012737,-0.00011003836758418663,-0.00012720770863795686,6.97256742192138e-05,2.4296875
0.00014529097007865202,0.00010660620612106691,0.00018952551307984536,0.0003084618113442992,-0.0008954302815291544,0.00027095983709085993,5.156786373078862e-05,0.00031093706651661097,6.097551838448339e-05,-0.00025392208816323606,-0.00012745201465160313,-0.00011003836758583919,-0.0001272077086395942,6.972567421762276e-05,2.4375
0.00014529097007504125,0.00010660620611728078,0.0001895255130761316,0.00030846181134063416,-0.0008954302815327805,0.0002709598370871461,5.156786372710193e-05,0.00031093706651289714,6.09755183807904e-05,-0.0002539220881669011,-0.00012745201465529248,-0.00011003836758962532,-0.0001272077086432827,6.972567421388728e-05,2.4453125
0.0001452909700747797,0.00010660620611700205,0.00018952551307586417,0.00030846181134042583,-0.0008954302815331002,0.0002709598370868787,5.156786372688858e-05,0.0003109370665126297,6.0975518380508317e-05,-0.0002539220881671094,-0.00012745201465575367,-0.00011003836758990405,-0.00012720770864365073,6.972567421351835e-05,2.453125
0.00014529097007942368,0.00010660620612175542,0.0001895255130806806,0.00030846181134500317,-0.0008954302815284694,0.0002709598370916951,5.15678637316346e-05,0.0003109370665174462,6.097551838517429e-05,-0.0002539220881625321,-0.00012745201465091138,-0.00011003836758515068,-0.00012720770863889136,6.972567421815311e-05,2.4609375
0.0001452909700835406,0.00010660620612616014,0.00018952551308482938,0.0003084618113491887,-0.0008954302815243395,0.0002709598370958439,5.156786373575483e-05,0.00031093706652159494,6.0975518389328e-05,-0.0002539220881583466,-0.0001274520146467147,-0.00011003836758074596,-0.00012720770863473602,6.972567422246506e-05,2.46875
0.00014529097008244508,0.0001066062061249068,0.00018952551308363082,0.0003084618113478732,-0.0008954302815255085,0.0002709598370946453,5.15678637344645e-05,0.0003109370665203964,6.097551838810678e-05,-0.00025392208815966204,-0.00012745201464782152,-0.0001100383675819993,-0.00012720770863587733,6.972567422117378e-05,2.4765625
0.00014529097007979938,0.00010660620612232657,0.00018952551308106034,0.0003084618113453935,-0.0008954302815279843,0.00027095983709207483,5.1567863731972456e-05,0.0003109370665178259,6.0975518385664396e-05,-0.00025392208816214177,-0.00012745201465049632,-0.00011003836758457953,-0.00012720770863836834,6.972567421868346e-05,2.484375
0.00014529097007934608,0.00010660620612163337,0.00018952551308037816,0.00030846181134475695,-0.0008954302815285274,0.0002709598370913927,5.156786373127812e-05,0.00031093706651714374,6.0975518384994115e-05,-0.0002539220881627783,-0.00012745201465109583,-0.00011003836758527272,-0.00012720770863903932,6.972567421808394e-05,2.4921875
0.00014529097007957685,0.00010660620612206343,0.00018952551308079742,0.000308461811345279,-0.0008954302815281949,0.00027095983709181197,5.156786373180541e-05,0.000310937066517563,6.097551838539309e-05,-0.00025392208816225626,-0.00012745201465079608,-0.00011003836758484267,-0.00012720770863866896,6.972567421845288e-05,2.5
0.00014529097007855412,0.00010660620612121488,0.00018952551307991998,0.00030846181134419224,-0.000895430281529054,0.00027095983709093447,5.156786373063712e-05,0.00031093706651668556,6.097551838443252e-05,-0.000253922088163343,-0.00012745201465183371,-0.00011003836758569122,-0.00012720770863971695,6.972567421736912e-05,2.5078125
0.0001452909700778397,0.00010660620612033036,0.00018952551307912,0.0003084618113436558,-0.0008954302815297245,0.0002709598370901345,5.156786373043992e-05,0.0003109370665158856,6.0975518383835665e-05,-0.0002539220881638795,-0.00012745201465243322,-0.00011003836758657574,-0.0001272077086402128,6.972567421693101e-05,2.515625
0.00014529097007766602,0.0001066062061200461,0.00018952551307877327,0.0003084618113431419,-0.0008954302815303229,0.0002709598370897878,5.156786372996354e-05,0.00031093706651553885,6.097551838325358e-05,-0.00025392208816439333,-0.00012745201465289442,-0.00011003836758686,-0.000127207708640866,6.972567421628537e-05,2.5234375
0.00014529097007785242,0.00010660620612026927,0.0001895255130791254,0.00030846181134343823,-0.0008954302815299853,0.0002709598370901399,5.1567863729984016e-05,0.00031093706651589095,6.0975518383592655e-05,-0.000253922088164097,-0.0001274520146526177,-0.00011003836758663682,-0.0001272077086404893,6.972567421663124e-05,2.53125
0.00014529097007745414,0.00010660620611998408,0.00018952551307872616,0.00030846181134314875,-0.0008954302815303022,0.00027095983708974066,5.15678637296572e-05,0.00031093706651549174,6.097551838326335e-05,-0.0002539220881643865,-0.00012745201465280218,-0.00011003836758692202,-0.000127207708640774,6.972567421633149e-05,2.5390625
0.0001452909700786278,0.00010660620612112955,0.000189525513079726,0.00030846181134444497,-0.0008954302815291768,0.0002709598370907405,5.156786373069951e-05,0.0003109370665164916,6.0975518384204965e-05,-0.0002539220881630903,-0.00012745201465169537,-0.00011003836758577655,-0.00012720770863955456,6.972567421739218e-05,2.546875
0.00014529097008056133,0.00010660620612280645,0.00018952551308173553,0.0003084618113461786,-0.0008954302815273367,0.00027095983709275,5.156786373261298e-05,0.0003109370665185011,6.097551838623138e-05,-0.00025392208816135665,-0.00012745201464980455,-0.00011003836758409964,-0.00012720770863782564,6.972567421946745e-05,2.5546875
0.00014529097008074003,0.00010660620612297309,0.0001895255130817119,0.0003084618113462758,-0.0008954302815272601,0.00027095983709272644,5.1567863732673345e-05,0.0003109370665184775,6.097551838643588e-05,-0.00025392208816125945,-0.00012745201464975844,-0.00011003836758393301,-0.0001272077086376234,6.972567421932909e-05,2.5625
0.00014529097007916453,0.00010660620612152342,0.00018952551308030254,0.0003084618113447363,-0.0008954302815287917,0.0002709598370913171,5.156786373131661e-05,0.0003109370665170681,6.097551838500719e-05,-0.00025392208816279896,-0.0001274520146512803,-0.00011003836758538268,-0.00012720770863916333,6.972567421794558e-05,2.5703125
0.0001452909700792784,0.0001066062061214714,0.0001895255130803948,0.00030846181134480726,-0.0008954302815286514,0.00027095983709140935,5.1567863731146416e-05,0.0003109370665171604,6.097551838487412e-05,-0.000253922088162728,-0.00012745201465132642,-0.0001100383675854347,-0.00012720770863919735,6.972567421794558e-05,2.578125
0.00014529097007975647,0.00010660620612217035,0.00018952551308091444,0.00030846181134536844,-0.0008954302815280165,0.00027095983709192896,5.156786373173117e-05,0.00031093706651768004,6.0975518385448524e-05,-0.0002539220881621668,-0.00012745201465063467,-0.00011003836758473575,-0.00012720770863857109,6.97256742185451e-05,2.5859375
0.00014529097008003858,0.00010660620612255686,0.00018952551308127442,0.0003084618113458588,-0.0008954302815276894,0.00027095983709228896,5.1567863732292526e-05,0.00031093706651804,6.097551838587852e-05,-0.00025392208816167643,-0.00012745201465026574,-0.00011003836758434924,-0.00012720770863816584,6.972567421896016e-05,2.59375
0.00014529097007918442,0.00010660620612181169,0.0001895255130807289,0.0003084618113451929,-0.0008954302815284954,0.00027095983709174345,5.156786373149147e-05,0.0003109370665174945,6.0975518385093225e-05,-0.0002539220881623424,-0.00012745201465109583,-0.00011003836758509441,-0.00012720770863900192,6.972567421808394e-05,2.6015625
0.0001452909700782428,0.00010660620612071581,0.0001895255130794871,0.0003084618113438359,-0.0008954302815295683,0.0002709598370905016,5.156786373038817e-05,0.00031093706651625264,6.097551838400506e-05,-0.00025392208816369934,-0.00012745201465220264,-0.00011003836758619029,-0.00012720770864015524,6.972567421690794e-05,2.609375
0.0001452909700784478,0.0001066062061209566,0.00018952551307963242,0.000308461811344097,-0.0008954302815294085,0.00027095983709064694,5.15678637306726e-05,0.000310937066516398,6.097551838419222e-05,-0.00025392208816343826,-0.0001274520146519144,-0.0001100383675859495,-0.00012720770863984426,6.972567421726535e-05,2.6171875
0.00014529097007790251,0.00010660620612035484,0.00018952551307915535,0.00030846181134363464,-0.0008954302815297409,0.00027095983709016984,5.156786373004458e-05,0.0003109370665159209,6.097551838364915e-05,-0.0002539220881639006,-0.00012745201465243322,-0.00011003836758655126,-0.00012720770864041672,6.972567421674653e-05,2.625
0.00014529097007801825,0.00010660620612033743,0.0001895255130792714,0.00030846181134359496,-0.0008954302815298187,0.0002709598370902859,5.156786373011152e-05,0.000310937066516037,6.097551838372588e-05,-0.0002539220881639403,-0.00012745201465243322,-0.00011003836758656867,-0.00012720770864039967,6.972567421679265e-05,2.6328125
0.00014529097007911652,0.00010660620612145136,0.0001895255130801977,0.00030846181134460744,-0.0008954302815289439,0.00027095983709121224,5.1567863731201744e-05,0.0003109370665169633,6.0975518384776306e-05,-0.0002539220881629278,-0.00012745201465132642,-0.00011003836758545474,-0.0001272077086392747,6.972567421783029e-05,2.640625
0.00014529097007939814,0.00010660620612175182,0.0001895255130805188,0.0003084618113450715,-0.0008954302815285881,0.00027095983709153333,5.15678637315412e-05,0.00031093706651728436,6.097551838503985e-05,-0.0002539220881624638,-0.00012745201465098056,-0.00011003836758515428,-0.00012720770863888447,6.972567421819923e-05,2.6484375
0.00014529097008070236,0.00010660620612313831,0.0001895255130819055,0.0003084618113463525,-0.0008954302815271761,0.00027095983709292,5.156786373287462e-05,0.0003109370665186711,6.0975518386450686e-05,-0.00025392208816118274,-0.0001274520146496662,-0.00011003836758376779,-0.00012720770863757094,6.972567421946745e-05,2.65625
0.0001452909700794497,0.00010660620612187882,0.00018952551308067266,0.00030846181134499797,-0.0008954302815284282,0.0002709598370916872,5.156786373152697e-05,0.0003109370665174382,6.0975518385214045e-05,-0.0002539220881625373,-0.00012745201465104973,-0.00011003836758502728,-0.0001272077086388778,6.972567421817616e-05,2.6640625
0.00014529097007813147,0.00010660620612051938,0.00018952551307929242,0.0003084618113437168,-0.0008954302815296584,0.00027095983709030693,5.1567863730208906e-05,0.00031093706651605797,6.0975518383914534e-05,-0.00025392208816381844,-0.00012745201465224877,-0.00011003836758638672,-0.00012720770864015435,6.972567421693101e-05,2.671875
0.00014529097007700664,0.0001066062061194742,0.0001895255130781902,0.00030846181134276175,-0.0008954302815306676,0.00027095983708920473,5.15678637291717e-05,0.00031093706651495577,6.09755183828992e-05,-0.0002539220881647735,-0.0001274520146531711,-0.0001100383675874319,-0.0001272077086412281,6.972567421600867e-05,2.6796875
0.00014529097007838813,0.00010660620612066438,0.00018952551307940572,0.00030846181134388037,-0.0008954302815295213,0.00027095983709042023,5.156786373033415e-05,0.00031093706651617127,6.097551838419542e-05,-0.0002539220881636549,-0.0001274520146520643,-0.00011003836758624172,-0.000127207708639955,6.972567421729995e-05,2.6875
0.0001452909700804328,0.00010660620612286182,0.00018952551308156718,0.0003084618113460703,-0.000895430281527361,0.0002709598370925817,5.156786373256136e-05,0.00031093706651833273,6.0975518386264e-05,-0.00025392208816146496,-0.0001274520146500121,-0.00011003836758404428,-0.00012720770863793122,6.972567421914463e-05,2.6953125
0.00014529097007978445,0.00010660620612245587,0.00018952551308113776,0.0003084618113453901,-0.0008954302815278953,0.00027095983709215225,5.156786373219393e-05,0.00031093706651790334,6.0975518385528525e-05,-0.00025392208816214513,-0.00012745201465058856,-0.00011003836758445023,-0.00012720770863833131,6.972567421877569e-05,2.703125
0.00014529097007978065,0.00010660620612232938,0.00018952551308113754,0.0003084618113455706,-0.000895430281527922,0.00027095983709215203,5.1567863731945934e-05,0.0003109370665179031,6.097551838552376e-05,-0.00025392208816196467,-0.00012745201465049632,-0.00011003836758457672,-0.00012720770863848264,6.972567421868346e-05,2.7109375
0.00014529097007939652,0.00010660620612185842,0.0001895255130806248,0.00030846181134498913,-0.0008954302815284103,0.0002709598370916393,5.156786373157222e-05,0.00031093706651739035,6.097551838529119e-05,-0.0002539220881625461,-0.00012745201465095172,-0.00011003836758504768,-0.00012720770863888935,6.972567421819347e-05,2.71875
0.0001452909700785696,0.00010660620612111875,0.00018952551307988791,0.0003084618113442456,-0.0008954302815291842,0.00027095983709090243,5.156786373084555e-05,0.00031093706651665347,6.0975518384380226e-05,-0.00025392208816328967,-0.00012745201465174148,-0.00011003836758578735,-0.0001272077086397057,6.972567421734606e-05,2.7265625
0.00014529097007780743,0.00010660620612021514,0.00018952551307901307,0.0003084618113435099,-0.0008954302815299815,0.0002709598370900276,5.1567863730067e-05,0.0003109370665157786,6.097551838353835e-05,-0.00025392208816402536,-0.0001274520146526177,-0.00011003836758669096,-0.00012720770864049823,6.972567421656207e-05,2.734375
0.00014529097007948022,0.00010660620612189232,0.00018952551308068778,0.00030846181134510346,-0.0008954302815283561,0.0002709598370917023,5.156786373171216e-05,0.0003109370665174534,6.0975518385188465e-05,-0.0002539220881624318,-0.00012745201465084218,-0.00011003836758501378,-0.00012720770863879896,6.972567421817616e-05,2.7421875
0.00014529097008070713,0.00010660620612316438,0.00018952551308199726,0.0003084618113463,-0.0008954302815272581,0.0002709598370930118,5.15678637328062e-05,0.00031093706651876284,6.097551838643828e-05,-0.00025392208816123527,-0.00012745201464985068,-0.00011003836758374172,-0.00012720770863779878,6.972567421951357e-05,2.75
0.00014529097007931762,0.00010660620612164402,0.00018952551308018659,0.0003084618113447676,-0.0008954302815286871,0.0002709598370912011,5.1567863731182296e-05,0.00031093706651695216,6.0975518384887694e-05,-0.0002539220881627677,-0.00012745201465160313,-0.00011003836758526208,-0.00012720770863959278,6.972567421766888e-05,2.7578125
0.00014529097007590707,0.0001066062061183376,0.00018952551307704186,0.0003084618113416659,-0.0008954302815318882,0.0002709598370880564,5.156786372815982e-05,0.00031093706651380744,6.097551838179546e-05,-0.00025392208816586937,-0.00012745201465443932,-0.0001100383675885685,-0.00012720770864223658,6.972567421479809e-05,2.765625
0.00014529097007637683,0.00010660620611869873,0.00018952551307756515,0.00030846181134196253,-0.0008954302815314944,0.00027095983708857964,5.1567863728469914e-05,0.00031093706651433067,6.0975518382081026e-05,-0.00025392208816557273,-0.00012745201465400122,-0.00011003836758820737,-0.0001272077086419368,6.972567421522468e-05,2.7734375
0.00014529097007931938,0.0001066062061215898,0.00018952551308023575,0.00030846181134483946,-0.0008954302815287526,0.0002709598370912503,5.1567863731311696e-05,0.00031093706651700133,6.0975518384994786e-05,-0.0002539220881626958,-0.00012745201465114197,-0.0001100383675853163,-0.00012720770863914035,6.97256742179917e-05,2.78125
0.00014529097008094495,0.00010660620612337737,0.00018952551308214335,0.00030846181134654686,-0.000895430281526888,0.00027095983709315784,5.156786373311495e-05,0.0003109370665189089,6.0975518386707934e-05,-0.0002539220881609884,-0.00012745201464943562,-0.00011003836758352873,-0.00012720770863733813,6.972567421979027e-05,2.7890625
0.00014529097007983744,0.00010660620612240165,0.000189525513081136,0.00030846181134545973,-0.0008954302815279391,0.0002709598370921505,5.156786373202248e-05,0.00031093706651790155,6.097551838569023e-05,-0.0002539220881620755,-0.00012745201465054243,-0.00011003836758450445,-0.00012720770863838124,6.972567421877569e-05,2.796875
0.00014529097007931095,0.00010660620612170788,0.00018952551308048745,0.0003084618113448532,-0.0008954302815285731,0.00027095983709150194,5.156786373133324e-05,0.000310937066517253,6.097551838502585e-05,-0.00025392208816268203,-0.00012745201465114197,-0.00011003836758519821,-0.00012720770863903702,6.972567421813006e-05,2.8046875
0.00014529097007947369,0.00010660620612184702,0.00018952551308066702,0.00030846181134514244,-0.0008954302815283534,0.00027095983709168154,5.1567863731518765e-05,0.00031093706651743263,6.097551838536679e-05,-0.0002539220881623928,-0.00012745201465081914,-0.00011003836758505908,-0.00012720770863882276,6.972567421833757e-05,2.8125
0.00014529097007909416,0.00010660620612137147,0.00018952551308034873,0.00030846181134476703,-0.0008954302815287571,0.0002709598370913632,5.156786373125604e-05,0.0003109370665171143,6.097551838484145e-05,-0.0002539220881627682,-0.00012745201465125724,-0.00011003836758553463,-0.00012720770863913005,6.972567421792253e-05,2.8203125
0.0001452909700796088,0.00010660620612203402,0.00018952551308073365,0.00030846181134523264,-0.0008954302815282293,0.00027095983709174816,5.1567863731936406e-05,0.0003109370665174992,6.0975518385280134e-05,-0.0002539220881623026,-0.000127452014650773,-0.00011003836758487208,-0.00012720770863865118,6.972567421840676e-05,2.828125
0.0001452909700806571,0.00010660620612323166,0.00018952551308198932,0.0003084618113462787,-0.0008954302815271322,0.00027095983709300383,5.156786373291075e-05,0.0003109370665187549,6.097551838646267e-05,-0.0002539220881612566,-0.0001274520146496662,-0.00011003836758367444,-0.00012720770863761994,6.972567421951357e-05,2.8359375
0.00014529097007930954,0.0001066062061218977,0.00018952551308057492,0.0003084618113449848,-0.0008954302815284516,0.00027095983709158944,5.156786373141764e-05,0.0003109370665173405,6.0975518385165e-05,-0.0002539220881625505,-0.00012745201465104973,-0.0001100383675850084,-0.0001272077086389897,6.972567421803782e-05,2.84375
0.00014529097007716488,0.0001066062061197425,0.00018952551307846138,0.00030846181134284756,-0.0008954302815305083,0.00027095983708947584,5.156786372931476e-05,0.00031093706651522693,6.0975518383048074e-05,-0.0002539220881646877,-0.0001274520146531711,-0.0001100383675871636,-0.00012720770864105952,6.972567421600867e-05,2.8515625
0.00014529097007778352,0.00010660620612021683,0.0001895255130788725,0.0003084618113433293,-0.0008954302815301024,0.00027095983708988697,5.1567863729962955e-05,0.00031093706651563806,6.0975518383476754e-05,-0.00025392208816420593,-0.00012745201465266383,-0.00011003836758668927,-0.00012720770864058233,6.97256742164929e-05,2.859375
0.00014529097008010664,0.00010660620612246618,0.0001895255130813375,0.00030846181134571273,-0.0008954302815277159,0.000270959837092352,5.1567863732255135e-05,0.00031093706651810305,6.097551838576425e-05,-0.00025392208816182253,-0.00012745201465031185,-0.00011003836758443992,-0.00012720770863825978,6.972567421886792e-05,2.8671875
0.00014529097007968047,0.00010660620612217995,0.0001895255130809211,0.0003084618113453083,-0.0008954302815281061,0.0002709598370919356,5.156786373180482e-05,0.00031093706651768666,6.0975518385482e-05,-0.00025392208816222693,-0.0001274520146507269,-0.00011003836758472615,-0.00012720770863861432,6.972567421840676e-05,2.875
0.00014529097007702567,0.00010660620611961357,0.00018952551307813598,0.0003084618113428656,-0.0008954302815306606,0.00027095983708915047,5.1567863729139897e-05,0.0003109370665149015,6.0975518382718476e-05,-0.00025392208816466964,-0.0001274520146531711,-0.00011003836758729253,-0.00012720770864121066,6.972567421563973e-05,2.8828125
0.00014529097007771004,0.0001066062061202822,0.00018952551307879848,0.0003084618113435422,-0.000895430281530123,0.00027095983708981297,5.1567863729774575e-05,0.00031093706651556406,6.097551838357652e-05,-0.00025392208816399305,-0.0001274520146526177,-0.0001100383675866239,-0.00012720770864044461,6.972567421656207e-05,2.890625
0.00014529097008100659,0.0001066062061234736,0.0001895255130821607,0.0003084618113466877,-0.0008954302815268535,0.00027095983709317525,5.156786373335212e-05,0.0003109370665189263,6.0975518386814565e-05,-0.00025392208816084756,-0.00012745201464929728,-0.0001100383675834325,-0.00012720770863715636,6.972567421988251e-05,2.8984375
0.00014529097008052737,0.000106606206122994,0.00018952551308168493,0.00030846181134629755,-0.0008954302815274106,0.00027095983709269944,5.156786373278571e-05,0.00031093706651845053,6.0975518386425004e-05,-0.0002539220881612377,-0.00012745201464985068,-0.00011003836758391209,-0.00012720770863758002,6.972567421951357e-05,2.90625
0.0001452909700774666,0.0001066062061197168,0.00018952551307850865,0.0003084618113431386,-0.000895430281530339,0.00027095983708952316,5.156786372937029e-05,0.00031093706651527425,6.097551838336109e-05,-0.00025392208816439664,-0.00012745201465266383,-0.0001100383675871893,-0.0001272077086407303,6.972567421628537e-05,2.9140625
0.00014529097007738383,0.00010660620611967466,0.0001895255130785436,0.00030846181134307497,-0.0008954302815304932,0.00027095983708955813,5.156786372951098e-05,0.0003109370665153092,6.097551838320923e-05,-0.0002539220881644603,-0.00012745201465280218,-0.00011003836758723144,-0.00012720770864083132,6.972567421628537e-05,2.921875
0.00014529097008046153,0.00010660620612284084,0.00018952551308164036,0.0003084618113460488,-0.0008954302815273202,0.0002709598370926549,5.156786373263949e-05,0.0003109370665184059,6.097551838621722e-05,-0.00025392208816148653,-0.00012745201464975844,-0.00011003836758406526,-0.00012720770863776688,6.972567421942133e-05,2.9296875
0.00014529097008108733,0.00010660620612373161,0.0001895255130824196,0.000308461811346585,-0.0008954302815268989,0.00027095983709343415,5.1567863733114744e-05,0.0003109370665191852,6.0975518387174933e-05,-0.0002539220881609503,-0.00012745201464938952,-0.00011003836758317449,-0.00012720770863732179,6.972567421979027e-05,2.9375
0.00014529097007846202,0.00010660620612090766,0.00018952551307973274,0.0003084618113438444,-0.0008954302815293732,0.0002709598370907473,5.156786373067003e-05,0.0003109370665164983,6.097551838417934e-05,-0.0002539220881636909,-0.00012745201465197206,-0.00011003836758599844,-0.00012720770863997662,6.972567421713854e-05,2.9453125
0.00014529097007902802,0.00010660620612173317,0.0001895255130803747,0.00030846181134466333,-0.0008954302815287571,0.00027095983709138924,5.156786373141032e-05,0.0003109370665171403,6.0975518384790996e-05,-0.0002539220881628719,-0.00012745201465141865,-0.00011003836758517293,-0.0001272077086393966,6.972567421766888e-05,2.953125
0.00014529097007955606,0.00010660620612203981,0.00018952551308081353,0.0003084618113453867,-0.0008954302815282469,0.000270959837091828,5.156786373175721e-05,0.00031093706651757905,6.0975518385392336e-05,-0.00025392208816214855,-0.00012745201465088832,-0.00011003836758486629,-0.0001272077086386015,6.972567421836064e-05,2.9609375
0.00014529097007970196,0.00010660620612206854,0.00018952551308091072,0.00030846181134534334,-0.0008954302815281075,0.0002709598370919252,5.15678637318799e-05,0.0003109370665176763,6.0975518385539455e-05,-0.0002539220881621919,-0.00012745201465063467,-0.00011003836758483756,-0.00012720770863849652,6.972567421849898e-05,2.96875
0.00014529097007723595,0.00010660620611968069,0.00018952551307843457,0.00030846181134293316,-0.0008954302815305169,0.0002709598370894491,5.1567863729445005e-05,0.00031093706651520015,6.097551838318897e-05,-0.0002539220881646021,-0.00012745201465298663,-0.00011003836758722541,-0.00012720770864093692,6.972567421600867e-05,2.9765625
0.00014529097007728612,0.00010660620611963582,0.00018952551307850786,0.0003084618113428969,-0.0008954302815305531,0.00027095983708952235,5.156786372926174e-05,0.00031093706651527344,6.0975518382999976e-05,-0.00025392208816463836,-0.0001274520146531711,-0.00011003836758727028,-0.00012720770864083194,6.972567421600867e-05,2.984375
0.00014529097007899555,0.00010660620612133004,0.0001895255130801605,0.00030846181134459546,-0.0008954302815287694,0.000270959837091175,5.156786373107836e-05,0.0003109370665169261,6.097551838480748e-05,-0.00025392208816293985,-0.00012745201465134948,-0.00011003836758557607,-0.00012720770863925923,6.972567421796865e-05,2.9921875
0.00014529097008034931,0.00010660620612278085,0.0001895255130815154,0.0003084618113460106,-0.0008954302815276456,0.0002709598370925299,5.1567863732566856e-05,0.00031093706651828096,6.097551838644172e-05,-0.00025392208816152464,-0.00012745201464994292,-0.00011003836758412525,-0.00012720770863770521,6.972567421923686e-05,3.0
0.0001452909700796491,0.00010660620612196993,0.00018952551308076333,0.00030846181134521096,-0.0008954302815281589,0.0002709598370917778,5.156786373174633e-05,0.0003109370665175289,6.097551838528444e-05,-0.0002539220881623243,-0.000127452014650773,-0.00011003836758493617,-0.00012720770863862277,6.972567421838369e-05,3.0078125
0.00014529097007867279,0.0001066062061212361,0.00018952551308005396,0.000308461811344357,-0.0008954302815290482,0.0002709598370910685,5.1567863730955596e-05,0.0003109370665168195,6.097551838452549e-05,-0.00025392208816317827,-0.00012745201465164924,-0.00011003836758566998,-0.00012720770863954196,6.972567421753053e-05,3.015625
0.00014529097007905947,0.00010660620612161522,0.00018952551308032916,0.0003084618113446486,-0.0008954302815288388,0.0002709598370913437,5.1567863731278357e-05,0.00031093706651709474,6.0975518384825494e-05,-0.00025392208816288667,-0.00012745201465137255,-0.00011003836758529088,-0.00012720770863924546,6.97256742178274e-05,3.0234375
0.00014529097007970562,0.0001066062061221341,0.00018952551308104267,0.0003084618113453971,-0.0008954302815280605,0.00027095983709205716,5.1567863731906076e-05,0.0003109370665178082,6.097551838547904e-05,-0.00025392208816213814,-0.00012745201465058856,-0.000110038367584772,-0.00012720770863851812,6.972567421859122e-05,3.03125
0.0001452909700797117,0.00010660620612204699,0.00018952551308076756,0.0003084618113454056,-0.0008954302815281396,0.00027095983709178205,5.1567863731952595e-05,0.00031093706651753313,6.0975518385394226e-05,-0.0002539220881621297,-0.00012745201465049632,-0.00011003836758485911,-0.00012720770863849926,6.972567421859122e-05,3.0390625
0.00014529097007984692,0.00010660620612238205,0.00018952551308118877,0.0003084618113456025,-0.0008954302815279288,0.0002709598370922033,5.156786373211235e-05,0.00031093706651795435,6.097551838576214e-05,-0.00025392208816193274,-0.0001274520146504156,-0.00011003836758452405,-0.00012720770863830144,6.972567421881029e-05,3.046875
0.00014529097007899376,0.0001066062061215987,0.0001895255130803683,0.00030846181134465715,-0.0008954302815286641,0.00027095983709138284,5.156786373123422e-05,0.0003109370665171339,6.0975518384917936e-05,-0.0002539220881628781,-0.0001274520146512803,-0.0001100383675853074,-0.00012720770863917892,6.972567421789946e-05,3.0546875
0.0001452909700777754,0.00010660620612035795,0.00018952551307906064,0.0003084618113433243,-0.0008954302815299758,0.00027095983709007513,5.156786372990312e-05,0.0003109370665158262,6.0975518383495836e-05,-0.00025392208816421097,-0.00012745201465264077,-0.00011003836758654815,-0.00012720770864056816,6.972567421651595e-05,3.0625
0.00014529097007769974,0.0001066062061201249,0.0001895255130788661,0.0003084618113433324,-0.000895430281530166,0.00027095983708988057,5.156786372989151e-05,0.00031093706651563166,6.0975518383441795e-05,-0.0002539220881642029,-0.0001274520146526177,-0.0001100383675867812,-0.00012720770864058036,6.972567421646983e-05,3.0703125
0.00014529097007810903,0.00010660620612043343,0.00018952551307929705,0.00030846181134371183,-0.0008954302815297914,0.00027095983709031154,5.1567863730158694e-05,0.0003109370665160626,6.097551838382152e-05,-0.0002539220881638234,-0.00012745201465220264,-0.00011003836758647267,-0.0001272077086401443,6.972567421679265e-05,3.078125
0.0001452909700786291,0.000106606206121058,0.0001895255130797909,0.00030846181134426987,-0.0008954302815291471,0.0002709598370908054,5.15678637307892e-05,0.0003109370665165565,6.0975518384563565e-05,-0.0002539220881632654,-0.00012745201465169537,-0.0001100383675858481,-0.00012720770863959888,6.972567421748441e-05,3.0859375
0.0001452909700785149,0.00010660620612081756,0.00018952551307961952,0.00030846181134412144,-0.0008954302815293067,0.00027095983709063404,5.156786373060612e-05,0.00031093706651638513,6.0975518384242404e-05,-0.0002539220881634138,-0.00012745201465169537,-0.00011003836758608854,-0.00012720770863987413,6.972567421729995e-05,3.09375
0.00014529097008039984,0.00010660620612286413,0.0001895255130816649,0.00030846181134604314,-0.0008954302815273857,0.00027095983709267944,5.1567863732607195e-05,0.0003109370665184305,6.0975518386286145e-05,-0.0002539220881614921,-0.00012745201464994292,-0.00011003836758404197,-0.00012720770863791357,6.972567421923686e-05,3.1015625
0.00014529097008205964,0.00010660620612454807,0.00018952551308327125,0.0003084618113476513,-0.0008954302815257977,0.00027095983709428574,5.156786373419612e-05,0.00031093706652003683,6.09755183878631e-05,-0.000253922088159884,-0.00012745201464830575,-0.00011003836758235803,-0.00012720770863623748,6.972567422087402e-05,3.109375
0.00014529097008039333,0.00010660620612291125,0.00018952551308171667,0.0003084618113460025,-0.0008954302815273414,0.0002709598370927312,5.1567863732500205e-05,0.00031093706651848225,6.097551838636014e-05,-0.0002539220881615328,-0.00012745201464994292,-0.00011003836758399485,-0.00012720770863799356,6.972567421932909e-05,3.1171875
0.00014529097007803934,0.00010660620612059436,0.0001895255130793263,0.0003084618113436529,-0.0008954302815296612,0.0002709598370903408,5.156786373019987e-05,0.00031093706651609185,6.097551838390696e-05,-0.00025392208816388235,-0.000127452014652341,-0.00011003836758631174,-0.00012720770864025192,6.972567421679265e-05,3.125
0.00014529097007866986,0.00010660620612117758,0.00018952551307996373,0.0003084618113443549,-0.0008954302815291161,0.0002709598370909782,5.156786373091683e-05,0.00031093706651672925,6.097551838451555e-05,-0.0002539220881631804,-0.00012745201465164924,-0.00011003836758572852,-0.00012720770863949344,6.972567421757665e-05,3.1328125
0.0001452909700796222,0.00010660620612191746,0.0001895255130807512,0.00030846181134520955,-0.0008954302815282945,0.00027095983709176573,5.15678637316667e-05,0.00031093706651751676,6.097551838529703e-05,-0.0002539220881623257,-0.00012745201465086525,-0.00011003836758498863,-0.00012720770863850395,6.972567421840676e-05,3.140625
0.00014529097007864915,0.00010660620612109181,0.00018952551307998747,0.0003084618113444396,-0.0008954302815290709,0.000270959837091002,5.1567863730824476e-05,0.00031093706651675305,6.0975518384492367e-05,-0.00025392208816309565,-0.0001274520146515109,-0.00011003836758581429,-0.00012720770863953803,6.972567421748441e-05,3.1484375
0.00014529097007705646,0.00010660620611945195,0.00018952551307819987,0.00030846181134272955,-0.0008954302815307497,0.0002709598370892144,5.156786372917625e-05,0.0003109370665149654,6.0975518382863e-05,-0.0002539220881648057,-0.00012745201465330945,-0.00011003836758745415,-0.0001272077086411957,6.972567421591643e-05,3.15625
0.0001452909700781861,0.00010660620612057592,0.00018952551307940095,0.00030846181134378594,-0.0008954302815296225,0.00027095983709041546,5.156786373034477e-05,0.00031093706651616655,6.097551838392334e-05,-0.0002539220881637493,-0.00012745201465215653,-0.00011003836758633018,-0.00012720770863994607,6.972567421711547e-05,3.1640625
0.0001452909700802696,0.00010660620612276883,0.00018952551308160114,0.00030846181134593965,-0.0008954302815274986,0.00027095983709261563,5.1567863732475275e-05,0.0003109370665183667,6.097551838606234e-05,-0.0002539220881615956,-0.00012745201465003516,-0.00011003836758413727,-0.00012720770863793832,6.972567421912157e-05,3.171875
0.00014529097008113666,0.0001066062061237568,0.0001895255130825291,0.0003084618113467371,-0.0008954302815265836,0.0002709598370935436,5.1567863733299675e-05,0.0003109370665192947,6.097551838707598e-05,-0.0002539220881607982,-0.00012745201464929728,-0.0001100383675831493,-0.00012720770863714222,6.972567421992861e-05,3.1796875
0.00014529097007867636,0.00010660620612132014,0.00018952551308009118,0.00030846181134440025,-0.0008954302815291401,0.0002709598370911057,5.156786373107099e-05,0.00031093706651685676,6.097551838453849e-05,-0.000253922088163135,-0.00012745201465172996,-0.00011003836758558596,-0.00012720770863961889,6.972567421748441e-05,3.1875
0.00014529097007682333,0.00010660620611927723,0.00018952551307818935,0.000308461811342649,-0.0008954302815309354,0.0002709598370892038,5.156786372912981e-05,0.0003109370665149549,6.0975518382649535e-05,-0.00025392208816488627,-0.00012745201465363227,-0.00011003836758762887,-0.0001272077086414068,6.972567421591643e-05,3.1953125
0.00014529097007831684,0.00010660620612072487,0.00018952551307945396,0.00030846181134397085,-0.000895430281529551,0.0002709598370904684,5.156786373046873e-05,0.0003109370665162195,6.0975518384077835e-05,-0.00025392208816356446,-0.00012745201465197206,-0.00011003836758618121,-0.00012720770863987926,6.972567421723077e-05,3.203125
0.000145290970079564,0.00010660620612168353,0.00018952551308070554,0.0003084618113452775,-0.0008954302815281587,0.00027095983709172003,5.1567863731664604e-05,0.0003109370665174711,6.0975518385402636e-05,-0.0002539220881622578,-0.000127452014650773,-0.00011003836758522257,-0.0001272077086386375,6.972567421859122e-05,3.2109375
0.0001452909700790258,0.00010660620612158054,0.00018952551308016788,0.0003084618113447296,-0.0008954302815286774,0.00027095983709118243,5.156786373108279e-05,0.00031093706651693346,6.0975518384917706e-05,-0.0002539220881628057,-0.00012745201465141865,-0.00011003836758532555,-0.00012720770863931436,6.972567421776112e-05,3.21875
0.00014529097007878533,0.00010660620612109697,0.00018952551307981248,0.00030846181134434235,-0.0008954302815289722,0.00027095983709082697,5.156786373095638e-05,0.00031093706651657806,6.0975518384569575e-05,-0.0002539220881631929,-0.00012745201465160313,-0.00011003836758580913,-0.00012720770863957327,6.972567421757665e-05,3.2265625
0.00014529097007934502,0.00010660620612165175,0.0001895255130804353,0.00030846181134499553,-0.0008954302815284729,0.00027095983709144985,5.1567863731411415e-05,0.0003109370665172009,6.0975518385165216e-05,-0.00025392208816253973,-0.0001274520146510036,-0.00011003836758525436,-0.00012720770863891171,6.972567421817616e-05,3.234375
0.00014529097007994667,0.00010660620612240188,0.00018952551308104704,0.00030846181134561054,-0.0008954302815277589,0.00027095983709206155,5.156786373201649e-05,0.00031093706651781264,6.097551838583956e-05,-0.0002539220881619247,-0.00012745201465040408,-0.00011003836758450422,-0.00012720770863829342,6.972567421889098e-05,3.2421875
0.00014529097007920212,0.0001066062061216077,0.00018952551308032282,0.0003084618113447371,-0.0008954302815287495,0.00027095983709133736,5.156786373127025e-05,0.0003109370665170884,6.097551838490726e-05,-0.00025392208816279815,-0.0001274520146512803,-0.0001100383675852984,-0.00012720770863915542,6.972567421794558e-05,3.25
0.00014529097007869233,0.0001066062061215764,0.00018952551308018775,0.00030846181134450406,-0.0008954302815289998,0.00027095983709120227,5.1567863731164e-05,0.0003109370665169533,6.097551838444938e-05,-0.0002539220881630312,-0.0001274520146515253,-0.0001100383675853297,-0.00012720770863944614,6.9725674217666e-05,3.2578125
0.00014529097007952844,0.00010660620612213922,0.00018952551308096236,0.00030846181134518597,-0.0008954302815281918,0.0002709598370919769,5.156786373183123e-05,0.0003109370665177279,6.0975518385413633e-05,-0.0002539220881623493,-0.00012745201465078456,-0.00011003836758476688,-0.00012720770863864793,6.972567421840676e-05,3.265625
0.00014529097007999982,0.00010660620612254927,0.00018952551308126575,0.00030846181134562355,-0.000895430281527797,0.00027095983709228024,5.156786373214573e-05,0.0003109370665180313,6.0975518385849225e-05,-0.0002539220881619117,-0.00012745201465035798,-0.00011003836758435683,-0.00012720770863829223,6.97256742188218e-05,3.2734375
0.00014529097007889066,0.00010660620612132082,0.0001895255130801799,0.00030846181134460397,-0.0008954302815288394,0.00027095983709119446,5.156786373103242e-05,0.0003109370665169455,6.0975518384565984e-05,-0.00025392208816293134,-0.00012745201465148783,-0.00011003836758558528,-0.0001272077086393767,6.972567421776112e-05,3.28125
0.00014529097007776891,0.00010660620612031244,0.00018952551307896778,0.0003084618113434115,-0.0008954302815300134,0.00027095983708998227,5.156786373001126e-05,0.00031093706651573336,6.09755183835142e-05,-0.00025392208816412375,-0.0001274520146526177,-0.00011003836758659366,-0.00012720770864049554,6.972567421656207e-05,3.2890625
0.00014529097007855084,0.00010660620612098438,0.00018952551307978394,0.00030846181134426234,-0.0008954302815292723,0.00027095983709079846,5.1567863730648855e-05,0.0003109370665165495,6.0975518384347585e-05,-0.0002539220881632729,-0.0001274520146517184,-0.00011003836758592172,-0.00012720770863971966,6.972567421753053e-05,3.296875
0.00014529097008012404,0.00010660620612229984,0.00018952551308114868,0.00030846181134551784,-0.0008954302815276485,0.00027095983709216314,5.15678637321033e-05,0.00031093706651791423,6.097551838574961e-05,-0.00025392208816201747,-0.0001274520146502196,-0.00011003836758460626,-0.00012720770863811548,6.972567421891404e-05,3.3046875
0.00014529097008040287,0.00010660620612277652,0.00018952551308151373,0.0003084618113459305,-0.0008954302815275819,0.00027095983709252825,5.15678637324418e-05,0.00031093706651827934,6.0975518386080757e-05,-0.00025392208816160477,-0.00012745201465012737,-0.00011003836758412958,-0.00012720770863788945,6.972567421912157e-05,3.3125
0.00014529097007859516,0.0001066062061210189,0.00018952551307974035,0.00030846181134421767,-0.0008954302815292372,0.0002709598370907548,5.156786373069587e-05,0.0003109370665165059,6.097551838438944e-05,-0.0002539220881633176,-0.00012745201465176454,-0.0001100383675858872,-0.0001272077086396873,6.972567421738064e-05,3.3203125
0.00014529097007739424,0.00010660620611976277,0.00018952551307850187,0.00030846181134295983,-0.0008954302815304375,0.0002709598370895164,5.1567863729445553e-05,0.0003109370665152674,6.0975518383126834e-05,-0.0002539220881645754,-0.00012745201465298663,-0.00011003836758714333,-0.00012720770864094196,6.972567421617008e-05,3.328125
0.00014529097007800427,0.00010660620612035275,0.00018952551307918248,0.0003084618113436213,-0.0008954302815298308,0.000270959837090197,5.1567863730165254e-05,0.00031093706651594803,6.0975518383777694e-05,-0.00025392208816391395,-0.00012745201465236405,-0.00011003836758655335,-0.00012720770864035845,6.972567421674653e-05,3.3359375
0.00014529097007827564,0.000106606206120575,0.00018952551307936842,0.0003084618113438877,-0.0008954302815296791,0.00027095983709038294,5.156786373036378e-05,0.00031093706651613397,6.0975518383982575e-05,-0.00025392208816364756,-0.0001274520146521796,-0.0001100383675863311,-0.00012720770864009344,6.972567421699442e-05,3.34375
0.0001452909700788049,0.00010660620612119919,0.0001895255130799096,0.00030846181134444746,-0.0008954302815290785,0.00027095983709092406,5.1567863730855084e-05,0.00031093706651667515,6.097551838455915e-05,-0.0002539220881630878,-0.00012745201465160313,-0.00011003836758570691,-0.00012720770863956172,6.972567421755359e-05,3.3515625
0.00014529097007921505,0.00010660620612171243,0.00018952551308050575,0.00030846181134490635,-0.0008954302815285053,0.00027095983709152027,5.156786373136925e-05,0.00031093706651727135,6.0975518385103504e-05,-0.0002539220881626289,-0.0001274520146511189,-0.00011003836758519367,-0.00012720770863907803,6.972567421804935e-05,3.359375
0.00014529097007936546,0.00010660620612183147,0.00018952551308070253,0.00030846181134495894,-0.0008954302815283602,0.00027095983709171705,5.156786373160341e-05,0.0003109370665174681,6.0975518385228276e-05,-0.0002539220881625763,-0.00012745201465114197,-0.00011003836758507464,-0.0001272077086389015,6.972567421813006e-05,3.3671875
0.0001452909700796217,0.00010660620612199672,0.0001895255130809073,0.00030846181134520256,-0.0008954302815282202,0.0002709598370919218,5.156786373173381e-05,0.0003109370665176729,6.097551838540072e-05,-0.0002539220881623327,-0.00012745201465086525,-0.00011003836758490938,-0.00012720770863875662,6.972567421831452e-05,3.375
0.00014529097007994846,0.00010660620612233044,0.00018952551308115315,0.00030846181134566464,-0.0008954302815278043,0.00027095983709216764,5.156786373214835e-05,0.00031093706651791873,6.0975518385754615e-05,-0.0002539220881618706,-0.00012745201465031185,-0.00011003836758457566,-0.00012720770863827293,6.972567421886792e-05,3.3828125
0.00014529097008138465,0.00010660620612379624,0.0001895255130825457,0.0003084618113469845,-0.0008954302815264983,0.00027095983709356025,5.156786373357023e-05,0.0003109370665193113,6.0975518387161605e-05,-0.00025392208816055076,-0.00012745201464902056,-0.00011003836758310986,-0.0001272077086368026,6.972567422025143e-05,3.390625
0.00014529097008155118,0.00010660620612413545,0.0001895255130828742,0.0003084618113472379,-0.0008954302815262598,0.0002709598370938887,5.156786373378609e-05,0.00031093706651963974,6.097551838716835e-05,-0.0002539220881602974,-0.00012745201464874387,-0.00011003836758277065,-0.0001272077086365905,6.972567422025143e-05,3.3984375
0.00014529097007976382,0.00010660620612239511,0.00018952551308112236,0.00030846181134551,-0.000895430281528005,0.00027095983709213685,5.156786373194762e-05,0.00031093706651788794,6.097551838560219e-05,-0.0002539220881620253,-0.00012745201465058856,-0.00011003836758451099,-0.00012720770863835075,6.972567421859122e-05,3.40625
0.00014529097007780046,0.00010660620612047993,0.00018952551307884014,0.00030846181134334385,-0.0008954302815298124,0.00027095983708985466,5.156786372967383e-05,0.0003109370665156057,6.0975518383467247e-05,-0.0002539220881641914,-0.00012745201465270994,-0.00011003836758642617,-0.00012720770864035799,6.972567421674653e-05,3.4140625
0.00014529097007766643,0.00010660620612010802,0.00018952551307891764,0.000308461811343161,-0.0008954302815302617,0.0002709598370899322,5.156786372972966e-05,0.0003109370665156832,6.097551838333904e-05,-0.00025392208816437425,-0.00012745201465270994,-0.00011003836758679808,-0.00012720770864081262,6.972567421640066e-05,3.421875
0.00014529097007791767,0.00010660620612062776,0.00018952551307911642,0.00030846181134354584,-0.0008954302815298118,0.00027095983709013097,5.1567863730253636e-05,0.000310937066515882,6.097551838360568e-05,-0.0002539220881639894,-0.0001274520146526177,-0.00011003836758627834,-0.00012720770864035888,6.972567421665431e-05,3.4296875
0.0001452909700776403,0.00010660620612017456,0.00018952551307920576,0.00030846181134315146,-0.0008954302815303921,0.00027095983709022025,5.1567863729801924e-05,0.00031093706651597134,6.0975518383267963e-05,-0.0002539220881643838,-0.00012745201465298663,-0.00011003836758673154,-0.00012720770864076483,6.972567421619313e-05,3.4375
0.00014529097007663386,0.00010660620611898453,0.00018952551307768305,0.0003084618113421902,-0.0008954302815312289,0.00027095983708869754,5.156786372871782e-05,0.0003109370665144486,6.097551838238804e-05,-0.0002539220881653451,-0.00012745201465381675,-0.00011003836758792157,-0.00012720770864175436,6.97256742152708e-05,3.4453125
0.0001452909700771052,0.00010660620611926864,0.0001895255130781604,0.000308461811342764,-0.0008954302815309353,0.0002709598370891749,5.156786372914392e-05,0.00031093706651492595,6.0975518382796546e-05,-0.00025392208816477123,-0.0001274520146534017,-0.00011003836758763746,-0.00012720770864118507,6.972567421580114e-05,3.453125
0.00014529097007944143,0.00010660620612163867,0.0001895255130804038,0.0003084618113449384,-0.0008954302815284848,0.0002709598370914183,5.156786373160659e-05,0.0003109370665171694,6.0975518385328036e-05,-0.00025392208816259686,-0.0001274520146512342,-0.00011003836758526743,-0.00012720770863895308,6.972567421840676e-05,3.4609375
0.00014529097008069317,0.00010660620612282614,0.00018952551308166026,0.00030846181134633056,-0.0008954302815273565,0.0002709598370926748,5.1567863732631414e-05,0.0003109370665184258,6.097551838633016e-05,-0.0002539220881612047,-0.00012745201464994292,-0.00011003836758407996,-0.0001272077086377478,6.972567421923686e-05,3.46875
0.0001452909700821758,0.0001066062061247221,0.00018952551308328046,0.00030846181134784866,-0.0008954302815256487,0.000270959837094295,5.156786373434919e-05,0.00031093706652004604,6.097551838797686e-05,-0.0002539220881596866,-0.00012745201464814434,-0.000110038367582184,-0.00012720770863589468,6.972567422103543e-05,3.4765625
0.0001452909700824088,0.0001066062061249338,0.00018952551308373502,0.00030846181134801725,-0.000895430281525271,0.00027095983709474956,5.156786373458233e-05,0.0003109370665205006,6.097551838832384e-05,-0.000253922088159518,-0.00012745201464791375,-0.00011003836758197229,-0.00012720770863583984,6.972567422126602e-05,3.484375
0.000145290970080536,0.00010660620612300385,0.00018952551308181202,0.0003084618113461644,-0.0008954302815272072,0.0002709598370928265,5.156786373270119e-05,0.00031093706651857755,6.0975518386348094e-05,-0.00025392208816137085,-0.00012745201464976422,-0.00011003836758390225,-0.00012720770863772167,6.97256742193925e-05,3.4921875
0.0001452909700775412,0.00010660620612000893,0.0001895255130788945,0.00030846181134326216,-0.0008954302815302385,0.00027095983708990903,5.156786372973163e-05,0.00031093706651566007,6.097551838339671e-05,-0.00025392208816427315,-0.00012745201465270994,-0.00011003836758689717,-0.0001272077086405938,6.972567421642373e-05,3.5
0.00014529097007697582,0.00010660620611942356,0.00018952551307817731,0.0003084618113425383,-0.0008954302815308926,0.00027095983708919183,5.1567863729174435e-05,0.0003109370665149429,6.0975518382751456e-05,-0.000253922088164997,-0.00012745201465342475,-0.00011003836758748254,-0.0001272077086413713,6.972567421577808e-05,3.5078125
0.00014529097007942105,0.00010660620612218122,0.00018952551308083114,0.00030846181134511544,-0.0008954302815281628,0.00027095983709184563,5.156786373163545e-05,0.0003109370665175967,6.09755183853106e-05,-0.0002539220881624198,-0.00012745201465086525,-0.00011003836758472489,-0.00012720770863877275,6.972567421840676e-05,3.515625
0.00014529097008043453,0.00010660620612292688,0.0001895255130814766,0.0003084618113460374,-0.0008954302815275784,0.0002709598370924911,5.156786373244198e-05,0.0003109370665182422,6.0975518386040824e-05,-0.00025392208816149786,-0.00012745201465008126,-0.00011003836758397921,-0.00012720770863779694,6.972567421914463e-05,3.5234375
0.00014529097007828123,0.00010660620612066669,0.0001895255130793923,0.0003084618113439128,-0.0008954302815296571,0.00027095983709040684,5.156786373050475e-05,0.0003109370665161579,6.0975518384028545e-05,-0.00025392208816362247,-0.00012745201465220264,-0.00011003836758623941,-0.00012720770864004552,6.972567421690794e-05,3.53125
0.0001452909700765103,0.00010660620611878071,0.00018952551307737013,0.0003084618113421955,-0.000895430281531419,0.0002709598370883847,5.156786372866326e-05,0.00031093706651413573,6.097551838195212e-05,-0.00025392208816533973,-0.0001274520146540358,-0.00011003836758812539,-0.00012720770864182895,6.972567421505174e-05,3.5390625
0.00014529097007769795,0.00010660620612016064,0.00018952551307894618,0.0003084618113433401,-0.0008954302815301691,0.0002709598370899607,5.1567863729938025e-05,0.0003109370665157118,6.097551838352644e-05,-0.00025392208816419514,-0.00012745201465270994,-0.00011003836758674546,-0.0001272077086405279,6.97256742163776e-05,3.546875
0.00014529097008001286,0.00010660620612237853,0.0001895255130813764,0.0003084618113457415,-0.0008954302815277061,0.00027095983709239093,5.156786373223275e-05,0.00031093706651814197,6.097551838594993e-05,-0.00025392208816179374,-0.00012745201465031185,-0.00011003836758452757,-0.00012720770863822932,6.972567421896016e-05,3.5546875
0.00014529097007994767,0.00010660620612225668,0.00018952551308112821,0.00030846181134560246,-0.0008954302815280211,0.00027095983709214276,5.156786373205609e-05,0.0003109370665178938,6.0975518385610816e-05,-0.0002539220881619328,-0.00012745201465028878,-0.00011003836758464942,-0.00012720770863827122,6.972567421881029e-05,3.5625
0.00014529097007895733,0.0001066062061212491,0.00018952551308007472,0.0003084618113444898,-0.0008954302815289529,0.00027095983709108924,5.156786373100609e-05,0.0003109370665168403,6.0975518384606574e-05,-0.00025392208816304545,-0.0001274520146513956,-0.000110038367585657,-0.0001272077086394432,6.972567421773805e-05,3.5703125
0.0001452909700788669,0.00010660620612128542,0.00018952551308017875,0.0003084618113444674,-0.000895430281528934,0.00027095983709119327,5.15678637310473e-05,0.0003109370665169443,6.09755183847199e-05,-0.00025392208816306784,-0.00012745201465141865,-0.00011003836758562068,-0.00012720770863942915,6.972567421766888e-05,3.578125
0.00014529097007893842,0.00010660620612158073,0.00018952551308040305,0.00030846181134448926,-0.0008954302815287451,0.00027095983709141754,5.156786373138291e-05,0.0003109370665171686,6.097551838473631e-05,-0.000253922088163046,-0.00012745201465141865,-0.00011003836758532537,-0.00012720770863944663,6.9725674217715e-05,3.5859375
0.00014529097008020712,0.00010660620612274268,0.00018952551308133175,0.0003084618113456298,-0.0008954302815277467,0.00027095983709234626,5.1567863732479476e-05,0.00031093706651809735,6.097551838581517e-05,-0.00025392208816190547,-0.0001274520146504502,-0.00011003836758416342,-0.00012720770863820687,6.97256742188218e-05,3.59375
0.00014529097008097205,0.00010660620612352819,0.00018952551308227235,0.00030846181134638954,-0.0008954302815269024,0.00027095983709328686,5.156786373308828e-05,0.0003109370665190379,6.0975518386678735e-05,-0.0002539220881611457,-0.00012745201464943562,-0.00011003836758337791,-0.00012720770863758704,6.972567421960579e-05,3.6015625
0.00014529097008029703,0.00010660620612301495,0.0001895255130816711,0.0003084618113459066,-0.0008954302815273628,0.0002709598370926856,5.1567863732690774e-05,0.0003109370665184367,6.097551838621876e-05,-0.00025392208816162867,-0.00012745201465008126,-0.00011003836758389115,-0.00012720770863801717,6.972567421909851e-05,3.609375
0.0001452909700793889,0.00010660620612189145,0.0001895255130806509,0.0003084618113449549,-0.0008954302815284451,0.0002709598370916654,5.156786373157126e-05,0.0003109370665174164,6.097551838514273e-05,-0.00025392208816258033,-0.00012745201465109583,-0.00011003836758501465,-0.00012720770863895384,6.972567421817616e-05,3.6171875
0.00014529097007834397,0.00010660620612046883,0.00018952551307896596,0.00030846181134377157,-0.0008954302815296114,0.0002709598370899805,5.1567863730142926e-05,0.0003109370665157315,6.097551838386999e-05,-0.0002539220881637637,-0.00012745201465215653,-0.00011003836758643727,-0.0001272077086401516,6.972567421702324e-05,3.625
0.00014529097007674572,0.00010660620611880575,0.00018952551307742225,0.0003084618113422445,-0.0008954302815311271,0.00027095983708843674,5.156786372887202e-05,0.0003109370665141878,6.097551838230276e-05,-0.0002539220881652908,-0.0001274520146534017,-0.00011003836758810035,-0.00012720770864161422,6.97256742155936e-05,3.6328125
0.00014529097007744373,0.00010660620611977011,0.0001895255130781684,0.0003084618113431198,-0.0008954302815304232,0.0002709598370891829,5.156786372902798e-05,0.000310937066514934,6.0975518383367846e-05,-0.00025392208816441545,-0.00012745201465280218,-0.00011003836758713599,-0.0001272077086405183,6.972567421656207e-05,3.640625
0.00014529097007896704,0.00010660620612127122,0.00018952551308003005,0.0003084618113446317,-0.0008954302815285858,0.00027095983709104457,5.15678637310337e-05,0.0003109370665167956,6.09755183846755e-05,-0.00025392208816290353,-0.00012745201465109583,-0.00011003836758563488,-0.00012720770863932474,6.972567421789946e-05,3.6484375
0.00014529097007916618,0.00010660620612177023,0.00018952551308064507,0.0003084618113448488,-0.0008954302815286373,0.00027095983709165964,5.1567863731432246e-05,0.0003109370665174107,6.0975518384980366e-05,-0.0002539220881626865,-0.00012745201465118807,-0.00011003836758513587,-0.00012720770863913742,6.972567421803782e-05,3.65625
0.00014529097007895658,0.00010660620612160157,0.0001895255130804114,0.00030846181134450005,-0.0008954302815290482,0.00027095983709142594,5.156786373104905e-05,0.000310937066517177,6.097551838461195e-05,-0.0002539220881630352,-0.00012745201465169537,-0.00011003836758530453,-0.0001272077086393978,6.972567421753053e-05,3.6640625
0.00014529097007873404,0.00010660620612156609,0.0001895255130801373,0.0003084618113445847,-0.0008954302815287904,0.00027095983709115185,5.1567863731071e-05,0.0003109370665169029,6.097551838453465e-05,-0.00025392208816295053,-0.00012745201465174148,-0.00011003836758534001,-0.0001272077086395228,6.972567421750747e-05,3.671875
0.00014529097007927782,0.00010660620612175893,0.00018952551308059983,0.00030846181134490614,-0.0008954302815282618,0.0002709598370916143,5.1567863731471744e-05,0.00031093706651736535,6.097551838534147e-05,-0.0002539220881626291,-0.0001274520146509575,-0.00011003836758514717,-0.00012720770863889732,6.972567421813006e-05,3.6796875
0.00014529097008093725,0.00010660620612340504,0.00018952551308201536,0.0003084618113465786,-0.0008954302815267903,0.00027095983709302985,5.156786373313439e-05,0.0003109370665187809,6.09755183867504e-05,-0.00025392208816095663,-0.00012745201464943562,-0.00011003836758350106,-0.0001272077086372907,6.972567421969803e-05,3.6875
0.00014529097008116125,0.00010660620612364416,0.00018952551308233436,0.00030846181134671247,-0.0008954302815266546,0.0002709598370933489,5.156786373332555e-05,0.0003109370665190999,6.097551838694319e-05,-0.0002539220881608228,-0.00012745201464918197,-0.00011003836758326194,-0.00012720770863702992,6.972567421997473e-05,3.6953125
0.00014529097008029635,0.00010660620612293,0.00018952551308160033,0.000308461811346136,-0.0008954302815275743,0.0002709598370926148,5.156786373242425e-05,0.0003109370665183659,6.097551838612781e-05,-0.00025392208816139925,-0.00012745201465003516,-0.0001100383675839761,-0.00012720770863800546,6.972567421900628e-05,3.703125
0.00014529097007928257,0.00010660620612166008,0.00018952551308046707,0.0003084618113447905,-0.0008954302815284846,0.0002709598370914816,5.1567863731387685e-05,0.00031093706651723265,6.097551838509459e-05,-0.00025392208816274475,-0.0001274520146512342,-0.00011003836758524602,-0.0001272077086392618,6.972567421792253e-05,3.7109375
0.0001452909700793943,0.00010660620612191732,0.00018952551308051963,0.0003084618113450135,-0.0008954302815285316,0.00027095983709153414,5.156786373149991e-05,0.0003109370665172852,6.0975518385085825e-05,-0.00025392208816252173,-0.00012745201465109583,-0.00011003836758498877,-0.0001272077086390787,6.972567421813006e-05,3.71875
0.0001452909700789994,0.00010660620612159489,0.00018952551308026416,0.00030846181134476926,-0.0008954302815286983,0.00027095983709127865,5.156786373123827e-05,0.0003109370665170297,6.097551838487475e-05,-0.000253922088162766,-0.0001274520146512342,-0.00011003836758531121,-0.00012720770863914804,6.972567421785335e-05,3.7265625
0.00014529097007791008,0.00010660620612022789,0.00018952551307908035,0.0003084618113435053,-0.000895430281529979,0.0002709598370900948,5.156786372998035e-05,0.0003109370665158459,6.0975518383527135e-05,-0.00025392208816402996,-0.00012745201465247936,-0.00011003836758667821,-0.00012720770864039864,6.972567421670043e-05,3.734375
0.00014529097007624705,0.00010660620611839372,0.00018952551307715838,0.0003084618113418441,-0.0008954302815314593,0.00027095983708817285,5.1567863728380305e-05,0.00031093706651392393,6.097551838214882e-05,-0.0002539220881656912,-0.00012745201465404733,-0.00011003836758851238,-0.0001272077086421264,6.972567421510939e-05,3.7421875
0.0001452909700766067,0.0001066062061186946,0.00018952551307733863,0.00030846181134213833,-0.0008954302815316535,0.00027095983708835315,5.156786372866243e-05,0.0003109370665141042,6.097551838188819e-05,-0.0002539220881653969,-0.0001274520146537245,-0.00011003836758821149,-0.00012720770864173582,6.972567421536302e-05,3.75
0.00014529097007872225,0.00010660620612088736,0.00018952551307948568,0.0003084618113441276,-0.0008954302815294279,0.0002709598370905002,5.156786373075731e-05,0.0003109370665162513,6.097551838439729e-05,-0.00025392208816340763,-0.0001274520146517876,-0.00011003836758601874,-0.00012720770863985858,6.972567421739218e-05,3.7578125
0.00014529097008061245,0.00010660620612295336,0.00018952551308171878,0.0003084618113463327,-0.0008954302815271636,0.00027095983709273327,5.156786373267159e-05,0.00031093706651848436,6.097551838643857e-05,-0.0002539220881612026,-0.0001274520146496662,-0.00011003836758395274,-0.00012720770863771036,6.972567421942133e-05,3.765625
0.00014529097008032264,0.0001066062061228144,0.0001895255130813702,0.0003084618113459296,-0.0008954302815275288,0.00027095983709238475,5.156786373244883e-05,0.0003109370665181358,6.097551838608161e-05,-0.00025392208816160563,-0.00012745201465008126,-0.0001100383675840917,-0.0001272077086379583,6.972567421914463e-05,3.7734375
0.00014529097007976675,0.00010660620612208982,0.0001895255130808098,0.00030846181134536166,-0.0008954302815282266,0.00027095983709182433,5.156786373184255e-05,0.00031093706651757536,6.09755183853891e-05,-0.0002539220881621736,-0.00012745201465058856,-0.00011003836758481628,-0.00012720770863859415,6.972567421849898e-05,3.78125
0.0001452909700800846,0.00010660620612275759,0.0001895255130814138,0.00030846181134591434,-0.0008954302815276946,0.00027095983709242834,5.1567863732404104e-05,0.0003109370665181794,6.097551838583607e-05,-0.0002539220881616209,-0.00012745201465003516,-0.00011003836758414851,-0.0001272077086379945,6.972567421896016e-05,3.7890625
0.00014529097008002324,0.00010660620612256421,0.00018952551308144364,0.00030846181134578304,-0.0008954302815277497,0.00027095983709245815,5.1567863732203743e-05,0.0003109370665182092,6.09755183859733e-05,-0.0002539220881617522,-0.00012745201465031185,-0.00011003836758434189,-0.00012720770863821043,6.972567421884487e-05,3.796875
0.00014529097007925283,0.00010660620612209441,0.00018952551308086502,0.00030846181134521985,-0.0008954302815281927,0.00027095983709187957,5.15678637316368e-05,0.0003109370665176306,6.097551838516276e-05,-0.0002539220881623154,-0.00012745201465114197,-0.00011003836758481169,-0.00012720770863883376,6.972567421822228e-05,3.8046875
0.00014529097007740267,0.00010660620611968076,0.00018952551307872814,0.00030846181134328726,-0.0008954302815304318,0.00027095983708974266,5.156786372971407e-05,0.0003109370665154937,6.097551838347055e-05,-0.000253922088164248,-0.00012745201465307887,-0.00011003836758722534,-0.0001272077086410003,6.972567421619313e-05,3.8125
0.00014529097007878712,0.00010660620612116413,0.00018952551307990429,0.0003084618113442791,-0.0008954302815290639,0.0002709598370909188,5.156786373102885e-05,0.0003109370665166699,6.097551838454659e-05,-0.00025392208816325617,-0.00012745201465174148,-0.00011003836758574198,-0.00012720770863956267,6.972567421746135e-05,3.8203125
0.00014529097008016272,0.00010660620612276202,0.00018952551308153606,0.000308461811345818,-0.0008954302815275694,0.0002709598370925506,5.156786373242909e-05,0.0003109370665183016,6.0975518386063586e-05,-0.00025392208816171725,-0.0001274520146501735,-0.00011003836758414408,-0.00012720770863811588,6.972567421896016e-05,3.828125
0.00014529097008069984,0.0001066062061233917,0.00018952551308208977,0.00030846181134640217,-0.0008954302815268742,0.0002709598370931043,5.156786373289012e-05,0.0003109370665188553,6.09755183867918e-05,-0.0002539220881611331,-0.00012745201464948175,-0.0001100383675835144,-0.00012720770863745994,6.972567421969803e-05,3.8359375
0.00014529097007999318,0.00010660620612247357,0.00018952551308127,0.00030846181134563374,-0.0008954302815276566,0.0002709598370922845,5.156786373217041e-05,0.00031093706651803555,6.0975518385829296e-05,-0.0002539220881619015,-0.0001274520146501735,-0.00011003836758443253,-0.00012720770863813702,6.972567421886792e-05,3.84375
0.0001452909700780819,0.00010660620612044772,0.0001895255130791986,0.0003084618113437292,-0.00089543028152976,0.0002709598370902131,5.15678637302513e-05,0.00031093706651596413,6.097551838380527e-05,-0.0002539220881638061,-0.00012745201465225452,-0.00011003836758645838,-0.00012720770864014047,6.972567421695406e-05,3.8515625
0.00014529097007691622,0.00010660620611934558,0.00018952551307814086,0.00030846181134261565,-0.0008954302815309324,0.0002709598370891554,5.156786372906949e-05,0.00031093706651490644,6.09755183826384e-05,-0.0002539220881649196,-0.00012745201465344782,-0.00011003836758756052,-0.00012720770864120434,6.972567421591643e-05,3.859375
0.00014529097007683745,0.00010660620611928874,0.0001895255130780486,0.0003084618113425786,-0.0008954302815308785,0.0002709598370890631,5.15678637291062e-05,0.00031093706651481417,6.0975518382722955e-05,-0.00025392208816495663,-0.00012745201465354003,-0.00011003836758761736,-0.00012720770864138126,6.97256742158242e-05,3.8671875
0.0001452909700783624,0.00010660620612058905,0.00018952551307936687,0.0003084618113438102,-0.0008954302815296616,0.0002709598370903814,5.156786373023683e-05,0.00031093706651613245,6.097551838404816e-05,-0.00025392208816372503,-0.0001274520146520643,-0.00011003836758631705,-0.00012720770864002375,6.972567421706935e-05,3.875
0.00014529097007868642,0.00010660620612108526,0.00018952551307959068,0.00030846181134432424,-0.0008954302815291837,0.0002709598370906052,5.1567863730630797e-05,0.00031093706651635623,6.097551838459501e-05,-0.000253922088163211,-0.00012745201465169537,-0.00011003836758582084,-0.0001272077086397541,6.972567421739218e-05,3.8828125
0.0001452909700788652,0.00010660620612113892,0.00018952551307988065,0.00030846181134450715,-0.0008954302815290564,0.00027095983709089517,5.1567863730964826e-05,0.0003109370665166462,6.097551838456013e-05,-0.0002539220881630281,-0.0001274520146515109,-0.00011003836758576718,-0.00012720770863938136,6.972567421757665e-05,3.890625
0.00014529097007985397,0.00010660620612220394,0.00018952551308100155,0.0003084618113454322,-0.0008954302815280519,0.00027095983709201607,5.1567863731956186e-05,0.00031093706651776716,6.097551838552048e-05,-0.00025392208816210306,-0.00012745201465058856,-0.00011003836758470216,-0.00012720770863841122,6.972567421859122e-05,3.8984375
0.00014529097008087897,0.00010660620612324151,0.00018952551308198346,0.00030846181134641914,-0.0008954302815269937,0.000270959837092998,5.1567863733014794e-05,0.000310937066518749,6.097551838666732e-05,-0.0002539220881611161,-0.00012745201464957397,-0.00011003836758366459,-0.00012720770863738668,6.972567421969803e-05,3.90625
0.00014529097008073545,0.00010660620612304404,0.00018952551308184504,0.0003084618113463774,-0.0008954302815271473,0.0002709598370928596,5.156786373306757e-05,0.0003109370665186106,6.097551838662507e-05,-0.00025392208816115786,-0.0001274520146496662,-0.00011003836758386205,-0.00012720770863764436,6.972567421960579e-05,3.9140625
0.00014529097008036972,0.00010660620612302952,0.0001895255130816932,0.0003084618113461145,-0.0008954302815272216,0.0002709598370927077,5.1567863732633745e-05,0.00031093706651845877,6.097551838628143e-05,-0.0002539220881614208,-0.0001274520146498968,-0.00011003836758387658,-0.0001272077086377889,6.972567421923686e-05,3.921875
0.00014529097007966605,0.00010660620612231505,0.00018952551308121693,0.00030846181134552944,-0.0008954302815278817,0.00027095983709223145,5.156786373217886e-05,0.0003109370665179825,6.0975518385730546e-05,-0.0002539220881620058,-0.00012745201465058856,-0.00011003836758459105,-0.00012720770863847874,6.972567421863734e-05,3.9296875
0.00014529097007867753,0.00010660620612114923,0.00018952551307984644,0.00030846181134451387,-0.0008954302815290635,0.00027095983709086096,5.156786373090261e-05,0.000310937066516612,6.097551838448321e-05,-0.0002539220881630214,-0.00012745201465160313,-0.00011003836758575687,-0.00012720770863945354,6.972567421757665e-05,3.9375
0.00014529097007663213,0.00010660620611908719,0.00018952551307776732,0.0003084618113422817,-0.0008954302815312105,0.00027095983708878184,5.1567863728847663e-05,0.00031093706651453293,6.097551838246238e-05,-0.00025392208816525354,-0.00012745201465363227,-0.00011003836758781891,-0.0001272077086416371,6.97256742152708e-05,3.9453125
0.00014529097007693676,0.00010660620611958912,0.0001895255130783571,0.000308461811342512,-0.0008954302815306903,0.0002709598370893716,5.1567863728967346e-05,0.00031093706651512263,6.0975518382982825e-05,-0.00025392208816502325,-0.00012745201465330945,-0.00011003836758731698,-0.00012720770864113937,6.97256742158242e-05,3.953125
0.00014529097007960019,0.0001066062061221436,0.00018952551308076902,0.00030846181134509777,-0.0008954302815281952,0.0002709598370917835,5.156786373161264e-05,0.00031093706651753454,6.0975518385394463e-05,-0.0002539220881624375,-0.00012745201465063467,-0.00011003836758476251,-0.00012720770863845337,6.972567421840676e-05,3.9609375
0.00014529097008023209,0.00010660620612279749,0.0001895255130815137,0.00030846181134588777,-0.0008954302815275683,0.00027095983709252825,5.156786373252184e-05,0.0003109370665182793,6.09755183860183e-05,-0.0002539220881616475,-0.00012745201465003516,-0.00011003836758410861,-0.00012720770863797694,6.972567421912157e-05,3.96875
0.00014529097007859017,0.0001066062061209583,0.0001895255130799307,0.0003084618113443909,-0.0008954302815290875,0.0002709598370909452,5.156786373079713e-05,0.00031093706651669624,6.097551838427701e-05,-0.00025392208816314433,-0.00012745201465176454,-0.0001100383675859478,-0.00012720770863987438,6.972567421746135e-05,3.9765625
0.00014529097007778173,0.00010660620612009692,0.00018952551307888356,0.00030846181134338473,-0.0008954302815302892,0.00027095983708989814,5.156786372976242e-05,0.00031093706651564917,6.097551838353304e-05,-0.0002539220881641505,-0.00012745201465266383,-0.00011003836758680918,-0.00012720770864060779,6.972567421656207e-05,3.984375
0.0001452909700788978,0.00010660620612112635,0.00018952551307996996,0.00030846181134450596,-0.0008954302815289284,0.00027095983709098445,5.1567863730967306e-05,0.00031093706651673554,6.097551838467014e-05,-0.0002539220881630293,-0.0001274520146515109,-0.00011003836758577975,-0.00012720770863934732,6.972567421766888e-05,3.9921875
0.00014529097007986085,0.0001066062061222422,0.00018952551308108924,0.0003084618113455227,-0.000895430281527969,0.0002709598370921038,5.156786373195593e-05,0.0003109370665178548,6.097551838555966e-05,-0.00025392208816201253,-0.00012745201465063467,-0.0001100383675846639,-0.0001272077086384134,6.97256742185451e-05,4.0
0.00014529097007974194,0.0001066062061223365,0.00018952551308081407,0.000308461811345425,-0.0008954302815280326,0.0002709598370918286,5.156786373192384e-05,0.00031093706651757965,6.0975518385482555e-05,-0.0002539220881621103,-0.00012745201465063467,-0.0001100383675845696,-0.00012720770863865598,6.972567421872958e-05,4.0078125
0.00014529097007954603,0.0001066062061219951,0.0001895255130807257,0.00030846181134528664,-0.0008954302815283373,0.00027095983709174025,5.1567863731772055e-05,0.0003109370665174913,6.097551838533203e-05,-0.0002539220881622486,-0.0001274520146507269,-0.00011003836758491099,-0.0001272077086386361,6.97256742182684e-05,4.015625
0.00014529097007909085,0.0001066062061214502,0.00018952551308023714,0.00030846181134468827,-0.0008954302815286199,0.00027095983709125165,5.156786373132629e-05,0.0003109370665170027,6.097551838493499e-05,-0.000253922088162847,-0.0001274520146512803,-0.00011003836758545588,-0.00012720770863912395,6.972567421789946e-05,4.0234375
0.0001452909700781968,0.0001066062061206652,0.0001895255130794833,0.00030846181134380133,-0.0008954302815296209,0.0002709598370904978,5.1567863730355565e-05,0.0003109370665162489,6.0975518383948056e-05,-0.0002539220881637339,-0.00012745201465213347,-0.0001100383675862409,-0.000127207708639956,6.972567421700018e-05,4.03125
0.00014529097007842185,0.00010660620612089986,0.00018952551307968194,0.00030846181134411906,-0.0008954302815294284,0.0002709598370906965,5.156786373062321e-05,0.0003109370665164475,6.097551838421855e-05,-0.0002539220881634162,-0.00012745201465197206,-0.00011003836758600624,-0.00012720770863984074,6.972567421720771e-05,4.0390625
0.00014529097007950944,0.00010660620612195077,0.00018952551308074113,0.0003084618113450931,-0.0008954302815283348,0.00027095983709175565,5.156786373173915e-05,0.0003109370665175067,6.0975518385271806e-05,-0.0002539220881624422,-0.00012745201465086525,-0.00011003836758495533,-0.00012720770863877562,6.972567421840676e-05,4.046875
0.00014529097008073833,0.00010660620612324078,0.00018952551308207535,0.0003084618113463664,-0.0008954302815269626,0.00027095983709308986,5.1567863732935885e-05,0.00031093706651884095,6.097551838654729e-05,-0.00025392208816116886,-0.00012745201464957397,-0.00011003836758366532,-0.00012720770863756711,6.972567421951357e-05,4.0546875
0.00014529097007937776,0.00010660620612205343,0.00018952551308102443,0.00030846181134504204,-0.0008954302815282667,0.0002709598370920389,5.156786373154978e-05,0.00031093706651779,6.097551838530914e-05,-0.0002539220881624932,-0.0001274520146509575,-0.00011003836758485267,-0.00012720770863870753,6.972567421817616e-05,4.0625
0.00014529097007904418,0.00010660620612147984,0.00018952551308026256,0.0003084618113447101,-0.000895430281528773,0.0002709598370912771,5.1567863731231004e-05,0.0003109370665170281,6.097551838484813e-05,-0.00025392208816282514,-0.00012745201465134948,-0.00011003836758542626,-0.00012720770863919377,6.972567421794558e-05,4.0703125
0.00014529097007917244,0.00010660620612163418,0.00018952551308031135,0.00030846181134474416,-0.000895430281528715,0.00027095983709132587,5.1567863731361474e-05,0.0003109370665170769,6.097551838488996e-05,-0.0002539220881627911,-0.00012745201465121114,-0.00011003836758527192,-0.00012720770863906887,6.972567421796865e-05,4.078125
0.00014529097007967207,0.00010660620612220515,0.0001895255130809499,0.000308461811345322,-0.0008954302815281713,0.00027095983709196435,5.156786373187441e-05,0.00031093706651771544,6.097551838545223e-05,-0.0002539220881622133,-0.00012745201465071539,-0.00011003836758470095,-0.0001272077086386077,6.97256742184644e-05,4.0859375
0.0001452909700780753,0.00010660620612048337,0.000189525513079308,0.00030846181134365974,-0.0008954302815297906,0.00027095983709032255,5.156786373022495e-05,0.0003109370665160736,6.097551838375822e-05,-0.0002539220881638755,-0.00012745201465229488,-0.00011003836758642272,-0.00012720770864024355,6.972567421693101e-05,4.09375
0.000145290970077061,0.00010660620611961748,0.00018952551307807686,0.00030846181134263267,-0.0008954302815308161,0.0002709598370890914,5.156786372924232e-05,0.0003109370665148424,6.097551838299878e-05,-0.0002539220881649026,-0.00012745201465326334,-0.00011003836758728862,-0.0001272077086413469,6.972567421573196e-05,4.1015625
0.00014529097007804495,0.0001066062061202203,0.0001895255130790826,0.00030846181134348307,-0.0008954302815299052,0.00027095983709009714,5.156786372996893e-05,0.0003109370665158482,6.097551838368048e-05,-0.0002539220881640522,-0.00012745201465238712,-0.0001100383675866858,-0.00012720770864022463,6.972567421670043e-05,4.109375
0.0001452909700775321,0.00010660620611998698,0.00018952551307870584,0.0003084618113432337,-0.0008954302815302023,0.0002709598370897204,5.156786372959879e-05,0.0003109370665154714,6.097551838341278e-05,-0.00025392208816430156,-0.00012745201465289442,-0.00011003836758691912,-0.00012720770864066433,6.972567421646983e-05,4.1171875
0.00014529097007829153,0.00010660620612064708,0.0001895255130793638,0.0003084618113438652,-0.0008954302815296499,0.00027095983709037833,5.156786373043605e-05,0.0003109370665161294,6.097551838416781e-05,-0.00025392208816367006,-0.00012745201465215653,-0.00011003836758625902,-0.00012720770863990162,6.972567421702324e-05,4.125
0.00014529097008081764,0.00010660620612315796,0.00018952551308196367,0.0003084618113463947,-0.0008954302815270749,0.0002709598370929782,5.1567863732895824e-05,0.0003109370665187292,6.097551838648999e-05,-0.00025392208816114056,-0.0001274520146496201,-0.00011003836758374814,-0.0001272077086374795,6.972567421961732e-05,4.1328125
0.000145290970082543,0.00010660620612504584,0.00018952551308364004,0.00030846181134840036,-0.0008954302815253403,0.0002709598370946546,5.15678637346857e-05,0.0003109370665204056,6.097551838818403e-05,-0.0002539220881591349,-0.000127452014648006,-0.00011003836758186026,-0.000127207708635913,6.972567422154272e-05,4.140625
0.00014529097008054393,0.00010660620612305543,0.0001895255130817615,0.0003084618113462784,-0.0008954302815272205,0.00027095983709277604,5.156786373277635e-05,0.0003109370665185271,6.097551838633922e-05,-0.00025392208816125684,-0.00012745201464985068,-0.00011003836758385067,-0.0001272077086376178,6.972567421951357e-05,4.1484375
0.0001452909700779803,0.00010660620612040596,0.0001895255130794096,0.0003084618113437698,-0.0008954302815298032,0.00027095983709042414,5.1567863730339295e-05,0.00031093706651617517,6.097551838386041e-05,-0.00025392208816376547,-0.0001274520146522718,-0.00011003836758650014,-0.00012720770864005032,6.972567421697713e-05,4.15625
0.00014529097007843925,0.00010660620612127459,0.00018952551307987184,0.00030846181134419663,-0.0008954302815292511,0.00027095983709088633,5.156786373089831e-05,0.0003109370665166374,6.097551838421764e-05,-0.0002539220881633386,-0.0001274520146517876,-0.00011003836758563151,-0.0001272077086397367,6.972567421729995e-05,4.1640625
0.0001452909700798554,0.00010660620612235427,0.00018952551308113312,0.00030846181134541593,-0.0008954302815281042,0.00027095983709214764,5.15678637320966e-05,0.0003109370665178987,6.097551838565227e-05,-0.00025392208816211933,-0.0001274520146506116,-0.00011003836758455183,-0.00012720770863841819,6.972567421861428e-05,4.171875
0.00014529097007946385,0.00010660620612201173,0.0001895255130807468,0.0003084618113451436,-0.0008954302815283424,0.0002709598370917613,5.156786373167372e-05,0.00031093706651751237,6.0975518385224745e-05,-0.0002539220881623917,-0.00012745201465086525,-0.00011003836758489437,-0.00012720770863876334,6.972567421822228e-05,4.1796875
0.00014529097007857293,0.0001066062061210724,0.00018952551307985853,0.000308461811344174,-0.0008954302815292181,0.00027095983709087305,5.1567863730824835e-05,0.00031093706651662414,6.097551838441202e-05,-0.0002539220881633613,-0.00012745201465176454,-0.0001100383675858337,-0.0001272077086397271,6.972567421739218e-05,4.1875
0.0001452909700790145,0.00010660620612145235,0.0001895255130802186,0.00030846181134470133,-0.0008954302815287719,0.00027095983709123306,5.1567863731193816e-05,0.00031093706651698415,6.09755183848324e-05,-0.0002539220881628339,-0.00012745201465137255,-0.00011003836758545375,-0.00012720770863923142,6.972567421785335e-05,4.1953125
0.00014529097007882688,0.0001066062061212849,0.0001895255130800752,0.0003084618113443711,-0.0008954302815289382,0.00027095983709108973,5.1567863730931534e-05,0.00031093706651684076,6.097551838464876e-05,-0.0002539220881631642,-0.0001274520146515109,-0.0001100383675856212,-0.00012720770863946135,6.972567421757665e-05,4.203125
0.00014529097007702195,0.0001066062061195255,0.0001895255130783665,0.00030846181134269604,-0.0008954302815307028,0.000270959837089381,5.156786372916946e-05,0.00031093706651513206,6.097551838292361e-05,-0.0002539220881648392,-0.00012745201465335558,-0.0001100383675873806,-0.00012720770864115357,6.97256742158242e-05,4.2109375
0.00014529097007577488,0.00010660620611814507,0.00018952551307697081,0.00030846181134136627,-0.0008954302815318857,0.00027095983708798533,5.1567863727849676e-05,0.00031093706651373637,6.097551838158825e-05,-0.000253922088166169,-0.00012745201465464687,-0.00011003836758876103,-0.00012720770864244817,6.972567421462516e-05,4.21875
0.00014529097007755665,0.00010660620611994152,0.0001895255130783158,0.0003084618113429387,-0.0008954302815302203,0.00027095983708933034,5.1567863729460787e-05,0.0003109370665150814,6.0975518383283705e-05,-0.00025392208816459657,-0.00012745201465280218,-0.00011003836758696458,-0.00012720770864065815,6.97256742163776e-05,4.2265625
0.0001452909700803401,0.00010660620612237122,0.00018952551308107905,0.0003084618113458972,-0.0008954302815276287,0.00027095983709209354,5.1567863732153775e-05,0.00031093706651784457,6.097551838601293e-05,-0.00025392208816163805,-0.00012745201465035798,-0.00011003836758453488,-0.00012720770863814914,6.972567421900628e-05,4.234375
0.0001452909700807552,0.00010660620612290484,0.0001895255130816279,0.0003084618113462483,-0.000895430281527296,0.0002709598370926424,5.156786373255593e-05,0.0003109370665183935,6.097551838643066e-05,-0.00025392208816128693,-0.00012745201464985068,-0.00011003836758400126,-0.0001272077086376536,6.972567421942133e-05,4.2421875
0.00014529097007982705,0.00010660620612263247,0.0001895255130811781,0.00030846181134557227,-0.0008954302815278414,0.00027095983709219263,5.156786373227982e-05,0.00031093706651794367,6.0975518385806196e-05,-0.000253922088161963,-0.00012745201465040408,-0.00011003836758427363,-0.00012720770863824005,6.972567421877569e-05,4.25
0.00014529097008047327,0.00010660620612309692,0.00018952551308179551,0.0003084618113459634,-0.000895430281527235,0.00027095983709281003,5.156786373274806e-05,0.00031093706651856107,6.097551838623363e-05,-0.00025392208816157186,-0.00012745201464994292,-0.00011003836758380918,-0.00012720770863790536,6.972567421928298e-05,4.2578125
0.0001452909700799156,0.00010660620612254763,0.00018952551308119674,0.00030846181134565163,-0.0008954302815277434,0.0002709598370922113,5.156786373216472e-05,0.0003109370665179623,6.097551838570316e-05,-0.0002539220881618836,-0.00012745201465026574,-0.00011003836758435847,-0.0001272077086382496,6.972567421877569e-05,4.265625
0.00014529097008009821,0.00010660620612265436,0.0001895255130814281,0.0003084618113456373,-0.0008954302815277444,0.0002709598370924426,5.1567863732206285e-05,0.0003109370665181937,6.097551838580679e-05,-0.00025392208816189793,-0.00012745201465049632,-0.00011003836758425173,-0.00012720770863831134,6.972567421877569e-05,4.2734375
0.00014529097007923362,0.00010660620612210695,0.00018952551308084884,0.00030846181134511647,-0.0008954302815284709,0.00027095983709186336,5.15678637319394e-05,0.0003109370665176144,6.0975518385476754e-05,-0.0002539220881624188,-0.000127452014650773,-0.00011003836758479915,-0.0001272077086388112,6.972567421840676e-05,4.28125
0.00014529097007828432,0.00010660620612088433,0.00018952551307980462,0.00030846181134397497,-0.0008954302815295526,0.0002709598370908191,5.156786373067978e-05,0.00031093706651657015,6.09755183841601e-05,-0.0002539220881635603,-0.00012745201465197206,-0.00011003836758602177,-0.00012720770863995198,6.97256742171616e-05,4.2890625
0.0001452909700786743,0.0001066062061213088,0.00018952551308002764,0.00030846181134433476,-0.0008954302815290987,0.0002709598370910422,5.156786373101033e-05,0.0003109370665167932,6.097551838446982e-05,-0.0002539220881632005,-0.00012745201465160313,-0.0001100383675855973,-0.0001272077086395649,6.972567421755359e-05,4.296875
0.00014529097008000093,0.00010660620612248251,0.00018952551308121284,0.0003084618113457456,-0.0008954302815279569,0.00027095983709222733,5.156786373222261e-05,0.0003109370665179784,6.0975518385748516e-05,-0.0002539220881617897,-0.00012745201465040408,-0.00011003836758442359,-0.0001272077086382628,6.972567421886792e-05,4.3046875
0.00014529097007997564,0.00010660620612231144,0.00018952551308105996,0.0003084618113455021,-0.0008954302815279184,0.0002709598370920745,5.1567863731977084e-05,0.00031093706651782554,6.097551838571442e-05,-0.00025392208816203313,-0.00012745201465040408,-0.00011003836758459466,-0.00012720770863829228,6.972567421886792e-05,4.3125
0.00014529097007813638,0.0001066062061207167,0.00018952551307916773,0.0003084618113437888,-0.0008954302815295422,0.00027095983709018225,5.15678637302697e-05,0.0003109370665159333,6.0975518384065984e-05,-0.00025392208816374644,-0.0001274520146520643,-0.0001100383675861894,-0.00012720770863988647,6.972567421711547e-05,4.3203125
0.0001452909700769196,0.00010660620611894872,0.00018952551307761944,0.0003084618113425079,-0.0008954302815306598,0.00027095983708863396,5.156786372903021e-05,0.000310937066514385,6.097551838275605e-05,-0.0002539220881650274,-0.0001274520146531711,-0.00011003836758795738,-0.0001272077086412581,6.972567421573196e-05,4.328125
0.00014529097007793385,0.00010660620612030129,0.00018952551307887885,0.0003084618113435014,-0.0008954302815298142,0.00027095983708989337,5.156786373009249e-05,0.00031093706651564445,6.097551838378554e-05,-0.00025392208816403387,-0.00012745201465224877,-0.00011003836758660481,-0.00012720770864006848,6.972567421693101e-05,4.3359375
0.00014529097007879045,0.00010660620612136806,0.00018952551307987474,0.00030846181134460944,-0.0008954302815289475,0.00027095983709088926,5.1567863731100995e-05,0.00031093706651664035,6.097551838469371e-05,-0.0002539220881629258,-0.00012745201465137255,-0.00011003836758553804,-0.0001272077086394691,6.9725674217715e-05,4.34375
0.00014529097007867674,0.00010660620612127905,0.00018952551308008809,0.0003084618113442914,-0.0008954302815290937,0.00027095983709110263,5.156786373093228e-05,0.00031093706651685367,6.097551838456591e-05,-0.00025392208816324386,-0.00012745201465174148,-0.00011003836758562705,-0.00012720770863965247,6.972567421753053e-05,4.3515625
0.0001452909700787639,0.00010660620612144141,0.00018952551308028926,0.00030846181134451593,-0.000895430281528724,0.0002709598370913038,5.15678637310417e-05,0.00031093706651705484,6.097551838468995e-05,-0.0002539220881630193,-0.000127452014651557,-0.00011003836758546469,-0.00012720770863955866,6.972567421753053e-05,4.359375
0.00014529097007993417,0.00010660620612236721,0.00018952551308110664,0.00030846181134546764,-0.0008954302815276924,0.00027095983709212113,5.156786373207212e-05,0.0003109370665178722,6.097551838566053e-05,-0.0002539220881620676,-0.00012745201465049632,-0.00011003836758453888,-0.00012720770863836417,6.972567421868346e-05,4.3671875
0.00014529097008038463,0.00010660620612275813,0.00018952551308153945,0.00030846181134608786,-0.0008954302815276892,0.00027095983709255394,5.156786373259009e-05,0.000310937066518305,6.097551838586413e-05,-0.0002539220881614474,-0.00012745201465012737,-0.00011003836758414797,-0.0001272077086379212,6.972567421919075e-05,4.375
0.00014529097007926284,0.00010660620612159827,0.00018952551308014474,0.00030846181134486087,-0.0008954302815285698,0.0002709598370911593,5.15678637315276e-05,0.0003109370665169103,6.097551838494847e-05,-0.0002539220881626744,-0.0001274520146512342,-0.00011003836758530783,-0.00012720770863927606,6.972567421813006e-05,4.3828125
0.00014529097007933803,0.00010660620612199655,0.00018952551308110084,0.0003084618113454584,-0.0008954302815280614,0.0002709598370921154,5.156786373187665e-05,0.0003109370665178664,6.09755183855193e-05,-0.0002539220881620769,-0.00012745201465081914,-0.00011003836758490955,-0.00012720770863853422,6.972567421849898e-05,4.390625
0.00014529097007991536,0.00010660620612248658,0.000189525513081261,0.00030846181134561905,-0.000895430281527831,0.0002709598370922755,5.156786373212407e-05,0.0003109370665180266,6.097551838580966e-05,-0.0002539220881619162,-0.00012745201465040408,-0.00011003836758441952,-0.00012720770863830256,6.972567421872958e-05,4.3984375
0.0001452909700800443,0.00010660620612248417,0.0001895255130812302,0.00030846181134561667,-0.0008954302815278418,0.00027095983709224473,5.1567863732164726e-05,0.00031093706651799576,6.097551838567068e-05,-0.0002539220881619186,-0.00012745201465035798,-0.00011003836758442192,-0.0001272077086382424,6.97256742188218e-05,4.40625
0.00014529097007911574,0.00010660620612157862,0.00018952551308034328,0.00030846181134471933,-0.0008954302815287307,0.0002709598370913578,5.1567863731296754e-05,0.00031093706651710883,6.097551838490385e-05,-0.00025392208816281593,-0.0001274520146512342,-0.00011003836758532748,-0.0001272077086391457,6.972567421789946e-05,4.4140625
0.00014529097007793358,0.00010660620612043129,0.00018952551307929074,0.0003084618113435306,-0.0008954302815298445,0.00027095983709030525,5.1567863730166765e-05,0.0003109370665160563,6.0975518383837956e-05,-0.00025392208816400465,-0.00012745201465243322,-0.00011003836758647481,-0.00012720770864033478,6.972567421688489e-05,4.421875
0.00014529097007805506,0.00010660620612071077,0.0001895255130795509,0.00030846181134374463,-0.0008954302815296225,0.0002709598370905654,5.156786373025389e-05,0.0003109370665163165,6.097551838398674e-05,-0.0002539220881637906,-0.00012745201465220264,-0.00011003836758619533,-0.00012720770864023994,6.972567421693101e-05,4.4296875
0.00014529097007948648,0.00010660620612210608,0.0001895255130808862,0.00030846181134525454,-0.0008954302815282095,0.00027095983709190077,5.1567863731722866e-05,0.0003109370665176518,6.097551838549503e-05,-0.0002539220881622807,-0.0001274520146509575,-0.00011003836758480002,-0.00012720770863869712,6.972567421840676e-05,4.4375
0.00014529097008019763,0.00010660620612279494,0.0001895255130815326,0.0003084618113461095,-0.0008954302815274648,0.0002709598370925471,5.156786373259135e-05,0.00031093706651829815,6.097551838610259e-05,-0.00025392208816142576,-0.00012745201464985068,-0.00011003836758411115,-0.00012720770863778133,6.972567421932909e-05,4.4453125
0.00014529097008034324,0.00010660620612254059,0.00018952551308122853,0.0003084618113458328,-0.0008954302815276434,0.000270959837092243,5.156786373223901e-05,0.0003109370665179941,6.097551838602837e-05,-0.00025392208816170245,-0.00012745201465012737,-0.00011003836758436551,-0.00012720770863814808,6.972567421900628e-05,4.453125
0.00014529097007957885,0.000106606206122058,0.00018952551308074536,0.0003084618113452462,-0.0008954302815281637,0.0002709598370917599,5.156786373173613e-05,0.0003109370665175109,6.097551838540561e-05,-0.00025392208816228906,-0.000127452014650773,-0.0001100383675848481,-0.0001272077086387626,6.972567421831452e-05,4.4609375
0.00014529097007834956,0.00010660620612052203,0.00018952551307939986,0.0003084618113439586,-0.0008954302815295442,0.0002709598370904144,5.156786373043134e-05,0.0003109370665161654,6.097551838420408e-05,-0.00025392208816357666,-0.00012745201465215653,-0.00011003836758638407,-0.0001272077086402059,6.972567421702324e-05,4.46875
0.0001452909700784826,0.00010660620612085118,0.0001895255130796059,0.000308461811344204,-0.0008954302815293269,0.0002709598370906204,5.156786373060422e-05,0.00031093706651637147,6.0975518384346514e-05,-0.00025392208816333125,-0.00012745201465183371,-0.00011003836758605492,-0.00012720770863970573,6.972567421729995e-05,4.4765625
0.00014529097007805905,0.00010660620612050971,0.00018952551307923845,0.00030846181134374187,-0.0008954302815296672,0.000270959837090253,5.156786373018693e-05,0.00031093706651600403,6.0975518383865874e-05,-0.0002539220881637934,-0.00012745201465215653,-0.00011003836758639637,-0.0001272077086401098,6.972567421702324e-05,4.484375
0.00014529097007765608,0.00010660620611998381,0.00018952551307882735,0.0003084618113432578,-0.000895430281530295,0.00027095983708984187,5.156786372973563e-05,0.0003109370665155929,6.0975518383392525e-05,-0.00025392208816427743,-0.00012745201465280218,-0.00011003836758692229,-0.00012720770864070084,6.972567421642373e-05,4.4921875
0.00014529097007692554,0.00010660620611933945,0.00018952551307812446,0.00030846181134256247,-0.0008954302815308682,0.000270959837089139,5.156786372908434e-05,0.00031093706651489007,6.0975518382685334e-05,-0.0002539220881649728,-0.00012745201465344782,-0.00011003836758756665,-0.00012720770864130715,6.97256742158242e-05,4.5
0.00014529097007742463,0.00010660620611974505,0.00018952551307860362,0.000308461811343159,-0.0008954302815303657,0.00027095983708961814,5.1567863729514766e-05,0.0003109370665153692,6.097551838323382e-05,-0.00025392208816437626,-0.00012745201465289442,-0.00011003836758716105,-0.00012720770864078204,6.972567421619313e-05,4.5078125
0.00014529097007915732,0.00010660620612153835,0.0001895255130802776,0.00030846181134484764,-0.0008954302815285854,0.0002709598370912921,5.156786373129724e-05,0.0003109370665170432,6.0975518384955145e-05,-0.0002539220881626876,-0.00012745201465118807,-0.00011003836758536775,-0.00012720770863914387,6.97256742179917e-05,4.515625
0.00014529097008099683,0.00010660620612363453,0.00018952551308238353,0.00030846181134667366,-0.0008954302815266664,0.00027095983709339805,5.156786373328884e-05,0.00031093706651914914,6.097551838690424e-05,-0.0002539220881608616,-0.00012745201464932034,-0.00011003836758327157,-0.00012720770863712324,6.972567421983639e-05,4.5234375
0.00014529097008220666,0.00010660620612482464,0.000189525513083587,0.0003084618113478557,-0.0008954302815254424,0.0002709598370946015,5.156786373466765e-05,0.00031093706652035255,6.0975518387795104e-05,-0.00025392208815967955,-0.0001274520146482827,-0.00011003836758208146,-0.0001272077086362528,6.972567422089708e-05,4.53125
0.00014529097008124782,0.00010660620612377456,0.00018952551308267749,0.00030846181134687765,-0.0008954302815265692,0.00027095983709369203,5.156786373367406e-05,0.00031093706651944307,6.097551838698736e-05,-0.0002539220881606576,-0.00012745201464918197,-0.00011003836758313154,-0.00012720770863697874,6.972567422022838e-05,4.5390625
0.0001452909700791622,0.0001066062061216084,0.00018952551308028533,0.00030846181134484314,-0.0008954302815288955,0.00027095983709129985,5.156786373122319e-05,0.0003109370665170509,6.0975518384936564e-05,-0.0002539220881626921,-0.00012745201465104973,-0.0001100383675852977,-0.00012720770863912137,6.97256742179917e-05,4.546875
0.00014529097007723906,0.0001066062061194497,0.0001895255130781828,0.00030846181134301605,-0.000895430281530604,0.0002709598370891973,5.156786372926864e-05,0.00031093706651494834,6.097551838286969e-05,-0.0002539220881645192,-0.0001274520146531711,-0.0001100383675874564,-0.00012720770864105204,6.97256742161009e-05,4.5546875
0.0001452909700780131,0.00010660620612035085,0.00018952551307906373,0.0003084618113436591,-0.0008954302815298339,0.0002709598370900782,5.15678637300068e-05,0.00031093706651582926,6.097551838378668e-05,-0.00025392208816387617,-0.00012745201465243322,-0.00011003836758655525,-0.00012720770864030229,6.972567421679265e-05,4.5625
0.00014529097007957013,0.0001066062061219947,0.0001895255130807959,0.000308461811345109,-0.0008954302815282354,0.0002709598370918104,5.1567863731747166e-05,0.00031093706651756143,6.0975518385482934e-05,-0.00025392208816242627,-0.0001274520146507269,-0.0001100383675849114,-0.00012720770863870856,6.972567421822228e-05,4.5703125
0.00014529097007927135,0.0001066062061218055,0.0001895255130805894,0.00030846181134486504,-0.0008954302815285976,0.0002709598370916039,5.156786373154784e-05,0.00031093706651735495,6.0975518385093414e-05,-0.00025392208816267027,-0.00012745201465109583,-0.0001100383675851006,-0.0001272077086389468,6.97256742179917e-05,4.578125
0.00014529097007867013,0.0001066062061210711,0.00018952551307989214,0.00030846181134430993,-0.0008954302815290861,0.00027095983709090666,5.1567863730827525e-05,0.0003109370665166577,6.097551838448328e-05,-0.0002539220881632253,-0.00012745201465160313,-0.000110038367585835,-0.00012720770863950057,6.972567421757665e-05,4.5859375
0.00014529097007823886,0.00010660620612060195,0.00018952551307947394,0.00030846181134372127,-0.0008954302815297351,0.00027095983709048843,5.156786373023435e-05,0.0003109370665162395,6.097551838408796e-05,-0.000253922088163814,-0.00012745201465215653,-0.00011003836758630415,-0.00012720770863989557,6.972567421706935e-05,4.59375
0.00014529097007935578,0.00010660620612184042,0.00018952551308048935,0.0003084618113449638,-0.0008954302815284374,0.00027095983709150384,5.1567863731555885e-05,0.0003109370665172549,6.097551838523306e-05,-0.00025392208816257144,-0.0001274520146510036,-0.00011003836758506568,-0.0001272077086389176,6.972567421822228e-05,4.6015625
0.00014529097008045044,0.00010660620612294014,0.00018952551308178,0.0003084618113461579,-0.0008954302815273585,0.00027095983709279453,5.156786373273053e-05,0.00031093706651854556,6.0975518386279443e-05,-0.00025392208816137735,-0.00012745201464998903,-0.00011003836758396596,-0.0001272077086379361,6.972567421923686e-05,4.609375
0.00014529097008015473,0.00010660620612251584,0.0001895255130812239,0.0003084618113457606,-0.0008954302815277526,0.00027095983709223844,5.156786373228576e-05,0.0003109370665179895,6.097551838589079e-05,-0.00025392208816177466,-0.0001274520146502196,-0.00011003836758439026,-0.00012720770863815234,6.972567421886792e-05,4.6171875
0.00014529097007906134,0.00010660620612138644,0.00018952551308014427,0.0003084618113446314,-0.0008954302815288457,0.0002709598370911588,5.1567863731224024e-05,0.0003109370665169098,6.097551838470643e-05,-0.00025392208816290386,-0.00012745201465114197,-0.00011003836758551966,-0.000127207708639231,6.972567421794558e-05,4.625
0.0001452909700783569,0.0001066062061206691,0.0001895255130795299,0.00030846181134399167,-0.0008954302815294755,0.00027095983709054443,5.156786373041593e-05,0.00031093706651629546,6.097551838414205e-05,-0.0002539220881635436,-0.00012745201465192595,-0.000110038367586237,-0.00012720770863973392,6.972567421725383e-05,4.6328125
0.0001452909700779533,0.00010660620612036871,0.00018952551307916863,0.0003084618113436342,-0.0008954302815298355,0.00027095983709018317,5.156786373008346e-05,0.0003109370665159342,6.09755183838045e-05,-0.00025392208816390105,-0.00012745201465238712,-0.00011003836758653739,-0.00012720770864029185,6.972567421672348e-05,4.640625
0.00014529097007813798,0.00010660620612060655,0.0001895255130792948,0.00030846181134367703,-0.0008954302815296222,0.0002709598370903093,5.1567863730263266e-05,0.00031093706651606035,6.097551838396266e-05,-0.0002539220881638582,-0.0001274520146522718,-0.00011003836758629955,-0.00012720770864015448,6.972567421688489e-05,4.6484375
0.000145290970078363,0.00010660620612098962,0.00018952551307984544,0.00030846181134418514,-0.0008954302815291718,0.00027095983709085993,5.15678637306147e-05,0.000310937066516611,6.097551838429891e-05,-0.0002539220881633501,-0.00012745201465197206,-0.00011003836758591648,-0.00012720770863979005,6.972567421720771e-05,4.65625
0.00014529097007782356,0.0001066062061200672,0.00018952551307908888,0.00030846181134332293,-0.0008954302815300789,0.0002709598370901034,5.156786373019827e-05,0.00031093706651585446,6.097551838360257e-05,-0.0002539220881642123,-0.00012745201465243322,-0.0001100383675868389,-0.00012720770864057225,6.972567421656207e-05,4.6640625
0.00014529097007823645,0.00010660620612069301,0.0001895255130792367,0.0003084618113436869,-0.0008954302815297802,0.0002709598370902512,5.1567863730151464e-05,0.00031093706651600224,6.097551838387771e-05,-0.0002539220881638484,-0.00012745201465243322,-0.00011003836758621309,-0.00012720770864032118,6.972567421674653e-05,4.671875
0.0001452909700792487,0.0001066062061217109,0.00018952551308051363,0.0003084618113448746,-0.0008954302815285102,0.0002709598370915282,5.1567863731352204e-05,0.0003109370665172792,6.09755183850849e-05,-0.00025392208816266067,-0.00012745201465114197,-0.0001100383675851952,-0.0001272077086391186,6.972567421803782e-05,4.6796875
0.00014529097008148494,0.00010660620612409803,0.00018952551308269784,0.0003084618113468931,-0.0008954302815263169,0.00027095983709371236,5.156786373371446e-05,0.00031093706651946345,6.0975518387167e-05,-0.00025392208816064216,-0.00012745201464902056,-0.00011003836758280807,-0.00012720770863684956,6.972567422020531e-05,4.6875
0.00014529097008226483,0.00010660620612499049,0.00018952551308361397,0.0003084618113480865,-0.0008954302815253554,0.0002709598370946285,5.156786373474668e-05,0.00031093706652037954,6.097551838829021e-05,-0.0002539220881594488,-0.0001274520146479599,-0.00011003836758191561,-0.0001272077086358638,6.972567422126602e-05,4.6953125
0.0001452909700811823,0.00010660620612367684,0.00018952551308256676,0.0003084618113467998,-0.0008954302815266647,0.0002709598370935813,5.1567863733409505e-05,0.0003109370665193323,6.097551838697363e-05,-0.00025392208816073545,-0.00012745201464902056,-0.00011003836758322926,-0.00012720770863710286,6.972567422006697e-05,4.703125
0.00014529097008029023,0.00010660620612267148,0.0001895255130813653,0.0003084618113458256,-0.0008954302815277375,0.0002709598370923798,5.156786373241055e-05,0.0003109370665181309,6.097551838599789e-05,-0.00025392208816170966,-0.00012745201464994292,-0.00011003836758423462,-0.00012720770863779214,6.972567421914463e-05,4.7109375
0.00014529097007886388,0.00010660620612121823,0.00018952551307980064,0.00030846181134441076,-0.0008954302815290639,0.00027095983709081515,5.1567863730961146e-05,0.0003109370665165662,6.0975518384494684e-05,-0.0002539220881631245,-0.00012745201465160313,-0.00011003836758568787,-0.00012720770863942985,6.972567421748441e-05,4.71875
0.00014529097007782104,0.00010660620612032236,0.00018952551307905007,0.00030846181134346035,-0.0008954302815300615,0.00027095983709006456,5.15678637300664e-05,0.00031093706651581565,6.097551838358599e-05,-0.0002539220881640749,-0.00012745201465238712,-0.00011003836758658374,-0.00012720770864037967,6.972567421651595e-05,4.7265625
0.00014529097007681959,0.00010660620611935382,0.000189525513078208,0.0003084618113425553,-0.0008954302815309065,0.00027095983708922246,5.1567863729083837e-05,0.00031093706651497355,6.0975518382673326e-05,-0.00025392208816497994,-0.00012745201465354003,-0.00011003836758755228,-0.00012720770864138177,6.972567421568585e-05,4.734375
0.00014529097007705074,0.00010660620611944283,0.0001895255130781766,0.0003084618113426184,-0.0008954302815307608,0.00027095983708919113,5.1567863729021224e-05,0.0003109370665149422,6.09755183828169e-05,-0.00025392208816491684,-0.00012745201465326334,-0.00011003836758746327,-0.00012720770864127677,6.972567421591643e-05,4.7421875
0.00014529097007671239,0.00010660620611918593,0.0001895255130779318,0.0003084618113423445,-0.0008954302815308305,0.0002709598370889463,5.156786372890563e-05,0.00031093706651469735,6.097551838266556e-05,-0.00025392208816519076,-0.00012745201465363227,-0.00011003836758772017,-0.00012720770864141904,6.97256742155475e-05,4.75
0.00014529097007705304,0.00010660620611942685,0.00018952551307812422,0.0003084618113426979,-0.0008954302815307448,0.0002709598370891387,5.1567863729068603e-05,0.0003109370665148898,6.097551838285639e-05,-0.00025392208816483737,-0.00012745201465335558,-0.00011003836758747925,-0.00012720770864130577,6.97256742158242e-05,4.7578125
0.0001452909700783077,0.0001066062061206821,0.0001895255130794578,0.0003084618113440608,-0.0008954302815294061,0.00027095983709047233,5.1567863730509515e-05,0.00031093706651622336,6.097551838420978e-05,-0.00025392208816347447,-0.00012745201465199512,-0.000110038367586224,-0.0001272077086400035,6.972567421711547e-05,4.765625
0.00014529097008008762,0.00010660620612251099,0.00018952551308125705,0.00030846181134567646,-0.0008954302815276932,0.00027095983709227156,5.1567863732240965e-05,0.0003109370665180226,6.09755183859775e-05,-0.00025392208816185885,-0.00012745201465026574,-0.00011003836758439511,-0.00012720770863819582,6.97256742188218e-05,4.7734375
0.00014529097008072103,0.00010660620612322011,0.00018952551308200634,0.0003084618113462296,-0.0008954302815270243,0.00027095983709302086,5.15678637328805e-05,0.0003109370665187719,6.0975518386513624e-05,-0.00025392208816130563,-0.0001274520146496662,-0.00011003836758368599,-0.0001272077086375331,6.972567421953662e-05,4.78125
0.00014529097007994686,0.00010660620612254486,0.00018952551308129093,0.00030846181134559173,-0.0008954302815278074,0.00027095983709230544,5.156786373207389e-05,0.0003109370665180565,6.097551838578738e-05,-0.0002539220881619435,-0.00012745201465031185,-0.00011003836758436124,-0.0001272077086382838,6.972567421877569e-05,4.7890625
0.00014529097008099393,0.00010660620612332342,0.0001895255130821078,0.0003084618113465007,-0.0008954302815269136,0.0002709598370931223,5.156786373305201e-05,0.00031093706651887337,6.097551838668887e-05,-0.00025392208816103453,-0.00012745201464942985,-0.00011003836758358268,-0.00012720770863741324,6.972567421977298e-05,4.796875
0.00014529097008161162,0.00010660620612424635,0.00018952551308286657,0.0003084618113473626,-0.0008954302815261114,0.00027095983709388106,5.156786373389624e-05,0.00031093706651963215,6.097551838749244e-05,-0.00025392208816017264,-0.0001274520146487093,-0.00011003836758265975,-0.00012720770863656087,6.972567422048202e-05,4.8046875
0.00014529097008073494,0.0001066062061232431,0.0001895255130821545,0.0003084618113463269,-0.0008954302815271372,0.000270959837093169,5.156786373306767e-05,0.00031093706651892005,6.0975518386542735e-05,-0.0002539220881612084,-0.0001274520146496662,-0.00011003836758366299,-0.0001272077086376118,6.972567421965191e-05,4.8125
0.00014529097007819568,0.00010660620612064906,0.000189525513079459,0.0003084618113438146,-0.0008954302815296844,0.0002709598370904735,5.1567863730416355e-05,0.0003109370665162246,6.097551838395595e-05,-0.00025392208816372064,-0.00012745201465220264,-0.00011003836758625704,-0.00012720770864020845,6.972567421695406e-05,4.8203125
0.00014529097007661337,0.00010660620611912626,0.00018952551307777846,0.000308461811342124,-0.0008954302815313177,0.00027095983708879295,5.1567863728651585e-05,0.00031093706651454404,6.097551838204548e-05,-0.00025392208816541124,-0.00012745201465381675,-0.00011003836758777984,-0.0001272077086417513,6.97256742152708e-05,4.828125
0.0001452909700777033,0.00010660620612004879,0.00018952551307885337,0.0003084618113432834,-0.0008954302815301375,0.0002709598370898679,5.156786372983013e-05,0.000310937066515619,6.0975518383426616e-05,-0.00025392208816425184,-0.00012745201465270994,-0.00011003836758685731,-0.00012720770864061372,6.972567421646983e-05,4.8359375
0.0001452909700797547,0.00010660620612227999,0.00018952551308101866,0.00030846181134536253,-0.0008954302815280823,0.00027095983709203315,5.156786373199307e-05,0.0003109370665177842,6.0975518385536846e-05,-0.0002539220881621727,-0.00012745201465063467,-0.00011003836758462611,-0.00012720770863850866,6.972567421845288e-05,4.84375
0.00014529097008018354,0.00010660620612274401,0.0001895255130814316,0.0003084618113457449,-0.0008954302815276723,0.0002709598370924461,5.156786373242926e-05,0.0003109370665181972,6.0975518385867704e-05,-0.0002539220881617904,-0.00012745201465024267,-0.00011003836758416209,-0.0001272077086381289,6.97256742190178e-05,4.8515625
0.0001452909700777866,0.00010660620612017007,0.00018952551307898364,0.00030846181134343005,-0.0008954302815300259,0.00027095983708999815,5.156786372994027e-05,0.0003109370665157492,6.097551838351011e-05,-0.0002539220881641052,-0.0001274520146525716,-0.00011003836758673603,-0.000127207708640428,6.972567421660819e-05,4.859375
0.0001452909700774616,0.00010660620611978263,0.0001895255130785133,0.0003084618113430933,-0.0008954302815303722,0.0002709598370895278,5.156786372954496e-05,0.00031093706651527886,6.097551838323734e-05,-0.00025392208816444196,-0.00012745201465289442,-0.00011003836758712347,-0.00012720770864084512,6.972567421628537e-05,4.8671875
0.0001452909700789816,0.00010660620612134692,0.0001895255130799603,0.0003084618113445888,-0.0008954302815289041,0.0002709598370909748,5.15678637310042e-05,0.00031093706651672584,6.097551838466022e-05,-0.00025392208816294647,-0.0001274520146514763,-0.00011003836758555918,-0.00012720770863931065,6.972567421769194e-05,4.875
0.00014529097007930908,0.00010660620612172088,0.00018952551308055538,0.00030846181134503407,-0.000895430281528487,0.0002709598370915699,5.156786373141498e-05,0.00031093706651732096,6.09755183851649e-05,-0.0002539220881625012,-0.00012745201465104973,-0.00011003836758518522,-0.0001272077086389739,6.972567421822228e-05,4.8828125
0.00014529097007826743,0.00010660620612080509,0.0001895255130796362,0.0003084618113439539,-0.0008954302815294289,0.00027095983709065074,5.1567863730386824e-05,0.00031093706651640177,6.0975518384091666e-05,-0.0002539220881635814,-0.0001274520146520643,-0.00011003836758610101,-0.00012720770863996678,6.972567421711547e-05,4.890625
0.00014529097007848216,0.00010660620612094894,0.00018952551307981685,0.00030846181134409694,-0.0008954302815292086,0.00027095983709083136,5.156786373063791e-05,0.0003109370665165824,6.097551838443049e-05,-0.0002539220881634383,-0.00012745201465183371,-0.00011003836758595716,-0.0001272077086396906,6.972567421741524e-05,4.8984375
0.000145290970080142,0.0001066062061225398,0.00018952551308130667,0.00030846181134580657,-0.0008954302815276267,0.0002709598370923212,5.156786373224122e-05,0.00031093706651807225,6.097551838590437e-05,-0.0002539220881617287,-0.0001274520146501735,-0.0001100383675843663,-0.00012720770863806663,6.972567421905239e-05,4.90625
0.00014529097008120028,0.00010660620612364624,0.0001895255130823857,0.00030846181134681265,-0.0008954302815266309,0.0002709598370934002,5.156786373333479e-05,0.00031093706651915125,6.097551838699228e-05,-0.0002539220881607226,-0.00012745201464915893,-0.00011003836758325986,-0.0001272077086369994,6.972567422002085e-05,4.9140625
0.00014529097007959208,0.00010660620612220633,0.0001895255130808892,0.0003084618113452594,-0.0008954302815282095,0.0002709598370919037,5.1567863731701284e-05,0.0003109370665176548,6.09755183854143e-05,-0.00025392208816227583,-0.00012745201465078456,-0.00011003836758469977,-0.00012720770863869113,6.972567421838369e-05,4.921875
0.00014529097007785652,0.00010660620612024896,0.00018952551307912287,0.00030846181134353825,-0.0008954302815300049,0.00027095983709013737,5.1567863730048824e-05,0.00031093706651588845,6.0975518383529656e-05,-0.000253922088163997,-0.0001274520146526177,-0.00011003836758665714,-0.0001272077086404083,6.972567421665431e-05,4.9296875
0.00014529097007866091,0.00010660620612112223,0.0001895255130798644,0.00030846181134427237,-0.0008954302815291749,0.00027095983709087885,5.1567863730883795e-05,0.00031093706651662994,6.097551838447686e-05,-0.0002539220881632629,-0.0001274520146517184,-0.00011003836758578387,-0.00012720770863959582,6.972567421748441e-05,4.9375
0.0001452909700797982,0.00010660620612214247,0.00018952551308082678,0.000308461811345437,-0.0008954302815280187,0.0002709598370918413,5.156786373186639e-05,0.00031093706651759233,6.097551838556498e-05,-0.00025392208816209824,-0.00012745201465058856,-0.00011003836758476363,-0.0001272077086385285,6.97256742185451e-05,4.9453125
0.0001452909700793964,0.00010660620612192248,0.00018952551308064013,0.00030846181134508134,-0.0008954302815282003,0.00027095983709165465,5.15678637315645e-05,0.00031093706651740574,6.097551838524252e-05,-0.0002539220881624539,-0.0001274520146509575,-0.00011003836758498362,-0.0001272077086387177,6.972567421822228e-05,4.953125
0.00014529097007882558,0.00010660620612131482,0.0001895255130801557,0.00030846181134442253,-0.0008954302815289657,0.00027095983709117023,5.15678637309684e-05,0.00031093706651692127,6.097551838455849e-05,-0.00025392208816311273,-0.00012745201465153396,-0.00011003836758559128,-0.0001272077086394118,6.97256742175997e-05,4.9609375
0.0001452909700789441,0.0001066062061213701,0.00018952551308015794,0.00030846181134451436,-0.0008954302815290792,0.00027095983709117245,5.156786373123186e-05,0.00031093706651692354,6.097551838463113e-05,-0.0002539220881630209,-0.0001274520146514648,-0.000110038367585536,-0.00012720770863930127,6.972567421766888e-05,4.96875
0.0001452909700792551,0.00010660620612168706,0.0001895255130804706,0.00030846181134475744,-0.0008954302815286812,0.0002709598370914851,5.156786373148623e-05,0.00031093706651723617,6.097551838494027e-05,-0.0002539220881627778,-0.0001274520146510036,-0.00011003836758521904,-0.00012720770863898514,6.972567421813006e-05,4.9765625
0.00014529097007927436,0.00010660620612160405,0.00018952551308031447,0.00030846181134481447,-0.000895430281528675,0.00027095983709132896,5.15678637313602e-05,0.00031093706651708,6.097551838496197e-05,-0.0002539220881627208,-0.00012745201465114197,-0.00011003836758530205,-0.00012720770863907266,6.972567421803782e-05,4.984375
0.00014529097007914683,0.00010660620612157971,0.0001895255130803221,0.0003084618113447285,-0.0008954302815286755,0.00027095983709133666,5.1567863731275016e-05,0.00031093706651708774,6.097551838494965e-05,-0.00025392208816280677,-0.0001274520146512342,-0.00011003836758532639,-0.00012720770863924532,6.972567421794558e-05,4.9921875
0.00014529097007898468,0.00010660620612138082,0.00018952551308005214,0.00030846181134446676,-0.0008954302815288843,0.00027095983709106663,5.1567863731046175e-05,0.00031093706651681767,6.0975518384718904e-05,-0.0002539220881630685,-0.00012745201465160313,-0.00011003836758552528,-0.00012720770863951423,6.972567421757665e-05,5.0
