AF3,AF4,F3,F4,F7,F8,FC5,FC6,O1,O2,P7,P8,T7,T8,time
2.0554067106377587e-05,0.0001459541098752637,0.0002492385910989548,-4.461709217774552e-05,-0.0016921519146938647,-3.632272185396574e-05,-0.0006400251876770114,0.0006119374134276968,0.0004985145679861535,0.0007597315656205869,-0.0004689762439381046,0.0006068294288770838,-0.000185959401332473,0.00017529281766142106,0.0
2.0554067107054194e-05,0.0001459541098754148,0.00024923859109976466,-4.461709217683471e-05,-0.0016921519146931266,-3.6322721854031575e-05,-0.0006400251876767434,0.0006119374134279604,0.0004985145679868323,0.000759731565621109,-0.00046897624393760256,0.0006068294288775049,-0.0001859594013315622,0.00017529281766199485,0.0078125
2.055406710807085e-05,0.00014595410987545667,0.0002492385910995745,-4.46170921769268e-05,-0.0016921519146928506,-3.6322721853387044e-05,-0.0006400251876760857,0.0006119374134285068,0.000498514567986528,0.0007597315656213596,-0.0004689762439373157,0.0006068294288775139,-0.0001859594013316543,0.0001752928176621383,0.015625
2.0554067107446743e-05,0.0001459541098761295,0.0002492385910996006,-4.4617092176738705e-05,-0.0016921519146926452,-3.632272185272113e-05,-0.0006400251876757186,0.0006119374134285804,0.0004985145679869904,0.0007597315656214286,-0.0004689762439368853,0.0006068294288781382,-0.00018595940133146621,0.0001752928176624969,0.0234375
2.055406710600319e-05,0.00014595410987445096,0.00024923859109833156,-4.4617092178212495e-05,-0.0016921519146940575,-3.632272185449692e-05,-0.0006400251876771679,0.0006119374134274396,0.0004985145679859167,0.0007597315656200889,-0.0004689762439381046,0.0006068294288770033,-0.00018595940133293997,0.00017529281766113418,0.03125
2.0554067108473824e-05,0.00014595410987717163,0.000249238591100987,-4.461709217493274e-05,-0.0016921519146916892,-3.632272185176292e-05,-0.0006400251876746112,0.0006119374134294776,0.0004985145679882484,0.0007597315656228803,-0.0004689762439357378,0.0006068294288798876,-0.00018595940132966023,0.00017529281766342928,0.0390625
2.0554067112392138e-05,0.00014595410988024887,0.0002492385911049025,-4.4617092171812924e-05,-0.0016921519146880608,-3.632272184845066e-05,-0.0006400251876712306,0.0006119374134332269,0.0004985145679913945,0.0007597315656262998,-0.00046897624393200824,0.0006068294288828836,-0.0001859594013265404,0.00017529281766694364,0.046875
2.055406711186407e-05,0.00014595410988040193,0.0002492385911046906,-4.46170921720575e-05,-0.001692151914688416,-3.632272184848176e-05,-0.0006400251876713329,0.0006119374134330851,0.0004985145679913617,0.0007597315656259865,-0.0004689762439322951,0.0006068294288823876,-0.00018595940132678498,0.00017529281766701536,0.0546875
2.0554067105478634e-05,0.0001459541098740575,0.0002492385910977119,-4.46170921785756e-05,-0.0016921519146946057,-3.632272185510206e-05,-0.0006400251876778918,0.0006119374134267215,0.0004985145679848544,0.000759731565619468,-0.0004689762439387501,0.0006068294288761975,-0.0001859594013333031,0.00017529281766027352,0.0625
2.0554067103727817e-05,0.00014595410987249582,0.0002492385910963016,-4.4617092180420195e-05,-0.0016921519146962311,-3.632272185676043e-05,-0.0006400251876795698,0.0006119374134247802,0.0004985145679834897,0.0007597315656180237,-0.0004689762439403997,0.0006068294288746855,-0.0001859594013351477,0.0001752928176590901,0.0703125
2.0554067106680615e-05,0.00014595410987536982,0.0002492385910992876,-4.4617092177807355e-05,-0.0016921519146933998,-3.632272185373147e-05,-0.0006400251876765267,0.0006119374134279671,0.0004985145679863252,0.000759731565620904,-0.0004689762439373157,0.0006068294288775086,-0.00018595940133253486,0.00017529281766228173,0.078125
2.0554067110354305e-05,0.000145954109878589,0.00024923859110292734,-4.461709217407868e-05,-0.00169215191469,-3.6322721850005567e-05,-0.0006400251876728421,0.000611937413431371,0.0004985145679902994,0.0007597315656241394,-0.00046897624393358613,0.000606829428881211,-0.00018595940132880615,0.00017529281766572437,0.0859375
2.05540671108548e-05,0.0001459541098791782,0.00024923859110327244,-4.4617092173055704e-05,-0.0016921519146895472,-3.632272184990476e-05,-0.0006400251876728291,0.0006119374134318159,0.0004985145679899442,0.0007597315656244765,-0.0004689762439334427,0.000606829428881175,-0.0001859594013277832,0.0001752928176657961,0.09375
2.0554067106741974e-05,0.00014595410987508394,0.00024923859109880314,-4.4617092177445056e-05,-0.0016921519146932992,-3.632272185428893e-05,-0.000640025187677609,0.0006119374134272084,0.0004985145679859956,0.0007597315656203291,-0.0004689762439381763,0.0006068294288772345,-0.00018595940133217255,0.00017529281766113418,0.1015625
2.0554067103269725e-05,0.00014595410987182036,0.000249238591095847,-4.4617092180447333e-05,-0.0016921519146966858,-3.632272185727139e-05,-0.0006400251876802198,0.0006119374134245589,0.0004985145679829613,0.000759731565617633,-0.00046897624394090173,0.0006068294288742975,-0.00018595940133517484,0.0001752928176582653,0.109375
2.0554067104603795e-05,0.0001459541098732771,0.0002492385910970388,-4.461709217944578e-05,-0.001692151914695494,-3.632272185579061e-05,-0.0006400251876783389,0.0006119374134260866,0.0004985145679845626,0.0007597315656189971,-0.0004689762439393956,0.0006068294288757086,-0.00018595940133417328,0.00017529281765998664,0.1171875
2.055406710630222e-05,0.0001459541098751384,0.00024923859109905234,-4.461709217743668e-05,-0.0016921519146936238,-3.6322721853769605e-05,-0.0006400251876763568,0.0006119374134282554,0.0004985145679858783,0.0007597315656201607,-0.00046897624393742323,0.0006068294288773069,-0.00018595940133216417,0.00017529281766206657,0.125
2.0554067108225952e-05,0.0001459541098762172,0.0002492385911000297,-4.461709217597825e-05,-0.0016921519146919292,-3.632272185218522e-05,-0.0006400251876752342,0.0006119374134290718,0.0004985145679865844,0.000759731565621829,-0.000468976243936455,0.0006068294288782073,-0.00018595940133070573,0.00017529281766299896,0.1328125
2.0554067109709323e-05,0.00014595410987831248,0.00024923859110197844,-4.461709217420727e-05,-0.0016921519146906262,-3.632272185109523e-05,-0.0006400251876739156,0.0006119374134307699,0.0004985145679891452,0.0007597315656236039,-0.00046897624393473365,0.0006068294288798729,-0.00018595940132893477,0.00017529281766443338,0.140625
2.0554067108863236e-05,0.00014595410987756964,0.0002492385911012778,-4.461709217519686e-05,-0.0016921519146911408,-3.6322721851440474e-05,-0.0006400251876744136,0.0006119374134302833,0.0004985145679883326,0.0007597315656229934,-0.0004689762439352716,0.0006068294288797038,-0.00018595940132992437,0.00017529281766389546,0.1484375
2.055406710839006e-05,0.00014595410987692657,0.00024923859110074435,-4.4617092175696576e-05,-0.0016921519146916447,-3.632272185198819e-05,-0.0006400251876746932,0.0006119374134299887,0.0004985145679881314,0.0007597315656225098,-0.0004689762439357378,0.0006068294288791776,-0.00018595940133042408,0.00017529281766364444,0.15625
2.0554067107046337e-05,0.00014595410987584728,0.00024923859109970845,-4.461709217696934e-05,-0.0016921519146931112,-3.632272185315376e-05,-0.0006400251876755269,0.0006119374134287731,0.000498514567987073,0.0007597315656215515,-0.00046897624393631154,0.0006068294288780258,-0.00018595940133169682,0.00017529281766271205,0.1640625
2.0554067110270662e-05,0.00014595410987912187,0.0002492385911031997,-4.4617092173156094e-05,-0.0016921519146895483,-3.632272184979914e-05,-0.0006400251876726315,0.0006119374134318057,0.0004985145679903275,0.0007597315656246612,-0.0004689762439335144,0.0006068294288815308,-0.00018595940132788358,0.00017529281766572437,0.171875
2.0554067113552986e-05,0.0001459541098820583,0.00024923859110580025,-4.461709217060277e-05,-0.001692151914686876,-3.632272184671381e-05,-0.0006400251876700736,0.0006119374134343645,0.000498514567993156,0.0007597315656278972,-0.0004689762439307172,0.0006068294288843837,-0.00018595940132533028,0.0001752928176683781,0.1796875
2.05540671119161e-05,0.0001459541098807376,0.0002492385911044983,-4.4617092171770646e-05,-0.0016921519146881779,-3.63227218490816e-05,-0.0006400251876713525,0.0006119374134330103,0.0004985145679915965,0.000759731565626032,-0.00046897624393272544,0.000606829428883245,-0.00018595940132649813,0.00017529281766672848,0.1875
2.055406710916131e-05,0.00014595410987761266,0.0002492385911020308,-4.461709217499722e-05,-0.0016921519146912193,-3.632272185125307e-05,-0.0006400251876744332,0.0006119374134303785,0.000498514567988687,0.000759731565623039,-0.0004689762439350206,0.0006068294288795049,-0.00018595940132972472,0.0001752928176641465,0.1953125
2.0554067104774547e-05,0.00014595410987304987,0.00024923859109699274,-4.4617092179474865e-05,-0.0016921519146957551,-3.632272185570444e-05,-0.0006400251876784608,0.000611937413426084,0.0004985145679841185,0.0007597315656188023,-0.00046897624393946733,0.0006068294288753532,-0.00018595940133420236,0.00017529281765973562,0.203125
2.0554067102065515e-05,0.00014595410987029367,0.00024923859109418417,-4.4617092182077974e-05,-0.001692151914698492,-3.632272185839802e-05,-0.0006400251876809166,0.0006119374134232567,0.0004985145679818365,0.000759731565615999,-0.000468976243942121,0.0006068294288727748,-0.00018595940133680545,0.00017529281765711776,0.2109375
2.0554067098817144e-05,0.0001459541098676088,0.0002492385910913436,-4.46170921851948e-05,-0.0016921519147012967,-3.632272186186596e-05,-0.0006400251876846509,0.0006119374134199216,0.0004985145679786988,0.0007597315656131693,-0.00046897624394542025,0.000606829428869791,-0.00018595940133992231,0.00017529281765403372,0.21875
2.0554067103828682e-05,0.00014595410987233446,0.00024923859109645,-4.461709218039082e-05,-0.0016921519146960826,-3.632272185699991e-05,-0.000640025187679787,0.0006119374134244445,0.0004985145679835194,0.0007597315656176718,-0.0004689762439407583,0.0006068294288743091,-0.00018595940133511832,0.00017529281765876737,0.2265625
2.05540671095177e-05,0.0001459541098777604,0.0002492385911016574,-4.461709217442867e-05,-0.0016921519146909114,-3.632272185131358e-05,-0.0006400251876738973,0.0006119374134304519,0.0004985145679884996,0.0007597315656232291,-0.0004689762439350923,0.0006068294288798648,-0.00018595940132915616,0.00017529281766428994,0.234375
2.05540671133294e-05,0.00014595410988186587,0.00024923859110582606,-4.461709217061435e-05,-0.0016921519146867066,-3.6322721846619366e-05,-0.0006400251876693243,0.0006119374134350701,0.0004985145679929262,0.0007597315656275925,-0.0004689762439302869,0.0006068294288841164,-0.00018595940132534183,0.00017529281766888013,0.2421875
2.0554067111585525e-05,0.00014595410988020393,0.00024923859110418344,-4.461709217219491e-05,-0.0016921519146883492,-3.632272184869205e-05,-0.0006400251876712739,0.0006119374134332222,0.0004985145679916523,0.000759731565626156,-0.0004689762439322951,0.0006068294288823308,-0.0001859594013269224,0.00017529281766701536,0.25
2.0554067109215927e-05,0.00014595410987797608,0.00024923859110168896,-4.461709217495055e-05,-0.0016921519146907722,-3.63227218514614e-05,-0.0006400251876746136,0.0006119374134303555,0.0004985145679887975,0.0007597315656234244,-0.00046897624393523574,0.0006068294288798604,-0.00018595940132967804,0.00017529281766371616,0.2578125
2.0554067108658765e-05,0.0001459541098770154,0.0002492385911015335,-4.461709217493483e-05,-0.0016921519146914296,-3.632272185187646e-05,-0.0006400251876750107,0.0006119374134298409,0.0004985145679881668,0.0007597315656229208,-0.0004689762439361681,0.0006068294288794009,-0.00018595940132966235,0.0001752928176631424,0.265625
2.055406711036072e-05,0.00014595410987857803,0.00024923859110293183,-4.461709217402814e-05,-0.001692151914690103,-3.632272185036329e-05,-0.0006400251876730037,0.0006119374134322044,0.0004985145679898561,0.0007597315656242723,-0.00046897624393358613,0.0006068294288810289,-0.00018595940132875563,0.0001752928176654375,0.2734375
2.0554067107512032e-05,0.0001459541098757574,0.0002492385910993392,-4.4617092176678904e-05,-0.00169215191469305,-3.6322721852108234e-05,-0.0006400251876755578,0.0006119374134297686,0.0004985145679876185,0.0007597315656213721,-0.0004689762439365984,0.0006068294288786213,-0.0001859594013314064,0.00017529281766299896,0.28125
2.0554067103976357e-05,0.0001459541098722185,0.00024923859109631457,-4.461709218051651e-05,-0.0016921519146961465,-3.632272185600716e-05,-0.0006400251876790559,0.0006119374134254992,0.0004985145679836941,0.0007597315656181529,-0.00046897624394029214,0.0006068294288752109,-0.000185959401335244,0.00017529281765917975,0.2890625
2.0554067106248154e-05,0.00014595410987500182,0.00024923859109896853,-4.461709217762755e-05,-0.0016921519146936717,-3.632272185358062e-05,-0.0006400251876767379,0.0006119374134278342,0.000498514567985443,0.0007597315656207843,-0.00046897624393788944,0.0006068294288771769,-0.00018595940133235507,0.00017529281766142106,0.296875
2.0554067109764218e-05,0.0001459541098786441,0.00024923859110257887,-4.4617092173561925e-05,-0.0016921519146905276,-3.632272185090773e-05,-0.0006400251876730085,0.000611937413431056,0.0004985145679900223,0.0007597315656243557,-0.00046897624393430333,0.0006068294288808667,-0.0001859594013282894,0.00017529281766500717,0.3046875
2.0554067108415315e-05,0.00014595410987698425,0.0002492385911008425,-4.461709217572623e-05,-0.0016921519146918696,-3.632272185211703e-05,-0.0006400251876749945,0.000611937413429414,0.000498514567987975,0.0007597315656220979,-0.0004689762439357378,0.0006068294288790369,-0.00018595940133045373,0.00017529281766342928,0.3125
2.0554067105621963e-05,0.00014595410987393775,0.0002492385910978484,-4.4617092178712935e-05,-0.0016921519146947492,-3.6322721855342735e-05,-0.0006400251876781779,0.0006119374134265416,0.0004985145679847278,0.0007597315656192217,-0.0004689762439388935,0.0006068294288759383,-0.0001859594013334404,0.0001752928176602018,0.3203125
2.0554067106244847e-05,0.00014595410987501567,0.00024923859109878715,-4.4617092177584694e-05,-0.0016921519146938018,-3.63227218544381e-05,-0.0006400251876771456,0.0006119374134273621,0.0004985145679859803,0.0007597315656206025,-0.0004689762439378177,0.0006068294288770577,-0.0001859594013323122,0.0001752928176612059,0.328125
2.055406710912876e-05,0.00014595410987798245,0.00024923859110141823,-4.461709217526202e-05,-0.001692151914691007,-3.632272185156228e-05,-0.0006400251876738617,0.0006119374134302594,0.0004985145679887638,0.0007597315656234884,-0.00046897624393473365,0.0006068294288799652,-0.0001859594013299895,0.00017529281766400306,0.3359375
2.0554067107585585e-05,0.00014595410987616395,0.000249238591100233,-4.461709217647702e-05,-0.001692151914692515,-3.632272185268491e-05,-0.0006400251876753302,0.0006119374134291666,0.0004985145679873032,0.0007597315656218608,-0.00046897624393602466,0.000606829428878439,-0.00018595940133120452,0.00017529281766299896,0.34375
2.0554067106101248e-05,0.00014595410987448118,0.00024923859109898013,-4.461709217762209e-05,-0.0016921519146940547,-3.632272185452101e-05,-0.0006400251876773433,0.0006119374134271868,0.0004985145679853499,0.0007597315656201229,-0.0004689762439380329,0.0006068294288770954,-0.0001859594013323496,0.00017529281766113418,0.3515625
2.0554067107227734e-05,0.00014595410987623661,0.0002492385911001681,-4.461709217647313e-05,-0.0016921519146926515,-3.6322721853289086e-05,-0.0006400251876759347,0.0006119374134288881,0.0004985145679868799,0.000759731565621575,-0.0004689762439368853,0.0006068294288785865,-0.0001859594013312006,0.00017529281766228173,0.359375
2.0554067110162794e-05,0.00014595410987866943,0.00024923859110259454,-4.461709217411523e-05,-0.0016921519146902253,-3.6322721850502544e-05,-0.0006400251876732913,0.0006119374134314563,0.0004985145679899517,0.0007597315656240793,-0.0004689762439341599,0.0006068294288808725,-0.00018595940132884272,0.00017529281766500717,0.3671875
2.0554067108102685e-05,0.00014595410987661622,0.0002492385911003905,-4.461709217635141e-05,-0.001692151914692214,-3.6322721851966095e-05,-0.0006400251876746252,0.0006119374134296664,0.0004985145679877545,0.0007597315656224634,-0.0004689762439358095,0.0006068294288790019,-0.00018595940133107888,0.00017529281766335756,0.375
2.055406710667052e-05,0.00014595410987520145,0.00024923859109885133,-4.461709217736222e-05,-0.001692151914693251,-3.632272185326829e-05,-0.0006400251876763926,0.0006119374134284812,0.0004985145679859457,0.0007597315656216397,-0.0004689762439373157,0.000606829428877363,-0.0001859594013320897,0.00017529281766242517,0.3828125
2.0554067108934383e-05,0.00014595410987730488,0.0002492385911014492,-4.4617092175800504e-05,-0.001692151914691227,-3.632272185112527e-05,-0.0006400251876747892,0.0006119374134300825,0.0004985145679882398,0.0007597315656228656,-0.00046897624393559434,0.0006068294288789077,-0.000185959401330528,0.00017529281766342928,0.390625
2.055406711053761e-05,0.00014595410987899477,0.00024923859110301396,-4.461709217352768e-05,-0.0016921519146896624,-3.6322721850167255e-05,-0.0006400251876732156,0.0006119374134314083,0.0004985145679899629,0.000759731565624427,-0.0004689762439341599,0.0006068294288811955,-0.0001859594013282552,0.00017529281766529405,0.3984375
2.0554067110980405e-05,0.0001459541098795278,0.00024923859110329976,-4.461709217317878e-05,-0.0016921519146893944,-3.632272184966133e-05,-0.0006400251876725339,0.0006119374134319251,0.0004985145679899826,0.0007597315656248574,-0.00046897624393355024,0.000606829428880989,-0.0001859594013279063,0.00017529281766570645,0.40625
2.055406710546069e-05,0.0001459541098740459,0.00024923859109760304,-4.4617092178851e-05,-0.0016921519146947863,-3.632272185489655e-05,-0.0006400251876778424,0.0006119374134266631,0.0004985145679848953,0.000759731565619391,-0.0004689762439386425,0.0006068294288759285,-0.0001859594013335785,0.00017529281766048868,0.4140625
2.0554067103158005e-05,0.00014595410987171595,0.00024923859109531645,-4.4617092181015835e-05,-0.0016921519146972164,-3.632272185727934e-05,-0.0006400251876803141,0.0006119374134244454,0.0004985145679828682,0.0007597315656173206,-0.0004689762439411169,0.0006068294288740232,-0.00018595940133574334,0.00017529281765819358,0.421875
2.0554067104335218e-05,0.00014595410987284312,0.00024923859109687814,-4.461709217934867e-05,-0.0016921519146957263,-3.632272185586926e-05,-0.0006400251876785887,0.0006119374134261087,0.0004985145679842365,0.0007597315656188997,-0.0004689762439396825,0.0006068294288755687,-0.0001859594013340762,0.000175292817659628,0.4296875
2.055406710727322e-05,0.00014595410987608605,0.0002492385911001604,-4.461709217655225e-05,-0.0016921519146925158,-3.63227218530719e-05,-0.0006400251876761862,0.000611937413428603,0.0004985145679872499,0.0007597315656216588,-0.0004689762439370288,0.0006068294288784548,-0.00018595940133127976,0.0001752928176625686,0.4375
2.0554067110689164e-05,0.00014595410987968985,0.0002492385911035188,-4.461709217285599e-05,-0.001692151914689014,-3.6322721849737545e-05,-0.0006400251876729407,0.0006119374134318864,0.0004985145679905093,0.0007597315656254504,-0.00046897624393358613,0.0006068294288817652,-0.0001859594013275835,0.00017529281766572437,0.4453125
2.055406711078408e-05,0.0001459541098791118,0.000249238591103264,-4.461709217341587e-05,-0.0016921519146894121,-3.632272185019448e-05,-0.0006400251876727687,0.000611937413431591,0.0004985145679902987,0.0007597315656243428,-0.00046897624393365785,0.0006068294288808192,-0.00018595940132814338,0.0001752928176655092,0.453125
2.055406710846673e-05,0.0001459541098767488,0.00024923859110075026,-4.4617092175603227e-05,-0.0016921519146914955,-3.632272185177893e-05,-0.0006400251876745488,0.0006119374134298954,0.0004985145679879544,0.0007597315656225795,-0.0004689762439354509,0.0006068294288792316,-0.0001859594013303307,0.0001752928176638596,0.4609375
2.0554067108449487e-05,0.0001459541098769916,0.0002492385911002604,-4.461709217612118e-05,-0.0016921519146927027,-3.632272185208104e-05,-0.0006400251876756579,0.0006119374134294062,0.0004985145679870793,0.0007597315656220067,-0.0004689762439361681,0.000606829428878902,-0.00018595940133084865,0.00017529281766328584,0.46875
2.0554067108886058e-05,0.0001459541098776442,0.0002492385911011543,-4.4617092175204504e-05,-0.0016921519146912709,-3.632272185162361e-05,-0.0006400251876746285,0.0006119374134299484,0.000498514567988476,0.0007597315656227678,-0.0004689762439357019,0.000606829428879461,-0.000185959401329932,0.00017529281766357272,0.4765625
2.055406710979285e-05,0.00014595410987845215,0.0002492385911023677,-4.46170921741221e-05,-0.00169215191469038,-3.63227218508658e-05,-0.000640025187673673,0.0006119374134306579,0.0004985145679891603,0.0007597315656235128,-0.0004689762439348771,0.0006068294288804445,-0.0001859594013288496,0.00017529281766457682,0.484375
2.0554067110169052e-05,0.00014595410987855862,0.000249238591102056,-4.461709217411714e-05,-0.0016921519146903333,-3.632272185050854e-05,-0.0006400251876734934,0.0006119374134313441,0.0004985145679891526,0.0007597315656238515,-0.00046897624393444677,0.0006068294288800363,-0.00018595940132884464,0.0001752928176651506,0.4921875
2.055406710482902e-05,0.00014595410987328487,0.0002492385910970496,-4.461709217904204e-05,-0.0016921519146951961,-3.632272185490313e-05,-0.0006400251876782358,0.0006119374134267245,0.000498514567984356,0.000759731565619146,-0.00046897624393903696,0.0006068294288754646,-0.00018595940133376955,0.00017529281766041696,0.5
2.0554067101439568e-05,0.00014595410987036704,0.0002492385910938643,-4.46170921825598e-05,-0.001692151914698525,-3.6322721858592624e-05,-0.0006400251876812189,0.0006119374134230806,0.0004985145679814988,0.0007597315656161978,-0.0004689762439424617,0.0006068294288727054,-0.0001859594013372873,0.00017529281765703706,0.5078125
2.0554067102233668e-05,0.00014595410987087255,0.00024923859109461926,-4.461709218159113e-05,-0.0016921519146978687,-3.6322721858520606e-05,-0.000640025187681426,0.0006119374134232258,0.0004985145679819652,0.0007597315656165089,-0.0004689762439424796,0.0006068294288732375,-0.00018595940133631864,0.00017529281765704604,0.515625
2.0554067106719263e-05,0.0001459541098754128,0.00024923859109945914,-4.4617092177114e-05,-0.0016921519146932888,-3.632272185408581e-05,-0.0006400251876768898,0.000611937413427593,0.0004985145679864652,0.0007597315656210097,-0.0004689762439378177,0.0006068294288776663,-0.00018595940133184148,0.00017529281766170794,0.5234375
2.0554067108307057e-05,0.00014595410987682683,0.0002492385911006805,-4.4617092175491486e-05,-0.0016921519146918522,-3.632272185259834e-05,-0.0006400251876749292,0.0006119374134288228,0.0004985145679875128,0.0007597315656220168,-0.0004689762439362398,0.0006068294288787025,-0.000185959401330219,0.00017529281766307068,0.53125
2.0554067107273138e-05,0.00014595410987559542,0.00024923859109958436,-4.4617092177300755e-05,-0.0016921519146930201,-3.632272185322637e-05,-0.0006400251876763637,0.0006119374134280471,0.0004985145679866136,0.0007597315656208927,-0.00046897624393724396,0.0006068294288774309,-0.00018595940133202827,0.00017529281766199485,0.5390625
2.0554067111247115e-05,0.00014595410987977003,0.0002492385911037265,-4.4617092172868964e-05,-0.0016921519146889316,-3.632272184916186e-05,-0.0006400251876721177,0.0006119374134326826,0.0004985145679909474,0.0007597315656254562,-0.00046897624393301237,0.000606829428882135,-0.00018595940132759645,0.00017529281766658504,0.546875
2.0554067115942988e-05,0.00014595410988448655,0.0002492385911084442,-4.461709216760047e-05,-0.001692151914683981,-3.632272184444532e-05,-0.0006400251876671645,0.0006119374134373146,0.0004985145679956948,0.0007597315656300051,-0.00046897624392784837,0.0006068294288865636,-0.000185959401322328,0.00017529281767103178,0.5546875
2.0554067117814904e-05,0.0001459541098862616,0.0002492385911103972,-4.46170921660592e-05,-0.0016921519146823507,-3.632272184260316e-05,-0.0006400251876655948,0.0006119374134390665,0.0004985145679973716,0.0007597315656317909,-0.00046897624392655736,0.0006068294288884025,-0.0001859594013207867,0.00017529281767289656,0.5625
2.055406711289891e-05,0.0001459541098814869,0.0002492385911055218,-4.4617092170830474e-05,-0.0016921519146872262,-3.6322721847463465e-05,-0.0006400251876704507,0.0006119374134342455,0.0004985145679923864,0.0007597315656268706,-0.0004689762439314345,0.0006068294288835214,-0.000185959401325558,0.00017529281766787602,0.5703125
2.0554067109133016e-05,0.00014595410987743574,0.0002492385911016989,-4.461709217510818e-05,-0.0016921519146911208,-3.632272185147709e-05,-0.0006400251876744318,0.0006119374134302922,0.0004985145679884217,0.0007597315656229286,-0.0004689762439354509,0.0006068294288795322,-0.00018595940132983568,0.0001752928176638596,0.578125
2.0554067103412213e-05,0.00014595410987228497,0.00024923859109539565,-4.461709218097862e-05,-0.0016921519146967606,-3.6322721857000974e-05,-0.0006400251876796254,0.0006119374134242996,0.0004985145679833699,0.0007597315656176306,-0.0004689762439407852,0.0006068294288737656,-0.0001859594013357061,0.00017529281765847152,0.5859375
2.0554067100567693e-05,0.00014595410986952416,0.00024923859109331794,-4.4617092183541314e-05,-0.001692151914698928,-3.6322721859485525e-05,-0.0006400251876823134,0.000611937413422336,0.0004985145679806945,0.0007597315656149537,-0.0004689762439431968,0.0006068294288714659,-0.00018595940133826882,0.0001752928176559702,0.59375
2.055406709778047e-05,0.0001459541098664611,0.00024923859109044286,-4.461709218629521e-05,-0.0016921519147023768,-3.632272186258136e-05,-0.0006400251876851442,0.0006119374134191189,0.000498514567977687,0.0007597315656123319,-0.00046897624394620917,0.0006068294288687231,-0.00018595940134102273,0.0001752928176529579,0.6015625
2.055406710236533e-05,0.0001459541098699651,0.00024923859109462023,-4.461709218222145e-05,-0.001692151914698343,-3.63227218586197e-05,-0.0006400251876815311,0.0006119374134228973,0.0004985145679815366,0.0007597315656156516,-0.0004689762439424796,0.0006068294288724333,-0.00018595940133694894,0.00017529281765668744,0.609375
2.0554067106100214e-05,0.00014595410987448845,0.0002492385910983047,-4.4617092177633415e-05,-0.0016921519146942282,-3.632272185496782e-05,-0.0006400251876775198,0.0006119374134269366,0.000498514567985113,0.0007597315656196366,-0.0004689762439388935,0.0006068294288762318,-0.00018595940133236093,0.0001752928176605604,0.6171875
2.05540671091167e-05,0.00014595410987734096,0.0002492385911016171,-4.461709217525025e-05,-0.0016921519146912024,-3.632272185156548e-05,-0.0006400251876745067,0.0006119374134301207,0.0004985145679885484,0.0007597315656232216,-0.00046897624393523574,0.0006068294288795986,-0.00018595940132997774,0.00017529281766407478,0.625
2.055406711145624e-05,0.00014595410988010437,0.00024923859110375583,-4.4617092172781245e-05,-0.00169215191468849,-3.632272184882554e-05,-0.0006400251876718973,0.000611937413432889,0.000498514567991111,0.0007597315656256557,-0.00046897624393279716,0.0006068294288820611,-0.00018595940132750871,0.00017529281766651332,0.6328125
2.0554067115618286e-05,0.00014595410988420677,0.00024923859110811324,-4.4617092167923775e-05,-0.0016921519146844194,-3.632272184426586e-05,-0.000640025187667792,0.000611937413437343,0.0004985145679949784,0.0007597315656298419,-0.0004689762439286373,0.0006068294288865721,-0.00018595940132265124,0.00017529281767060146,0.640625
2.055406711565485e-05,0.0001459541098845325,0.00024923859110861457,-4.46170921680661e-05,-0.0016921519146842767,-3.6322721844569356e-05,-0.0006400251876680284,0.0006119374134370735,0.000498514567995482,0.0007597315656299548,-0.00046897624392870906,0.000606829428886145,-0.0001859594013227936,0.00017529281767060146,0.6484375
2.0554067111215775e-05,0.0001459541098793469,0.00024923859110369723,-4.461709217275896e-05,-0.0016921519146890509,-3.632272184992701e-05,-0.0006400251876728253,0.0006119374134319217,0.0004985145679907505,0.000759731565624955,-0.000468976243933873,0.0006068294288817816,-0.00018595940132748646,0.0001752928176654375,0.65625
2.055406710531363e-05,0.00014595410987369234,0.00024923859109768885,-4.46170921793973e-05,-0.0016921519146950233,-3.6322721855373506e-05,-0.0006400251876786236,0.0006119374134262445,0.0004985145679844877,0.0007597315656188667,-0.00046897624393946733,0.0006068294288757494,-0.0001859594013341248,0.00017529281766005836,0.6640625
2.0554067104369086e-05,0.0001459541098728543,0.0002492385910968548,-4.4617092179731286e-05,-0.0016921519146958753,-3.632272185596703e-05,-0.0006400251876785695,0.0006119374134255453,0.0004985145679838857,0.0007597315656188704,-0.00046897624393903696,0.000606829428875235,-0.00018595940133445878,0.00017529281765998664,0.671875
2.0554067105469016e-05,0.00014595410987408328,0.0002492385910979382,-4.461709217837787e-05,-0.0016921519146947382,-3.632272185476479e-05,-0.0006400251876771949,0.0006119374134275176,0.0004985145679854029,0.0007597315656199594,-0.0004689762439384632,0.000606829428876861,-0.00018595940133310537,0.00017529281766170794,0.6796875
2.055406710428613e-05,0.00014595410987305874,0.0002492385910964288,-4.461709217982411e-05,-0.0016921519146961038,-3.632272185573307e-05,-0.0006400251876786234,0.0006119374134256972,0.0004985145679839084,0.0007597315656188782,-0.0004689762439397542,0.0006068294288754297,-0.0001859594013345516,0.00017529281765941285,0.6875
2.0554067104951838e-05,0.0001459541098736653,0.000249238591097408,-4.461709217905591e-05,-0.0016921519146951517,-3.6322721855680145e-05,-0.0006400251876786224,0.0006119374134260329,0.0004985145679845729,0.0007597315656191968,-0.00046897624393950316,0.0006068294288757442,-0.0001859594013337834,0.00017529281765977148,0.6953125
2.0554067109065517e-05,0.00014595410987733678,0.0002492385911016604,-4.461709217503343e-05,-0.0016921519146913028,-3.632272185179741e-05,-0.0006400251876746174,0.0006119374134299304,0.0004985145679882084,0.00075973156562287,-0.0004689762439354509,0.0006068294288796473,-0.00018595940132976093,0.00017529281766371616,0.703125
2.0554067112058288e-05,0.0001459541098804955,0.00024923859110413096,-4.461709217218294e-05,-0.001692151914688832,-3.63227218489822e-05,-0.0006400251876716322,0.0006119374134329395,0.0004985145679908448,0.0007597315656254057,-0.0004689762439325103,0.0006068294288818747,-0.00018595940132691042,0.00017529281766658504,0.7109375
2.0554067111535618e-05,0.00014595410988007306,0.00024923859110399007,-4.461709217246461e-05,-0.0016921519146888295,-3.632272184846201e-05,-0.0006400251876714558,0.0006119374134332417,0.0004985145679910194,0.0007597315656251553,-0.00046897624393243856,0.0006068294288821954,-0.0001859594013271921,0.00017529281766723054,0.71875
2.0554067107019503e-05,0.00014595410987586303,0.0002492385910994238,-4.461709217703207e-05,-0.0016921519146928222,-3.632272185301928e-05,-0.0006400251876760515,0.000611937413428829,0.0004985145679866874,0.0007597315656211796,-0.00046897624393670603,0.0006068294288780056,-0.00018595940133175957,0.00017529281766235345,0.7265625
2.0554067109427658e-05,0.00014595410987804037,0.00024923859110192065,-4.461709217465911e-05,-0.0016921519146905763,-3.6322721851201835e-05,-0.0006400251876742386,0.0006119374134305553,0.0004985145679889176,0.0007597315656234846,-0.0004689762439348771,0.0006068294288803271,-0.00018595940132938663,0.00017529281766428994,0.734375
2.05540671081732e-05,0.00014595410987672955,0.0002492385911008558,-4.461709217566763e-05,-0.0016921519146918206,-3.632272185273287e-05,-0.0006400251876754776,0.0006119374134291831,0.0004985145679876888,0.0007597315656223325,-0.00046897624393674186,0.0006068294288787961,-0.0001859594013303951,0.00017529281766271205,0.7421875
2.055406710355101e-05,0.0001459541098719801,0.0002492385910958735,-4.4617092181035554e-05,-0.001692151914696731,-3.632272185739785e-05,-0.00064002518768039,0.0006119374134241148,0.0004985145679835834,0.0007597315656176711,-0.00046897624394090173,0.0006068294288742332,-0.00018595940133576304,0.00017529281765812186,0.75
2.0554067101236206e-05,0.0001459541098695165,0.0002492385910936448,-4.461709218322036e-05,-0.0016921519146990314,-3.6322721858836285e-05,-0.0006400251876814951,0.0006119374134227042,0.0004985145679808114,0.0007597315656151663,-0.00046897624394290994,0.0006068294288721148,-0.00018595940133794787,0.00017529281765640053,0.7578125
2.0554067104147515e-05,0.00014595410987239534,0.00024923859109658925,-4.4617092179968035e-05,-0.0016921519146960871,-3.6322721855987225e-05,-0.000640025187678832,0.0006119374134257474,0.0004985145679842613,0.0007597315656191243,-0.00046897624393979004,0.0006068294288756933,-0.0001859594013346955,0.00017529281765991492,0.765625
2.055406710795934e-05,0.00014595410987675977,0.0002492385911008029,-4.461709217584931e-05,-0.0016921519146921781,-3.632272185236057e-05,-0.0006400251876749839,0.0006119374134295946,0.0004985145679879517,0.0007597315656227146,-0.0004689762439361681,0.0006068294288789481,-0.00018595940133057684,0.00017529281766321412,0.7734375
2.0554067108173155e-05,0.00014595410987713317,0.000249238591101105,-4.4617092175377076e-05,-0.0016921519146917863,-3.6322721852225294e-05,-0.0006400251876752754,0.0006119374134295059,0.0004985145679881983,0.000759731565622853,-0.00046897624393595294,0.0006068294288794186,-0.0001859594013301046,0.00017529281766342928,0.78125
2.0554067108357872e-05,0.00014595410987660275,0.00024923859110079764,-4.461709217560772e-05,-0.0016921519146921834,-3.632272185249329e-05,-0.0006400251876750453,0.0006119374134290356,0.0004985145679879109,0.000759731565622486,-0.0004689762439360964,0.0006068294288788493,-0.00018595940133033523,0.00017529281766307068,0.7890625
2.0554067110426293e-05,0.00014595410987878408,0.00024923859110269103,-4.461709217372275e-05,-0.001692151914689985,-3.632272185008145e-05,-0.0006400251876728952,0.0006119374134317966,0.0004985145679897558,0.0007597315656242246,-0.00046897624393365785,0.0006068294288809728,-0.00018595940132845026,0.00017529281766540163,0.796875
2.055406711189981e-05,0.00014595410988085548,0.0002492385911043919,-4.461709217222213e-05,-0.0016921519146882483,-3.63227218483521e-05,-0.0006400251876713217,0.0006119374134334931,0.0004985145679913374,0.0007597315656262303,-0.00046897624393200824,0.000606829428882354,-0.00018595940132694962,0.00017529281766715882,0.8046875
2.0554067112275e-05,0.00014595410988103115,0.00024923859110505904,-4.46170921712292e-05,-0.001692151914687559,-3.632272184745375e-05,-0.0006400251876707774,0.0006119374134337966,0.0004985145679920919,0.0007597315656265247,-0.0004689762439314345,0.0006068294288831474,-0.00018595940132595668,0.00017529281766773258,0.8125
2.0554067110999612e-05,0.00014595410987939075,0.00024923859110315074,-4.461709217318957e-05,-0.0016921519146894178,-3.6322721849891075e-05,-0.0006400251876730225,0.0006119374134318417,0.0004985145679901055,0.0007597315656245777,-0.00046897624393358613,0.0006068294288812524,-0.00018595940132791705,0.0001752928176654375,0.8203125
2.0554067109255656e-05,0.00014595410987749358,0.00024923859110167714,-4.4617092174731535e-05,-0.0016921519146910707,-3.6322721851834094e-05,-0.0006400251876743723,0.0006119374134301106,0.0004985145679884787,0.0007597315656228499,-0.0004689762439355226,0.0006068294288794138,-0.000185959401329459,0.00017529281766400306,0.828125
2.0554067108180446e-05,0.0001459541098767742,0.00024923859110101757,-4.4617092175923046e-05,-0.001692151914691802,-3.6322721852474125e-05,-0.0006400251876750784,0.0006119374134290701,0.0004985145679875294,0.0007597315656221995,-0.0004689762439362398,0.0006068294288785781,-0.00018595940133065054,0.0001752928176631424,0.8359375
2.0554067106280185e-05,0.00014595410987477942,0.0002492385910986982,-4.461709217786494e-05,-0.0016921519146937628,-3.63227218545265e-05,-0.0006400251876769059,0.0006119374134273216,0.0004985145679857969,0.0007597315656204688,-0.0004689762439380329,0.0006068294288771155,-0.00018595940133259243,0.00017529281766142106,0.84375
2.055406710467313e-05,0.00014595410987352906,0.00024923859109660167,-4.4617092179323246e-05,-0.0016921519146953572,-3.632272185549802e-05,-0.0006400251876784116,0.0006119374134261063,0.0004985145679848818,0.0007597315656187146,-0.00046897624393910873,0.000606829428875727,-0.00018595940133405076,0.00017529281766005836,0.8515625
2.0554067106384807e-05,0.00014595410987462603,0.0002492385910981916,-4.461709217826669e-05,-0.0016921519146943411,-3.632272185462558e-05,-0.0006400251876768835,0.0006119374134275121,0.0004985145679857135,0.0007597315656202008,-0.0004689762439381763,0.0006068294288767425,-0.00018595940133299418,0.00017529281766113418,0.859375
2.0554067104367243e-05,0.0001459541098731622,0.0002492385910973817,-4.461709217924217e-05,-0.0016921519146953304,-3.632272185561793e-05,-0.0006400251876786606,0.0006119374134256813,0.0004985145679844175,0.0007597315656187528,-0.00046897624393989765,0.0006068294288751374,-0.0001859594013339697,0.00017529281765998664,0.8671875
2.0554067099578518e-05,0.0001459541098679633,0.00024923859109167624,-4.4617092184066746e-05,-0.0016921519147008565,-3.632272186171557e-05,-0.0006400251876844041,0.000611937413420711,0.000498514567979055,0.0007597315656133948,-0.00046897624394491816,0.0006068294288702254,-0.00018595940133879423,0.00017529281765453578,0.875
2.055406709953791e-05,0.0001459541098679752,0.00024923859109225044,-4.461709218471508e-05,-0.0016921519147008292,-3.632272186157176e-05,-0.0006400251876840111,0.0006119374134204994,0.0004985145679791123,0.000759731565613652,-0.0004689762439447747,0.0006068294288702034,-0.00018595940133944258,0.00017529281765424887,0.8828125
2.0554067106878966e-05,0.0001459541098754465,0.0002492385910993344,-4.461709217757193e-05,-0.0016921519146934853,-3.63227218534719e-05,-0.0006400251876765259,0.0006119374134281097,0.000498514567986609,0.0007597315656210608,-0.0004689762439378177,0.0006068294288777636,-0.00018595940133229942,0.0001752928176618514,0.890625
2.0554067116262746e-05,0.00014595410988449658,0.00024923859110898786,-4.4617092167502935e-05,-0.0016921519146839753,-3.632272184377752e-05,-0.0006400251876671682,0.0006119374134379624,0.0004985145679957853,0.0007597315656299205,-0.00046897624392784837,0.000606829428887212,-0.0001859594013222304,0.00017529281767146213,0.8984375
2.0554067116219754e-05,0.0001459541098849548,0.0002492385911092778,-4.461709216755919e-05,-0.0016921519146836854,-3.632272184391214e-05,-0.0006400251876669424,0.0006119374134376719,0.0004985145679960744,0.0007597315656302346,-0.00046897624392784837,0.0006068294288874419,-0.00018595940132228668,0.00017529281767160557,0.90625
2.0554067108968556e-05,0.00014595410987741384,0.00024923859110150665,-4.4617092175000085e-05,-0.0016921519146913132,-3.632272185216511e-05,-0.0006400251876745443,0.000611937413430021,0.0004985145679882285,0.0007597315656227623,-0.0004689762439358095,0.0006068294288793525,-0.0001859594013297276,0.000175292817663501,0.9140625
2.055406710651756e-05,0.00014595410987472063,0.00024923859109871987,-4.461709217759663e-05,-0.0016921519146940998,-3.632272185440407e-05,-0.000640025187677016,0.0006119374134268746,0.0004985145679857735,0.0007597315656205441,-0.0004689762439381763,0.0006068294288769441,-0.00018595940133232412,0.00017529281766142106,0.921875
2.05540671108147e-05,0.00014595410987932805,0.00024923859110320386,-4.461709217369642e-05,-0.0016921519146894724,-3.632272184977892e-05,-0.0006400251876722045,0.0006119374134320835,0.000498514567990209,0.0007597315656248163,-0.00046897624393358613,0.0006068294288815132,-0.00018595940132842392,0.00017529281766629816,0.9296875
2.0554067114571513e-05,0.00014595410988293915,0.00024923859110699824,-4.461709216949162e-05,-0.0016921519146857497,-3.6322721845341166e-05,-0.0006400251876680671,0.0006119374134359674,0.0004985145679942164,0.0007597315656280667,-0.0004689762439292828,0.0006068294288848551,-0.0001859594013242191,0.00017529281767002768,0.9375
2.055406710975437e-05,0.0001459541098781823,0.00024923859110232896,-4.4617092174132954e-05,-0.0016921519146902754,-3.6322721850934565e-05,-0.0006400251876737812,0.0006119374134316371,0.0004985145679893205,0.0007597315656240872,-0.00046897624393466193,0.0006068294288803458,-0.00018595940132886044,0.00017529281766500717,0.9453125
2.0554067106954213e-05,0.0001459541098757278,0.0002492385910993061,-4.461709217699715e-05,-0.0016921519146930832,-3.632272185386665e-05,-0.0006400251876768307,0.000611937413427865,0.0004985145679862129,0.0007597315656208668,-0.00046897624393788944,0.0006068294288773252,-0.00018595940133172466,0.00017529281766170794,0.953125
2.0554067106457876e-05,0.0001459541098746958,0.0002492385910991671,-4.461709217781575e-05,-0.0016921519146939393,-3.6322721854774647e-05,-0.0006400251876775997,0.0006119374134271703,0.0004985145679856817,0.0007597315656199805,-0.0004689762439381763,0.0006068294288771902,-0.00018595940133254326,0.00017529281766113418,0.9609375
2.0554067108339932e-05,0.00014595410987651203,0.0002492385911006938,-4.461709217591116e-05,-0.0016921519146924128,-3.632272185232088e-05,-0.000640025187675373,0.0006119374134292464,0.000498514567987573,0.000759731565621695,-0.000468976243936455,0.0006068294288786703,-0.00018595940133063867,0.0001752928176628555,0.96875
2.0554067105545242e-05,0.00014595410987381033,0.00024923859109766196,-4.461709217886761e-05,-0.0016921519146948709,-3.632272185446169e-05,-0.000640025187677628,0.000611937413427317,0.0004985145679853513,0.0007597315656195525,-0.0004689762439384632,0.0006068294288758786,-0.0001859594013335951,0.0001752928176608473,0.9765625
2.0554067102894286e-05,0.0001459541098713225,0.0002492385910951897,-4.4617092181060795e-05,-0.0016921519146971995,-3.632272185721492e-05,-0.0006400251876799903,0.0006119374134245715,0.0004985145679826118,0.0007597315656172277,-0.00046897624394083,0.000606829428873705,-0.00018595940133578828,0.00017529281765812186,0.984375
2.0554067103951173e-05,0.00014595410987258917,0.000249238591096726,-4.461709217980273e-05,-0.00169215191469595,-3.632272185643004e-05,-0.0006400251876792663,0.0006119374134253119,0.0004985145679839276,0.000759731565618489,-0.00046897624394025625,0.0006068294288749577,-0.00018595940133453022,0.0001752928176589108,0.9921875
2.055406710646025e-05,0.0001459541098749691,0.0002492385910990331,-4.4617092177244065e-05,-0.00169215191469393,-3.6322721854456216e-05,-0.0006400251876773212,0.0006119374134273569,0.0004985145679861054,0.0007597315656205247,-0.0004689762439380329,0.0006068294288771722,-0.00018595940133197156,0.00017529281766106246,1.0
2.055406710759881e-05,0.00014595410987555292,0.0002492385910995421,-4.461709217712798e-05,-0.0016921519146930624,-3.632272185348866e-05,-0.0006400251876760329,0.0006119374134285022,0.0004985145679864183,0.0007597315656213428,-0.0004689762439373157,0.000606829428877881,-0.00018595940133185547,0.00017529281766228173,1.0078125
2.0554067106580682e-05,0.00014595410987505218,0.00024923859109856917,-4.461709217739859e-05,-0.0016921519146939634,-3.632272185406687e-05,-0.000640025187676857,0.0006119374134280107,0.0004985145679859629,0.0007597315656205704,-0.0004689762439376743,0.0006068294288771237,-0.0001859594013321261,0.0001752928176615645,1.015625
2.0554067108436335e-05,0.0001459541098774795,0.0002492385911012198,-4.461709217528997e-05,-0.0016921519146910976,-3.632272185193935e-05,-0.000640025187674295,0.0006119374134301065,0.0004985145679883961,0.0007597315656227445,-0.000468976243935164,0.0006068294288796247,-0.00018595940133001745,0.00017529281766400306,1.0234375
2.055406711056402e-05,0.00014595410987906275,0.0002492385911030381,-4.461709217355333e-05,-0.0016921519146893512,-3.632272185000377e-05,-0.0006400251876732071,0.0006119374134314064,0.0004985145679901004,0.0007597315656246082,-0.00046897624393401645,0.000606829428881283,-0.00018595940132828083,0.0001752928176654375,1.03125
2.0554067111545247e-05,0.00014595410987992824,0.0002492385911040171,-4.461709217255936e-05,-0.0016921519146883722,-3.6322721849218585e-05,-0.0006400251876721903,0.0006119374134327505,0.0004985145679911071,0.0007597315656253579,-0.0004689762439330841,0.0006068294288820179,-0.00018595940132728686,0.00017529281766622644,1.0390625
2.055406711179603e-05,0.00014595410988030245,0.00024923859110422204,-4.461709217198289e-05,-0.0016921519146885257,-3.6322721849088914e-05,-0.0006400251876718055,0.0006119374134326519,0.000498514567991292,0.0007597315656256404,-0.00046897624393286893,0.0006068294288818571,-0.0001859594013267104,0.00017529281766629816,1.046875
2.055406711171736e-05,0.0001459541098801809,0.0002492385911047498,-4.461709217217428e-05,-0.0016921519146883568,-3.6322721848762874e-05,-0.0006400251876716806,0.0006119374134326931,0.0004985145679912031,0.0007597315656256912,-0.00046897624393272544,0.00060682942888234,-0.00018595940132690178,0.00017529281766629816,1.0546875
2.0554067110196696e-05,0.00014595410987844755,0.00024923859110298355,-4.461709217408543e-05,-0.001692151914690374,-3.632272185018792e-05,-0.0006400251876726803,0.0006119374134315564,0.0004985145679892242,0.0007597315656237451,-0.00046897624393401645,0.0006068294288803596,-0.00018595940132881293,0.00017529281766572437,1.0625
2.0554067105691765e-05,0.00014595410987411765,0.00024923859109748513,-4.46170921788741e-05,-0.0016921519146946174,-3.632272185432952e-05,-0.0006400251876773871,0.0006119374134274223,0.0004985145679849049,0.0007597315656195902,-0.00046897624393883974,0.0006068294288760329,-0.0001859594013336016,0.00017529281766070384,1.0703125
2.055406710265366e-05,0.00014595410987103288,0.0002492385910948654,-4.4617092181224286e-05,-0.0016921519146976675,-3.632272185762674e-05,-0.0006400251876808778,0.0006119374134239989,0.0004985145679820951,0.0007597315656163153,-0.00046897624394147554,0.0006068294288734925,-0.0001859594013359518,0.00017529281765797842,1.078125
2.0554067105464926e-05,0.0001459541098734288,0.00024923859109792645,-4.46170921783165e-05,-0.001692151914694965,-3.632272185495757e-05,-0.0006400251876776649,0.0006119374134268213,0.0004985145679850277,0.000759731565619587,-0.00046897624393860664,0.0006068294288761285,-0.00018595940133304397,0.0001752928176608473,1.0859375
2.05540671093964e-05,0.00014595410987759582,0.0002492385911016285,-4.4617092174848154e-05,-0.0016921519146910478,-3.632272185139804e-05,-0.000640025187673931,0.0006119374134306146,0.0004985145679886784,0.0007597315656232722,-0.0004689762439350923,0.000606829428879689,-0.00018595940132957566,0.00017529281766421822,1.09375
2.0554067108018165e-05,0.0001459541098767801,0.0002492385911003675,-4.461709217608375e-05,-0.0016921519146921296,-3.6322721852436815e-05,-0.0006400251876752699,0.0006119374134292994,0.0004985145679876572,0.0007597315656222302,-0.00046897624393602466,0.0006068294288788007,-0.00018595940133081125,0.00017529281766299896,1.1015625
2.055406710705623e-05,0.0001459541098761721,0.00024923859110001446,-4.461709217608013e-05,-0.0016921519146925184,-3.632272185261385e-05,-0.0006400251876754736,0.0006119374134290167,0.0004985145679876939,0.0007597315656217609,-0.000468976243936455,0.0006068294288786562,-0.00018595940133080764,0.00017529281766299896,1.109375
2.0554067108349507e-05,0.00014595410987681474,0.00024923859110118367,-4.461709217551491e-05,-0.0016921519146916716,-3.632272185176716e-05,-0.0006400251876749393,0.0006119374134298936,0.0004985145679882125,0.0007597315656226494,-0.0004689762439357019,0.0006068294288791446,-0.00018595940133024242,0.00017529281766353686,1.1171875
2.0554067106603752e-05,0.00014595410987489814,0.0002492385910993413,-4.461709217698198e-05,-0.0016921519146936934,-3.632272185413485e-05,-0.0006400251876769295,0.0006119374134276527,0.0004985145679861276,0.000759731565620526,-0.00046897624393788944,0.0006068294288768611,-0.0001859594013317095,0.00017529281766142106,1.125
2.0554067103807208e-05,0.0001459541098723126,0.0002492385910972046,-4.461709217934312e-05,-0.0016921519146965475,-3.632272185746169e-05,-0.000640025187679961,0.0006119374134245502,0.0004985145679833412,0.0007597315656180081,-0.00046897624394104517,0.0006068294288750696,-0.0001859594013340706,0.00017529281765869565,1.1328125
2.0554067103435743e-05,0.000145954109871804,0.00024923859109588165,-4.461709218079681e-05,-0.0016921519146967227,-3.632272185743036e-05,-0.0006400251876800858,0.0006119374134244971,0.0004985145679831004,0.0007597315656178645,-0.00046897624394097345,0.0006068294288743394,-0.0001859594013355243,0.0001752928176582653,1.140625
2.0554067108460743e-05,0.00014595410987685087,0.000249238591100939,-4.461709217560124e-05,-0.0016921519146917193,-3.632272185188053e-05,-0.0006400251876745977,0.0006119374134299626,0.0004985145679881975,0.0007597315656228615,-0.00046897624393530746,0.000606829428879539,-0.00018595940133032875,0.00017529281766371616,1.1484375
2.0554067112270744e-05,0.00014595410988110482,0.00024923859110509986,-4.4617092171429706e-05,-0.0016921519146882217,-3.6322721847635826e-05,-0.0006400251876706492,0.0006119374134340711,0.0004985145679919237,0.0007597315656266271,-0.00046897624393161375,0.0006068294288833117,-0.00018595940132615723,0.000175292817667625,1.15625
2.055406711434262e-05,0.00014595410988305156,0.0002492385911068781,-4.4617092169854095e-05,-0.0016921519146856547,-3.632272184620077e-05,-0.0006400251876691072,0.0006119374134354936,0.0004985145679934334,0.0007597315656279465,-0.00046897624393014346,0.0006068294288847623,-0.0001859594013245816,0.00017529281766888013,1.1640625
2.055406710954413e-05,0.00014595410987816034,0.000249238591101859,-4.46170921744865e-05,-0.0016921519146905304,-3.632272185121631e-05,-0.0006400251876744394,0.0006119374134303783,0.0004985145679887519,0.0007597315656235364,-0.00046897624393530746,0.0006068294288796784,-0.000185959401329214,0.00017529281766400306,1.171875
2.0554067104750345e-05,0.00014595410987303732,0.0002492385910967563,-4.461709218002972e-05,-0.0016921519146957764,-3.632272185609428e-05,-0.0006400251876789457,0.0006119374134253671,0.0004985145679838937,0.0007597315656187297,-0.0004689762439398528,0.0006068294288750253,-0.00018595940133475723,0.0001752928176592963,1.1796875
2.0554067105725473e-05,0.00014595410987400272,0.00024923859109814687,-4.461709217842139e-05,-0.0016921519146949598,-3.632272185456383e-05,-0.0006400251876771807,0.0006119374134271818,0.0004985145679852745,0.000759731565619757,-0.00046897624393788944,0.0006068294288766239,-0.00018595940133314887,0.00017529281766127762,1.1875
2.055406710767328e-05,0.0001459541098762415,0.0002492385911000063,-4.461709217619298e-05,-0.00169215191469267,-3.6322721852374426e-05,-0.0006400251876748559,0.0006119374134295043,0.0004985145679874249,0.0007597315656218565,-0.0004689762439358812,0.0006068294288785695,-0.00018595940133092048,0.00017529281766342928,1.1953125
2.055406710874811e-05,0.00014595410987728143,0.00024923859110114686,-4.461709217528203e-05,-0.0016921519146912067,-3.632272185113301e-05,-0.000640025187674262,0.0006119374134305091,0.0004985145679886741,0.0007597315656228256,-0.000468976243935164,0.0006068294288797324,-0.00018595940133000953,0.00017529281766371616,1.203125
2.055406710764718e-05,0.00014595410987686987,0.0002492385911006174,-4.4617092176218735e-05,-0.0016921519146920589,-3.632272185290206e-05,-0.000640025187675545,0.0006119374134290397,0.0004985145679876864,0.0007597315656219918,-0.0004689762439365984,0.0006068294288786244,-0.00018595940133094623,0.00017529281766271205,1.2109375
2.0554067107476684e-05,0.00014595410987573788,0.00024923859110018935,-4.4617092176568424e-05,-0.0016921519146930605,-3.632272185377167e-05,-0.0006400251876763563,0.0006119374134279483,0.0004985145679870141,0.0007597315656213327,-0.0004689762439374591,0.0006068294288784608,-0.00018595940133129591,0.00017529281766163622,1.21875
2.0554067108147364e-05,0.0001459541098770281,0.0002492385911011312,-4.4617092175739274e-05,-0.0016921519146921905,-3.632272185228952e-05,-0.0006400251876753244,0.0006119374134288259,0.0004985145679880017,0.0007597315656225252,-0.00046897624393598883,0.0006068294288789771,-0.00018595940133046677,0.00017529281766303482,1.2265625
2.0554067107421213e-05,0.00014595410987568213,0.00024923859110012554,-4.4617092176484764e-05,-0.001692151914692694,-3.6322721852829507e-05,-0.0006400251876754136,0.0006119374134291733,0.0004985145679872369,0.0007597315656221373,-0.00046897624393602466,0.0006068294288785441,-0.00018595940133121227,0.0001752928176628555,1.234375
2.05540671056309e-05,0.00014595410987448433,0.0002492385910984854,-4.461709217797544e-05,-0.001692151914694621,-3.632272185402692e-05,-0.0006400251876769355,0.0006119374134272527,0.0004985145679860459,0.0007597315656205279,-0.00046897624393760256,0.0006068294288770722,-0.0001859594013327029,0.00017529281766142106,1.2421875
2.0554067105904794e-05,0.00014595410987452938,0.0002492385910985149,-4.461709217799198e-05,-0.0016921519146940178,-3.6322721854511416e-05,-0.000640025187677285,0.0006119374134271369,0.000498514567985703,0.0007597315656200572,-0.0004689762439384632,0.0006068294288768269,-0.0001859594013327195,0.00017529281766099074,1.25
2.0554067106869635e-05,0.0001459541098753776,0.0002492385910992891,-4.46170921770463e-05,-0.00169215191469371,-3.632272185426565e-05,-0.0006400251876771467,0.0006119374134278925,0.0004985145679863606,0.0007597315656206275,-0.0004689762439376743,0.0006068294288771718,-0.0001859594013317738,0.0001752928176615645,1.2578125
2.0554067107004646e-05,0.00014595410987421441,0.0002492385910987524,-4.461709217786934e-05,-0.0016921519146937806,-3.632272185387329e-05,-0.0006400251876768655,0.0006119374134277107,0.0004985145679856733,0.0007597315656201205,-0.0004689762439384632,0.0006068294288779732,-0.00018595940133259685,0.00017529281766142106,1.265625
2.0554067106628258e-05,0.00014595410987473993,0.00024923859109886597,-4.461709217751391e-05,-0.0016921519146939536,-3.6322721853761575e-05,-0.0006400251876767644,0.0006119374134278675,0.0004985145679851109,0.0007597315656203287,-0.00046897624393760256,0.0006068294288772223,-0.00018595940133224142,0.00017529281766170794,1.2734375
2.0554067110182784e-05,0.0001459541098787423,0.00024923859110246124,-4.46170921738227e-05,-0.0016921519146898562,-3.632272185000203e-05,-0.0006400251876728248,0.0006119374134321047,0.0004985145679895843,0.0007597315656242051,-0.0004689762439341599,0.0006068294288808593,-0.0001859594013285502,0.0001752928176651506,1.28125
2.055406711128708e-05,0.00014595410988012543,0.00024923859110431755,-4.461709217237219e-05,-0.001692151914688816,-3.6322721848905115e-05,-0.0006400251876717835,0.0006119374134327445,0.0004985145679908588,0.0007597315656250311,-0.00046897624393301237,0.0006068294288826649,-0.0001859594013270997,0.00017529281766636988,1.2890625
2.0554067108815724e-05,0.00014595410987750418,0.00024923859110171997,-4.461709217456137e-05,-0.0016921519146910996,-3.6322721851502335e-05,-0.0006400251876745113,0.0006119374134300281,0.0004985145679885416,0.0007597315656232394,-0.0004689762439353792,0.0006068294288798909,-0.0001859594013292889,0.00017529281766389546,1.296875
2.0554067107982782e-05,0.00014595410987656792,0.00024923859110084014,-4.4617092175756275e-05,-0.0016921519146926966,-3.632272185251961e-05,-0.0006400251876753219,0.0006119374134293259,0.0004985145679878455,0.0007597315656223433,-0.00046897624393602466,0.0006068294288787362,-0.0001859594013304838,0.00017529281766278377,1.3046875
2.055406710898036e-05,0.0001459541098777451,0.00024923859110166755,-4.461709217518434e-05,-0.001692151914691439,-3.6322721851658446e-05,-0.0006400251876741027,0.0006119374134301556,0.0004985145679884221,0.0007597315656228394,-0.00046897624393530746,0.0006068294288797746,-0.00018595940132991182,0.00017529281766428994,1.3125
2.0554067108736235e-05,0.00014595410987722034,0.0002492385911010431,-4.461709217527481e-05,-0.0016921519146913281,-3.632272185126864e-05,-0.0006400251876737254,0.0006119374134302984,0.0004985145679886646,0.000759731565623307,-0.0004689762439350206,0.0006068294288799773,-0.0001859594013300023,0.00017529281766428994,1.3203125
2.0554067108498778e-05,0.0001459541098775265,0.00024923859110166413,-4.461709217511604e-05,-0.0016921519146907253,-3.6322721851064175e-05,-0.0006400251876743213,0.000611937413430463,0.0004985145679890402,0.0007597315656232423,-0.00046897624393473365,0.0006068294288802494,-0.00018595940132984354,0.0001752928176638596,1.328125
2.0554067108892614e-05,0.00014595410987735256,0.00024923859110125793,-4.4617092175289547e-05,-0.001692151914691508,-3.632272185174549e-05,-0.0006400251876746559,0.0006119374134301228,0.0004985145679885683,0.0007597315656231103,-0.0004689762439356481,0.0006068294288795798,-0.00018595940133001704,0.00017529281766364444,1.3359375
2.0554067108408118e-05,0.00014595410987648175,0.0002492385911006145,-4.4617092175696997e-05,-0.00169215191469199,-3.632272185224889e-05,-0.0006400251876751041,0.0006119374134291683,0.0004985145679876104,0.0007597315656226063,-0.0004689762439361681,0.0006068294288792881,-0.00018595940133042449,0.00017529281766328584,1.34375
2.055406710460736e-05,0.0001459541098730007,0.0002492385910968518,-4.461709217945786e-05,-0.0016921519146955442,-3.63227218567468e-05,-0.0006400251876783061,0.0006119374134256737,0.0004985145679839533,0.0007597315656183053,-0.0004689762439397542,0.0006068294288746993,-0.00018595940133418534,0.00017529281765941285,1.3515625
2.055406710059675e-05,0.0001459541098689984,0.0002492385910926427,-4.461709218349634e-05,-0.0016921519146996032,-3.6322721860293256e-05,-0.0006400251876831588,0.0006119374134213817,0.0004985145679800383,0.0007597315656144467,-0.00046897624394402163,0.000606829428870956,-0.00018595940133822386,0.00017529281765507368,1.359375
2.055406710424292e-05,0.0001459541098730961,0.0002492385910969464,-4.4617092179367346e-05,-0.0016921519146955864,-3.632272185570768e-05,-0.0006400251876786157,0.0006119374134261421,0.0004985145679842197,0.0007597315656184223,-0.00046897624393946733,0.0006068294288756801,-0.00018595940133409484,0.000175292817659628,1.3671875
2.0554067112002835e-05,0.00014595410988055976,0.00024923859110448783,-4.4617092171757216e-05,-0.0016921519146884036,-3.632272184781383e-05,-0.0006400251876704162,0.0006119374134339672,0.0004985145679918952,0.0007597315656266654,-0.00046897624393172136,0.0006068294288829939,-0.00018595940132648474,0.00017529281766723054,1.375
2.0554067114003892e-05,0.00014595410988283033,0.0002492385911068825,-4.461709216989079e-05,-0.0016921519146859013,-3.632272184590713e-05,-0.00064002518766869,0.000611937413435398,0.0004985145679937347,0.0007597315656280221,-0.0004689762439298566,0.0006068294288845919,-0.00018595940132461829,0.00017529281766952564,1.3828125
2.0554067107867213e-05,0.000145954109876541,0.00024923859110048766,-4.461709217615667e-05,-0.0016921519146920856,-3.6322721852609685e-05,-0.0006400251876754324,0.000611937413428961,0.0004985145679874023,0.0007597315656218761,-0.000468976243936455,0.0006068294288787114,-0.00018595940133088416,0.0001752928176628555,1.390625
2.055406710356609e-05,0.0001459541098722216,0.0002492385910962382,-4.4617092180194545e-05,-0.0016921519146965095,-3.632272185689695e-05,-0.0006400251876796248,0.000611937413424785,0.0004985145679833856,0.0007597315656179238,-0.00046897624394061485,0.00060682942887444,-0.00018595940133492206,0.0001752928176588391,1.3984375
2.05540671065963e-05,0.00014595410987539858,0.0002492385910997304,-4.461709217703926e-05,-0.0016921519146928742,-3.6322721853428095e-05,-0.0006400251876758041,0.000611937413428519,0.0004985145679870963,0.0007597315656209608,-0.0004689762439365984,0.0006068294288776704,-0.00018595940133176676,0.00017529281766242517,1.40625
2.0554067112892524e-05,0.00014595410988151643,0.0002492385911054454,-4.461709217105112e-05,-0.0016921519146873743,-3.63227218470023e-05,-0.0006400251876704559,0.0006119374134346357,0.0004985145679924894,0.0007597315656269361,-0.00046897624393129104,0.0006068294288835877,-0.00018595940132577863,0.00017529281766830637,1.4140625
2.055406711428887e-05,0.0001459541098827193,0.0002492385911065106,-4.461709217006052e-05,-0.0016921519146857354,-3.632272184648352e-05,-0.0006400251876699088,0.0006119374134354084,0.000498514567993648,0.0007597315656280531,-0.0004689762439307172,0.0006068294288845642,-0.00018595940132478802,0.00017529281766888013,1.421875
2.0554067110412496e-05,0.00014595410987915068,0.000249238591103352,-4.4617092173101376e-05,-0.0016921519146893243,-3.632272185057693e-05,-0.0006400251876736853,0.0006119374134311973,0.0004985145679899366,0.0007597315656245053,-0.0004689762439350206,0.0006068294288811855,-0.00018595940132782888,0.00017529281766500717,1.4296875
2.0554067105874873e-05,0.00014595410987413071,0.0002492385910984213,-4.4617092178256046e-05,-0.0016921519146942548,-3.6322721854928414e-05,-0.0006400251876780762,0.000611937413426998,0.0004985145679855276,0.0007597315656200071,-0.00046897624393867836,0.0006068294288767678,-0.00018595940133298353,0.00017529281766070384,1.4375
2.0554067103388066e-05,0.0001459541098716249,0.00024923859109577637,-4.461709218090313e-05,-0.0016921519146970432,-3.6322721857153596e-05,-0.0006400251876796896,0.000611937413424775,0.0004985145679831506,0.0007597315656177691,-0.00046897624394061485,0.0006068294288741017,-0.00018595940133563064,0.00017529281765855218,1.4453125
2.0554067101750446e-05,0.00014595410986971045,0.00024923859109373265,-4.461709218266705e-05,-0.0016921519146983698,-3.6322721858263447e-05,-0.0006400251876812499,0.0006119374134233854,0.0004985145679814038,0.0007597315656161516,-0.0004689762439420493,0.0006068294288726347,-0.00018595940133739455,0.00017529281765740464,1.453125
2.0554067104290735e-05,0.00014595410987345808,0.00024923859109654887,-4.461709217988718e-05,-0.0016921519146955537,-3.63227218554355e-05,-0.0006400251876781112,0.0006119374134262496,0.0004985145679842798,0.000759731565618668,-0.0004689762439393239,0.0006068294288751875,-0.00018595940133461468,0.00017529281765991492,1.4609375
2.055406710587796e-05,0.00014595410987475733,0.00024923859109845023,-4.4617092178041015e-05,-0.0016921519146940005,-3.632272185467396e-05,-0.0006400251876776345,0.0006119374134272098,0.0004985145679856063,0.0007597315656200993,-0.0004689762439381763,0.0006068294288766022,-0.0001859594013327685,0.00017529281766099074,1.46875
2.0554067106555783e-05,0.00014595410987504955,0.0002492385910987325,-4.46170921779279e-05,-0.0016921519146939437,-3.632272185463322e-05,-0.0006400251876773245,0.0006119374134275631,0.000498514567985503,0.0007597315656203032,-0.0004689762439381405,0.0006068294288767601,-0.0001859594013326554,0.00017529281766070384,1.4765625
2.055406710616394e-05,0.0001459541098747931,0.0002492385910987725,-4.461709217792854e-05,-0.001692151914694065,-3.6322721855630624e-05,-0.0006400251876775885,0.0006119374134270368,0.0004985145679857502,0.0007597315656198235,-0.0004689762439387501,0.0006068294288767514,-0.00018595940133265602,0.00017529281766048868,1.484375
2.055406710807419e-05,0.00014595410987646855,0.0002492385911004688,-4.461709217599163e-05,-0.0016921519146922074,-3.632272185198597e-05,-0.0006400251876749805,0.0006119374134297236,0.0004985145679878571,0.0007597315656220531,-0.00046897624393595294,0.0006068294288790273,-0.00018595940133071912,0.00017529281766328584,1.4921875
2.05540671141549e-05,0.00014595410988297387,0.0002492385911070172,-4.461709216928545e-05,-0.0016921519146855155,-3.6322721845469116e-05,-0.0006400251876689542,0.0006119374134364412,0.0004985145679944715,0.0007597315656284809,-0.0004689762439295697,0.0006068294288847953,-0.00018595940132401295,0.00017529281766981252,1.5
2.0554067116004347e-05,0.00014595410988461527,0.00024923859110901584,-4.461709216796752e-05,-0.0016921519146835887,-3.6322721844022465e-05,-0.0006400251876668046,0.0006119374134378513,0.0004985145679961186,0.0007597315656302012,-0.0004689762439282787,0.0006068294288871245,-0.00018595940132269502,0.00017529281767146213,1.5078125
2.055406711276119e-05,0.00014595410988090709,0.0002492385911050556,-4.461709217119207e-05,-0.0016921519146876924,-3.6322721848241814e-05,-0.0006400251876707394,0.0006119374134338287,0.0004985145679922671,0.0007597315656268169,-0.00046897624393200824,0.0006068294288830047,-0.00018595940132591957,0.00017529281766730226,1.515625
2.0554067109600595e-05,0.00014595410987876828,0.0002492385911028737,-4.461709217363934e-05,-0.0016921519146903044,-3.632272185069102e-05,-0.0006400251876732958,0.0006119374134315732,0.0004985145679894574,0.0007597315656237634,-0.00046897624393408817,0.0006068294288810054,-0.00018595940132836683,0.00017529281766529405,1.5234375
2.0554067108981e-05,0.0001459541098775595,0.0002492385911017045,-4.4617092174756593e-05,-0.001692151914691151,-3.632272185107093e-05,-0.0006400251876740034,0.0006119374134306751,0.0004985145679887032,0.0007597315656232206,-0.0004689762439348771,0.0006068294288798011,-0.00018595940132948408,0.0001752928176645051,1.53125
2.0554067106553723e-05,0.00014595410987571986,0.00024923859109895384,-4.4617092177517914e-05,-0.0016921519146936325,-3.632272185354206e-05,-0.0006400251876758209,0.0006119374134287526,0.0004985145679864147,0.0007597315656208569,-0.00046897624393720807,0.0006068294288775556,-0.0001859594013322454,0.00017529281766206657,1.5390625
2.055406710255845e-05,0.00014595410987136491,0.000249238591094818,-4.46170921812254e-05,-0.001692151914697141,-3.632272185808285e-05,-0.0006400251876806105,0.0006119374134239269,0.000498514567982188,0.0007597315656169311,-0.00046897624394154726,0.0006068294288734884,-0.0001859594013359529,0.00017529281765769154,1.546875
2.055406710320173e-05,0.0001459541098713205,0.0002492385910951573,-4.461709218132901e-05,-0.0016921519146974474,-3.632272185787855e-05,-0.000640025187680537,0.0006119374134237851,0.0004985145679825569,0.0007597315656167012,-0.0004689762439417624,0.000606829428873486,-0.0001859594013360565,0.00017529281765769154,1.5546875
2.055406710661958e-05,0.00014595410987493164,0.0002492385910989011,-4.4617092177328775e-05,-0.0016921519146942056,-3.632272185491398e-05,-0.0006400251876772418,0.0006119374134270671,0.0004985145679859919,0.0007597315656203622,-0.00046897624393831976,0.0006068294288771775,-0.00018595940133205626,0.00017529281766113418,1.5625
2.0554067107309164e-05,0.00014595410987558338,0.0002492385910995652,-4.461709217659912e-05,-0.0016921519146929674,-3.632272185333949e-05,-0.0006400251876762372,0.0006119374134286478,0.0004985145679866899,0.0007597315656213346,-0.00046897624393717224,0.0006068294288778693,-0.00018595940133132662,0.0001752928176621383,1.5703125
2.0554067106690725e-05,0.00014595410987558991,0.00024923859109913534,-4.46170921774025e-05,-0.0016921519146933259,-3.632272185348226e-05,-0.0006400251876764823,0.0006119374134283405,0.0004985145679864547,0.0007597315656207469,-0.0004689762439374591,0.0006068294288775475,-0.00018595940133213,0.00017529281766192313,1.578125
2.0554067105692327e-05,0.0001459541098745292,0.0002492385910981773,-4.461709217803535e-05,-0.0016921519146940686,-3.632272185464955e-05,-0.0006400251876770946,0.0006119374134270991,0.0004985145679855778,0.0007597315656204127,-0.0004689762439381763,0.0006068294288765654,-0.00018595940133276284,0.00017529281766127762,1.5859375
2.0554067107875934e-05,0.00014595410987626816,0.000249238591100276,-4.4617092176295815e-05,-0.0016921519146927588,-3.632272185259415e-05,-0.000640025187675441,0.0006119374134293702,0.0004985145679873753,0.0007597315656219223,-0.00046897624393631154,0.0006068294288785775,-0.00018595940133102332,0.00017529281766299896,1.59375
2.0554067109972785e-05,0.00014595410987841852,0.00024923859110223805,-4.461709217398859e-05,-0.0016921519146904382,-3.632272185064792e-05,-0.0006400251876733865,0.0006119374134314733,0.0004985145679893908,0.0007597315656241262,-0.00046897624393437505,0.000606829428880508,-0.00018595940132871608,0.0001752928176651506,1.6015625
2.0554067106260463e-05,0.0001459541098746314,0.0002492385910983588,-4.4617092177893495e-05,-0.001692151914693887,-3.6322721854649116e-05,-0.0006400251876774533,0.0006119374134268522,0.0004985145679854367,0.000759731565620336,-0.00046897624393831976,0.0006068294288765282,-0.000185959401332621,0.00017529281766099074,1.609375
2.0554067103613105e-05,0.00014595410987229776,0.0002492385910962566,-4.4617092180254854e-05,-0.0016921519146964195,-3.632272185722608e-05,-0.0006400251876797971,0.0006119374134246779,0.0004985145679833614,0.0007597315656181726,-0.0004689762439407942,0.0006068294288749109,-0.00018595940133498234,0.0001752928176584446,1.6171875
2.0554067111167755e-05,0.00014595410987988663,0.0002492385911039037,-4.461709217245757e-05,-0.001692151914688414,-3.632272184879646e-05,-0.0006400251876717048,0.0006119374134329574,0.0004985145679908635,0.0007597315656255805,-0.00046897624393272544,0.0006068294288821686,-0.00018595940132718508,0.0001752928176664416,1.625
2.055406711611574e-05,0.0001459541098846205,0.00024923859110863387,-4.4617092167546236e-05,-0.0016921519146842574,-3.632272184373311e-05,-0.0006400251876665899,0.0006119374134379113,0.0004985145679957022,0.0007597315656303872,-0.0004689762439272746,0.0006068294288869376,-0.00018595940132227373,0.00017529281767196417,1.6328125
2.0554067112663178e-05,0.00014595410988135093,0.00024923859110540246,-4.461709217129879e-05,-0.0016921519146874172,-3.632272184767153e-05,-0.0006400251876708225,0.0006119374134341353,0.0004985145679920799,0.0007597315656263682,-0.00046897624393129104,0.0006068294288831529,-0.00018595940132602628,0.00017529281766787602,1.640625
2.0554067107175465e-05,0.0001459541098758955,0.000249238591099517,-4.461709217687062e-05,-0.0016921519146929798,-3.632272185380988e-05,-0.0006400251876763889,0.0006119374134279702,0.0004985145679866661,0.0007597315656210616,-0.0004689762439374591,0.000606829428877685,-0.00018595940133159814,0.0001752928176618514,1.6484375
2.0554067104401215e-05,0.00014595410987293926,0.000249238591097233,-4.4617092179087303e-05,-0.0016921519146955867,-3.6322721856083977e-05,-0.0006400251876783618,0.0006119374134257722,0.0004985145679847649,0.0007597315656189544,-0.00046897624393961077,0.0006068294288755015,-0.00018595940133381479,0.00017529281765969973,1.65625
2.0554067106364038e-05,0.00014595410987476733,0.0002492385910987843,-4.461709217745142e-05,-0.0016921519146940354,-3.63227218538047e-05,-0.0006400251876763868,0.0006119374134278952,0.0004985145679862532,0.0007597315656209705,-0.0004689762439373157,0.0006068294288772178,-0.00018595940133217892,0.00017529281766228173,1.6640625
2.0554067109677783e-05,0.00014595410987777583,0.0002492385911019235,-4.461709217453891e-05,-0.0016921519146907529,-3.632272185060868e-05,-0.0006400251876737277,0.0006119374134311028,0.0004985145679891589,0.0007597315656236379,-0.0004689762439345902,0.0006068294288803271,-0.0001859594013292664,0.0001752928176648637,1.671875
2.0554067109007275e-05,0.00014595410987725864,0.00024923859110112826,-4.461709217548203e-05,-0.0016921519146911176,-3.6322721851903266e-05,-0.0006400251876750422,0.0006119374134298126,0.0004985145679880867,0.0007597315656221264,-0.0004689762439358812,0.0006068294288789635,-0.00018595940133020954,0.00017529281766342928,1.6796875
2.0554067105653947e-05,0.00014595410987398657,0.0002492385910976408,-4.461709217914867e-05,-0.0016921519146945692,-3.632272185628241e-05,-0.0006400251876788666,0.0006119374134260431,0.0004985145679846805,0.0007597315656190432,-0.00046897624393989765,0.0006068294288756652,-0.00018595940133387618,0.00017529281765969973,1.6875
2.055406710335969e-05,0.00014595410987198952,0.00024923859109602465,-4.4617092180381495e-05,-0.0016921519146969384,-3.632272185793484e-05,-0.0006400251876802528,0.0006119374134241508,0.0004985145679829311,0.0007597315656182398,-0.0004689762439411169,0.0006068294288744425,-0.000185959401335109,0.00017529281765797842,1.6953125
2.0554067104679686e-05,0.00014595410987284846,0.0002492385910970377,-4.461709217962483e-05,-0.0016921519146959254,-3.632272185606126e-05,-0.0006400251876791066,0.0006119374134255634,0.0004985145679839134,0.0007597315656187812,-0.00046897624394032797,0.0006068294288751685,-0.00018595940133435236,0.0001752928176595563,1.703125
2.0554067106628543e-05,0.00014595410987534204,0.00024923859109923324,-4.461709217728027e-05,-0.0016921519146932277,-3.632272185308852e-05,-0.0006400251876757889,0.0006119374134286741,0.0004985145679872992,0.0007597315656211023,-0.0004689762439365984,0.0006068294288776991,-0.00018595940133200777,0.00017529281766228173,1.7109375
2.0554067108285915e-05,0.00014595410987766294,0.00024923859110159333,-4.4617092174545296e-05,-0.0016921519146903656,-3.6322721850280934e-05,-0.0006400251876742366,0.0006119374134311068,0.0004985145679883864,0.0007597315656230826,-0.00046897624393473365,0.0006068294288793046,-0.00018595940132927277,0.00017529281766457682,1.71875
2.0554067108464205e-05,0.0001459541098775023,0.00024923859110121126,-4.461709217556805e-05,-0.0016921519146916107,-3.632272185172658e-05,-0.0006400251876746447,0.00061193741343023,0.0004985145679883826,0.0007597315656230145,-0.00046897624393559434,0.0006068294288791612,-0.00018595940133029555,0.00017529281766371616,1.7265625
2.055406710563302e-05,0.00014595410987409786,0.0002492385910979885,-4.461709217888332e-05,-0.0016921519146947594,-3.6322721855461516e-05,-0.000640025187678597,0.0006119374134260857,0.0004985145679848018,0.0007597315656194659,-0.00046897624393918045,0.0006068294288758475,-0.00018595940133361082,0.00017529281765998664,1.734375
2.0554067105203816e-05,0.00014595410987396892,0.00024923859109794776,-4.461709217865887e-05,-0.0016921519146951142,-3.632272185556919e-05,-0.0006400251876781039,0.0006119374134265017,0.0004985145679847834,0.0007597315656196104,-0.00046897624393918045,0.0006068294288758074,-0.0001859594013333864,0.00017529281766041696,1.7421875
2.0554067107509914e-05,0.00014595410987579995,0.00024923859109993364,-4.461709217643216e-05,-0.001692151914692886,-3.632272185268737e-05,-0.0006400251876757601,0.0006119374134291068,0.0004985145679869306,0.0007597315656215671,-0.00046897624393641915,0.000606829428878339,-0.00018595940133115963,0.0001752928176628017,1.75
2.05540671098277e-05,0.0001459541098788568,0.000249238591102252,-4.461709217444605e-05,-0.0016921519146902045,-3.632272185036056e-05,-0.0006400251876729077,0.0006119374134314432,0.0004985145679894189,0.0007597315656244261,-0.000468976243933873,0.0006068294288809253,-0.00018595940132917356,0.00017529281766529405,1.7578125
2.0554067109984413e-05,0.000145954109878734,0.0002492385911026316,-4.461709217427956e-05,-0.0016921519146899729,-3.6322721850803295e-05,-0.0006400251876733606,0.0006119374134312135,0.000498514567989371,0.0007597315656241,-0.0004689762439345902,0.0006068294288803774,-0.00018595940132900703,0.00017529281766472026,1.765625
2.055406711042061e-05,0.00014595410987913957,0.00024923859110341,-4.4617092173328963e-05,-0.00169215191468984,-3.6322721850671334e-05,-0.0006400251876733108,0.0006119374134313167,0.0004985145679901905,0.0007597315656240445,-0.00046897624393394473,0.0006068294288810822,-0.00018595940132805648,0.00017529281766536577,1.7734375
2.0554067111964298e-05,0.00014595410988042041,0.0002492385911046238,-4.461709217204578e-05,-0.001692151914688124,-3.6322721848550154e-05,-0.0006400251876714532,0.000611937413433225,0.0004985145679912849,0.0007597315656256364,-0.0004689762439322951,0.0006068294288823895,-0.00018595940132677327,0.00017529281766715882,1.78125
2.0554067109908332e-05,0.00014595410987843798,0.0002492385911027177,-4.461709217406401e-05,-0.001692151914690093,-3.6322721850042985e-05,-0.0006400251876728822,0.0006119374134315575,0.000498514567989524,0.0007597315656241533,-0.0004689762439342316,0.0006068294288806599,-0.00018595940132879152,0.00017529281766558093,1.7890625
2.0554067108261456e-05,0.0001459541098771812,0.00024923859110123555,-4.4617092175431245e-05,-0.0016921519146911538,-3.6322721851239016e-05,-0.0006400251876742085,0.0006119374134305334,0.0004985145679885037,0.0007597315656229325,-0.0004689762439354509,0.0006068294288793241,-0.00018595940133015875,0.0001752928176641465,1.796875
2.055406710899105e-05,0.0001459541098777544,0.000249238591101348,-4.461709217462226e-05,-0.001692151914691113,-3.6322721851035836e-05,-0.0006400251876742662,0.0006119374134303269,0.0004985145679891052,0.0007597315656231341,-0.0004689762439354509,0.0006068294288799767,-0.00018595940132934974,0.00017529281766407478,1.8046875
2.055406710953965e-05,0.00014595410987812055,0.0002492385911021583,-4.461709217450017e-05,-0.0016921519146905894,-3.632272185086701e-05,-0.0006400251876738221,0.0006119374134308972,0.0004985145679893028,0.0007597315656236945,-0.0004689762439350564,0.000606829428880293,-0.00018595940132922766,0.00017529281766428994,1.8125
2.0554067107326986e-05,0.0001459541098749657,0.0002492385910993911,-4.461709217710258e-05,-0.0016921519146934287,-3.6322721853942217e-05,-0.0006400251876762145,0.000611937413427944,0.0004985145679859161,0.0007597315656202607,-0.00046897624393760256,0.0006068294288777345,-0.00018595940133183007,0.00017529281766170794,1.8203125
2.0554067102153996e-05,0.00014595410987079059,0.00024923859109445435,-4.461709218255507e-05,-0.0016921519146985806,-3.632272185862e-05,-0.0006400251876815968,0.0006119374134236385,0.0004985145679812242,0.0007597315656159717,-0.0004689762439424796,0.0006068294288727778,-0.00018595940133728258,0.00017529281765654397,1.828125
2.0554067101424318e-05,0.00014595410986981272,0.000249238591093634,-4.46170921831673e-05,-0.0016921519146987554,-3.6322721859209366e-05,-0.0006400251876824788,0.000611937413422841,0.0004985145679810162,0.0007597315656153913,-0.0004689762439430534,0.000606829428872276,-0.0001859594013378948,0.0001752928176559702,1.8359375
2.055406710648272e-05,0.00014595410987519288,0.00024923859109914515,-4.4617092177407834e-05,-0.0016921519146934412,-3.632272185356556e-05,-0.0006400251876761159,0.0006119374134280931,0.0004985145679865803,0.0007597315656212366,-0.0004689762439373157,0.0006068294288775861,-0.00018595940133213536,0.00017529281766199485,1.84375
2.0554067108344916e-05,0.00014595410987703242,0.0002492385911015068,-4.461709217533415e-05,-0.0016921519146918865,-3.632272185142199e-05,-0.0006400251876739986,0.0006119374134298074,0.0004985145679886144,0.0007597315656230536,-0.00046897624393530746,0.000606829428879691,-0.00018595940133006166,0.00017529281766400306,1.8515625
2.0554067107555908e-05,0.00014595410987599286,0.0002492385911001225,-4.461709217647435e-05,-0.0016921519146928046,-3.632272185270194e-05,-0.0006400251876757816,0.0006119374134287137,0.0004985145679868362,0.0007597315656215124,-0.000468976243936455,0.0006068294288781568,-0.00018595940133120183,0.00017529281766271205,1.859375
2.05540671072904e-05,0.00014595410987572994,0.00024923859109939983,-4.461709217703888e-05,-0.0016921519146933302,-3.6322721853675964e-05,-0.0006400251876765994,0.0006119374134283167,0.0004985145679861877,0.0007597315656209831,-0.0004689762439373157,0.0006068294288775053,-0.00018595940133176638,0.00017529281766142106,1.8671875
2.055406710752882e-05,0.00014595410987645752,0.00024923859110035057,-4.461709217609212e-05,-0.0016921519146923256,-3.6322721852832265e-05,-0.0006400251876749589,0.0006119374134291464,0.0004985145679876994,0.0007597315656220027,-0.00046897624393602466,0.0006068294288788156,-0.00018595940133081962,0.0001752928176628555,1.875
2.0554067109798692e-05,0.00014595410987846647,0.00024923859110277967,-4.461709217419585e-05,-0.0016921519146898966,-3.632272185101521e-05,-0.0006400251876730505,0.0006119374134314963,0.0004985145679900111,0.0007597315656247548,-0.0004689762439341599,0.0006068294288806661,-0.00018595940132892335,0.0001752928176654375,1.8828125
2.055406711082024e-05,0.00014595410987930103,0.0002492385911034556,-4.461709217322544e-05,-0.001692151914689364,-3.632272184953246e-05,-0.0006400251876720543,0.000611937413432039,0.0004985145679905716,0.0007597315656246134,-0.00046897624393358613,0.000606829428881593,-0.00018595940132795297,0.00017529281766629816,1.890625
2.0554067110896674e-05,0.00014595410987896945,0.0002492385911030046,-4.461709217315055e-05,-0.0016921519146893848,-3.632272185028314e-05,-0.0006400251876730649,0.0006119374134316231,0.0004985145679902147,0.0007597315656245909,-0.00046897624393394473,0.0006068294288811164,-0.00018595940132787805,0.0001752928176658678,1.8984375
2.0554067110315094e-05,0.00014595410987855236,0.0002492385911027166,-4.461709217378997e-05,-0.0016921519146897086,-3.632272185046736e-05,-0.000640025187673578,0.0006119374134308938,0.0004985145679896609,0.0007597315656241591,-0.0004689762439341599,0.000606829428880785,-0.00018595940132851748,0.00017529281766479198,1.90625
2.0554067109514306e-05,0.00014595410987817828,0.00024923859110212676,-4.461709217439744e-05,-0.0016921519146905852,-3.6322721851067814e-05,-0.0006400251876737409,0.0006119374134307055,0.0004985145679892109,0.000759731565623638,-0.00046897624393466193,0.0006068294288803891,-0.00018595940132912496,0.0001752928176645051,1.9140625
2.0554067109239298e-05,0.00014595410987763288,0.00024923859110146605,-4.461709217512602e-05,-0.0016921519146910668,-3.63227218512701e-05,-0.0006400251876739761,0.0006119374134307145,0.000498514567988997,0.00075973156562336,-0.00046897624393480537,0.0006068294288798921,-0.00018595940132985352,0.00017529281766443338,1.921875
2.055406710822919e-05,0.00014595410987693845,0.0002492385911009176,-4.461709217567574e-05,-0.0016921519146919021,-3.6322721851589627e-05,-0.0006400251876747835,0.0006119374134301094,0.0004985145679881904,0.0007597315656224076,-0.0004689762439357378,0.0006068294288793712,-0.00018595940133040324,0.00017529281766371616,1.9296875
2.0554067108829236e-05,0.00014595410987765868,0.0002492385911013349,-4.4617092175268344e-05,-0.0016921519146913414,-3.632272185176268e-05,-0.0006400251876750895,0.0006119374134300896,0.0004985145679884051,0.0007597315656233915,-0.0004689762439354509,0.0006068294288794684,-0.00018595940132999585,0.00017529281766371616,1.9375
2.0554067106581597e-05,0.0001459541098750356,0.0002492385910991031,-4.461709217710409e-05,-0.0016921519146937166,-3.6322721854199355e-05,-0.0006400251876771697,0.0006119374134278307,0.0004985145679861206,0.0007597315656205363,-0.00046897624393788944,0.0006068294288771139,-0.0001859594013318316,0.00017529281766149278,1.9453125
2.05540671053931e-05,0.00014595410987351654,0.00024923859109756465,-4.4617092178991446e-05,-0.0016921519146948247,-3.632272185636441e-05,-0.000640025187678602,0.0006119374134257277,0.0004985145679842517,0.0007597315656189018,-0.0004689762439397542,0.0006068294288758283,-0.00018595940133371894,0.0001752928176598432,1.953125
2.0554067106262973e-05,0.00014595410987467826,0.0002492385910986968,-4.461709217829278e-05,-0.0016921519146941228,-3.632272185438863e-05,-0.0006400251876769588,0.0006119374134268458,0.0004985145679856577,0.0007597315656205348,-0.00046897624393831976,0.0006068294288765857,-0.00018595940133302028,0.0001752928176608473,1.9609375
2.0554067108457836e-05,0.00014595410987672488,0.0002492385911009935,-4.4617092175995606e-05,-0.0016921519146919338,-3.6322721851645836e-05,-0.000640025187674816,0.0006119374134299827,0.0004985145679882186,0.0007597315656228276,-0.0004689762439358812,0.000606829428879183,-0.0001859594013307231,0.00017529281766371616,1.96875
2.055406710569901e-05,0.00014595410987431007,0.00024923859109792575,-4.461709217834242e-05,-0.0016921519146947505,-3.632272185446801e-05,-0.0006400251876774297,0.0006119374134273361,0.0004985145679853873,0.0007597315656202548,-0.00046897624393831976,0.0006068294288766063,-0.00018595940133306994,0.00017529281766113418,1.9765625
2.05540671036441e-05,0.00014595410987217658,0.0002492385910960523,-4.4617092180543116e-05,-0.0016921519146965523,-3.63227218572257e-05,-0.0006400251876796,0.0006119374134246188,0.0004985145679833277,0.0007597315656175407,-0.0004689762439404714,0.0006068294288742554,-0.00018595940133527063,0.0001752928176588391,1.984375
2.0554067103761346e-05,0.00014595410987233866,0.0002492385910957759,-4.461709218063165e-05,-0.0016921519146969363,-3.632272185760092e-05,-0.0006400251876801723,0.000611937413423984,0.0004985145679829168,0.0007597315656172097,-0.00046897624394090173,0.0006068294288734944,-0.00018595940133535915,0.00017529281765812186,1.9921875
2.0554067108776113e-05,0.00014595410987722652,0.0002492385911014732,-4.4617092174993905e-05,-0.0016921519146914003,-3.632272185157998e-05,-0.0006400251876744356,0.0006119374134300645,0.0004985145679880927,0.0007597315656227416,-0.00046897624393523574,0.000606829428879579,-0.00018595940132972144,0.00017529281766407478,2.0
2.0554067109528374e-05,0.00014595410987834208,0.00024923859110251436,-4.461709217428313e-05,-0.0016921519146903053,-3.632272185029375e-05,-0.0006400251876731229,0.0006119374134314659,0.0004985145679896047,0.0007597315656240591,-0.00046897624393401645,0.0006068294288804379,-0.0001859594013290106,0.0001752928176651506,2.0078125
2.0554067111245628e-05,0.0001459541098794163,0.0002492385911035913,-4.461709217317167e-05,-0.0016921519146898022,-3.632272184887555e-05,-0.0006400251876721399,0.0006119374134322758,0.0004985145679900387,0.0007597315656251357,-0.00046897624393286893,0.0006068294288823408,-0.00018595940132789916,0.00017529281766629816,2.015625
2.055406711127632e-05,0.00014595410988024838,0.0002492385911042579,-4.461709217226098e-05,-0.0016921519146883464,-3.6322721848941354e-05,-0.0006400251876719436,0.0006119374134328266,0.0004985145679913632,0.0007597315656257651,-0.00046897624393301237,0.0006068294288826184,-0.00018595940132698846,0.0001752928176664416,2.0234375
2.0554067112001083e-05,0.00014595410988064406,0.0002492385911045,-4.461709217196001e-05,-0.0016921519146878893,-3.632272184869091e-05,-0.0006400251876716088,0.0006119374134331616,0.0004985145679915631,0.0007597315656260469,-0.00046897624393243856,0.0006068294288827337,-0.00018595940132668749,0.00017529281766687192,2.03125
2.0554067112777785e-05,0.00014595410988113168,0.0002492385911050648,-4.4617092171003485e-05,-0.0016921519146875395,-3.632272184782379e-05,-0.0006400251876706656,0.0006119374134337805,0.0004985145679921974,0.0007597315656263171,-0.00046897624393172136,0.0006068294288828274,-0.00018595940132573098,0.00017529281766758914,2.0390625
2.0554067108058944e-05,0.00014595410987607447,0.0002492385911001132,-4.461709217615133e-05,-0.001692151914692276,-3.632272185255857e-05,-0.000640025187675692,0.000611937413429206,0.0004985145679871226,0.0007597315656218897,-0.00046897624393631154,0.0006068294288783453,-0.00018595940133087882,0.0001752928176631424,2.046875
2.0554067105853216e-05,0.00014595410987406311,0.00024923859109805184,-4.461709217843869e-05,-0.0016921519146945526,-3.632272185447435e-05,-0.000640025187677602,0.0006119374134271935,0.0004985145679853991,0.000759731565620037,-0.0004689762439388218,0.0006068294288765392,-0.00018595940133316622,0.00017529281766063212,2.0546875
2.055406710387132e-05,0.0001459541098723637,0.00024923859109632807,-4.461709218052684e-05,-0.0016921519146965275,-3.6322721856633545e-05,-0.0006400251876795372,0.0006119374134250042,0.0004985145679835274,0.0007597315656182614,-0.0004689762439407583,0.0006068294288747336,-0.00018595940133525434,0.00017529281765869565,2.0625
2.0554067106324875e-05,0.0001459541098754018,0.0002492385910986939,-4.46170921773004e-05,-0.0016921519146936325,-3.632272185417271e-05,-0.0006400251876770442,0.0006119374134276444,0.0004985145679864779,0.0007597315656204496,-0.000468976243937746,0.0006068294288775315,-0.0001859594013320279,0.00017529281766142106,2.0703125
2.0554067108512764e-05,0.00014595410987736492,0.0002492385911006824,-4.461709217511393e-05,-0.0016921519146913843,-3.6322721852394863e-05,-0.0006400251876746553,0.0006119374134297981,0.0004985145679883491,0.0007597315656229052,-0.0004689762439358812,0.0006068294288784981,-0.00018595940132984143,0.0001752928176631424,2.078125
2.0554067108915447e-05,0.0001459541098770654,0.0002492385911013718,-4.461709217558241e-05,-0.001692151914691412,-3.632272185198999e-05,-0.0006400251876747467,0.0006119374134297829,0.0004985145679880853,0.0007597315656225132,-0.0004689762439358812,0.0006068294288791204,-0.0001859594013303099,0.0001752928176631424,2.0859375
2.0554067108284506e-05,0.00014595410987674847,0.00024923859110061283,-4.461709217569899e-05,-0.0016921519146918661,-3.632272185240972e-05,-0.000640025187675409,0.0006119374134292229,0.0004985145679874341,0.0007597315656222771,-0.0004689762439360964,0.000606829428879031,-0.0001859594013304265,0.00017529281766323203,2.09375
2.0554067105585245e-05,0.0001459541098748644,0.00024923859109861937,-4.461709217827428e-05,-0.0016921519146948457,-3.63227218550082e-05,-0.0006400251876764731,0.0006119374134268477,0.0004985145679858883,0.0007597315656197558,-0.00046897624393788944,0.0006068294288766253,-0.0001859594013330018,0.00017529281766170794,2.1015625
2.0554067104899772e-05,0.00014595410987340606,0.0002492385910981583,-4.461709217897733e-05,-0.0016921519146946367,-3.632272185608397e-05,-0.0006400251876784422,0.0006119374134263003,0.0004985145679855151,0.0007597315656197952,-0.0004689762439393239,0.0006068294288758666,-0.00018595940133370482,0.00017529281765941285,2.109375
2.055406710763417e-05,0.00014595410987580922,0.00024923859109975626,-4.4617092176498256e-05,-0.001692151914692884,-3.6322721853278976e-05,-0.0006400251876759783,0.0006119374134281888,0.0004985145679864949,0.0007597315656214254,-0.0004689762439368853,0.0006068294288775842,-0.00018595940133122577,0.0001752928176625686,2.1171875
2.055406710644866e-05,0.0001459541098746824,0.00024923859109902816,-4.461709217774846e-05,-0.0016921519146937914,-3.632272185459739e-05,-0.0006400251876774141,0.0006119374134271415,0.0004985145679859689,0.0007597315656202499,-0.0004689762439380508,0.000606829428876823,-0.00018595940133247596,0.00017529281766118796,2.125
2.055406710810873e-05,0.00014595410987694476,0.00024923859110056746,-4.4617092176062806e-05,-0.0016921519146919654,-3.632272185239689e-05,-0.0006400251876749837,0.0006119374134293391,0.0004985145679878237,0.0007597315656222537,-0.0004689762439358812,0.0006068294288789674,-0.00018595940133079032,0.00017529281766328584,2.1328125
2.0554067109753396e-05,0.00014595410987861815,0.00024923859110231373,-4.461709217438885e-05,-0.0016921519146902908,-3.632272185049312e-05,-0.0006400251876728506,0.0006119374134314586,0.0004985145679894551,0.000759731565624171,-0.000468976243933873,0.000606829428880957,-0.00018595940132911634,0.0001752928176651506,2.140625
2.055406710983645e-05,0.00014595410987833197,0.0002492385911024978,-4.4617092173902e-05,-0.0016921519146898916,-3.632272185023469e-05,-0.0006400251876730012,0.000611937413431988,0.0004985145679895569,0.000759731565624161,-0.00046897624393408817,0.0006068294288806444,-0.00018595940132862948,0.00017529281766536577,2.1484375
2.0554067107325715e-05,0.00014595410987599598,0.00024923859109995277,-4.4617092176055623e-05,-0.001692151914693369,-3.6322721853500756e-05,-0.0006400251876761863,0.0006119374134286891,0.0004985145679871148,0.0007597315656212827,-0.0004689762439373157,0.0006068294288782351,-0.0001859594013307831,0.00017529281766199485,2.15625
2.055406710856079e-05,0.00014595410987710712,0.0002492385911012192,-4.461709217536889e-05,-0.0016921519146916005,-3.632272185229925e-05,-0.0006400251876753109,0.0006119374134293945,0.0004985145679880422,0.0007597315656225567,-0.000468976243936455,0.0006068294288790847,-0.00018595940133009638,0.00017529281766342928,2.1640625
2.055406710911512e-05,0.00014595410987767784,0.0002492385911016002,-4.461709217514403e-05,-0.00169215191469113,-3.632272185162054e-05,-0.0006400251876748263,0.0006119374134300859,0.0004985145679881527,0.0007597315656227852,-0.0004689762439354509,0.0006068294288796128,-0.00018595940132987152,0.00017529281766357272,2.171875
2.0554067110295812e-05,0.00014595410987885531,0.00024923859110250206,-4.461709217399679e-05,-0.0016921519146900308,-3.6322721850104514e-05,-0.000640025187672999,0.0006119374134317869,0.000498514567989912,0.0007597315656243181,-0.000468976243933873,0.0006068294288810438,-0.0001859594013287243,0.00017529281766536577,2.1796875
2.055406710961146e-05,0.00014595410987845866,0.00024923859110241706,-4.4617092174309346e-05,-0.0016921519146904742,-3.6322721850195315e-05,-0.0006400251876730915,0.0006119374134317085,0.000498514567989541,0.0007597315656245677,-0.00046897624393430333,0.0006068294288807321,-0.00018595940132903684,0.00017529281766529405,2.1875
2.0554067112763785e-05,0.0001459541098817339,0.0002492385911057935,-4.4617092170553196e-05,-0.0016921519146870262,-3.632272184681861e-05,-0.0006400251876702474,0.0006119374134346336,0.0004985145679927533,0.0007597315656277508,-0.00046897624393104,0.0006068294288840374,-0.00018595940132528068,0.00017529281766823465,2.1953125
2.055406710860875e-05,0.00014595410987736443,0.000249238591101445,-4.461709217484043e-05,-0.0016921519146912312,-3.6322721851960884e-05,-0.0006400251876746739,0.0006119374134297171,0.0004985145679883339,0.0007597315656230233,-0.0004689762439357378,0.0006068294288795356,-0.00018595940132956794,0.00017529281766371616,2.203125
2.0554067100548686e-05,0.0001459541098696412,0.00024923859109378605,-4.46170921833922e-05,-0.0016921519146998224,-3.632272186054334e-05,-0.0006400251876830694,0.0006119374134209516,0.0004985145679802946,0.0007597315656147045,-0.0004689762439439141,0.000606829428870747,-0.00018595940133811972,0.00017529281765525298,2.2109375
2.0554067101120484e-05,0.00014595410986975365,0.00024923859109367427,-4.461709218299737e-05,-0.001692151914699217,-3.6322721860057686e-05,-0.0006400251876820237,0.0006119374134219347,0.0004985145679806559,0.0007597315656152004,-0.00046897624394348376,0.0006068294288716149,-0.00018595940133772488,0.00017529281765611365,2.21875
2.0554067104586746e-05,0.0001459541098726399,0.00024923859109694736,-4.461709217963082e-05,-0.0016921519146955494,-3.632272185591619e-05,-0.0006400251876785869,0.0006119374134255883,0.0004985145679842096,0.0007597315656188157,-0.00046897624393961077,0.0006068294288753338,-0.0001859594013343583,0.00017529281765998664,2.2265625
2.0554067108146385e-05,0.0001459541098763658,0.0002492385911007833,-4.4617092175993336e-05,-0.0016921519146921259,-3.632272185216807e-05,-0.0006400251876756016,0.0006119374134294812,0.0004985145679875663,0.0007597315656213629,-0.0004689762439361681,0.0006068294288787072,-0.00018595940133072083,0.00017529281766342928,2.234375
2.0554067106302855e-05,0.00014595410987505624,0.00024923859109885345,-4.4617092177756486e-05,-0.0016921519146938229,-3.6322721854321355e-05,-0.0006400251876769581,0.0006119374134275377,0.0004985145679861704,0.0007597315656204978,-0.00046897624393788944,0.0006068294288771912,-0.00018595940133248398,0.00017529281766127762,2.2421875
2.055406710722549e-05,0.00014595410987576092,0.00024923859110012023,-4.461709217601768e-05,-0.0016921519146924126,-3.6322721852891686e-05,-0.0006400251876760249,0.0006119374134289256,0.0004985145679872192,0.0007597315656211997,-0.00046897624393674186,0.000606829428878712,-0.00018595940133074517,0.00017529281766235345,2.25
2.0554067111926263e-05,0.000145954109880488,0.00024923859110427364,-4.461709217233052e-05,-0.0016921519146888327,-3.6322721849065834e-05,-0.0006400251876717138,0.000611937413432895,0.0004985145679913631,0.0007597315656256302,-0.0004689762439326537,0.0006068294288822462,-0.000185959401327058,0.00017529281766672848,2.2578125
2.0554067111954516e-05,0.00014595410988051683,0.00024923859110424784,-4.461709217214969e-05,-0.0016921519146882848,-3.632272184823493e-05,-0.0006400251876711349,0.0006119374134336986,0.0004985145679913738,0.0007597315656256955,-0.00046897624393200824,0.0006068294288826069,-0.00018595940132687717,0.00017529281766723054,2.265625
2.0554067109698986e-05,0.0001459541098780416,0.0002492385911022104,-4.461709217447776e-05,-0.0016921519146903224,-3.63227218500255e-05,-0.0006400251876733468,0.000611937413431338,0.0004985145679894035,0.0007597315656238613,-0.00046897624393444677,0.0006068294288806329,-0.00018595940132920525,0.0001752928176648637,2.2734375
2.055406710890856e-05,0.0001459541098777427,0.00024923859110123766,-4.4617092174862534e-05,-0.00169215191469108,-3.6322721851355e-05,-0.0006400251876745837,0.0006119374134305681,0.0004985145679888506,0.0007597315656234084,-0.0004689762439355226,0.0006068294288800225,-0.00018595940132959003,0.0001752928176638596,2.28125
2.0554067111502848e-05,0.00014595410987995762,0.00024923859110394085,-4.461709217227799e-05,-0.0016921519146887354,-3.632272184911602e-05,-0.0006400251876721238,0.0006119374134326388,0.0004985145679911026,0.0007597315656256384,-0.00046897624393301237,0.000606829428882371,-0.00018595940132700548,0.00017529281766601128,2.2890625
2.0554067108872167e-05,0.00014595410987725693,0.0002492385911017133,-4.4617092175983795e-05,-0.001692151914692523,-3.632272185175908e-05,-0.0006400251876743131,0.0006119374134297527,0.0004985145679880878,0.0007597315656222133,-0.0004689762439358812,0.0006068294288788821,-0.0001859594013307113,0.00017529281766342928,2.296875
2.0554067104492536e-05,0.000145954109873175,0.00024923859109670857,-4.461709217969785e-05,-0.0016921519146957525,-3.6322721856113074e-05,-0.0006400251876789666,0.0006119374134252555,0.0004985145679845284,0.0007597315656179717,-0.0004689762439400411,0.0006068294288747485,-0.00018595940133442533,0.0001752928176592694,2.3046875
2.055406710284159e-05,0.00014595410987163548,0.0002492385910952847,-4.461709218100025e-05,-0.0016921519146970868,-3.632272185772534e-05,-0.0006400251876803891,0.0006119374134240955,0.000498514567982678,0.0007597315656173506,-0.00046897624394118866,0.0006068294288741492,-0.00018595940133572775,0.0001752928176582653,2.3125
2.0554067106508664e-05,0.00014595410987472318,0.00024923859109892197,-4.461709217727914e-05,-0.0016921519146937541,-3.632272185442546e-05,-0.0006400251876761997,0.0006119374134271682,0.0004985145679862738,0.0007597315656201278,-0.00046897624393760256,0.0006068294288775599,-0.00018595940133200664,0.00017529281766113418,2.3203125
2.0554067110630238e-05,0.00014595410987883084,0.00024923859110246877,-4.461709217452773e-05,-0.0016921519146906377,-3.632272185020748e-05,-0.0006400251876732448,0.0006119374134311774,0.0004985145679895198,0.0007597315656239347,-0.000468976243933873,0.000606829428880441,-0.00018595940132925523,0.0001752928176654375,2.328125
2.055406710964879e-05,0.00014595410987790816,0.0002492385911021611,-4.461709217442571e-05,-0.0016921519146906587,-3.632272185106988e-05,-0.0006400251876737944,0.000611937413430766,0.000498514567988984,0.0007597315656235012,-0.0004689762439348771,0.0006068294288800279,-0.0001859594013291532,0.00017529281766443338,2.3359375
2.0554067109525046e-05,0.00014595410987808786,0.0002492385911022646,-4.4617092174212344e-05,-0.0016921519146906984,-3.632272185101071e-05,-0.0006400251876739836,0.0006119374134308588,0.0004985145679890325,0.0007597315656234822,-0.0004689762439348771,0.0006068294288803295,-0.00018595940132893983,0.00017529281766457682,2.34375
2.0554067109820447e-05,0.00014595410987844841,0.00024923859110210475,-4.461709217445269e-05,-0.0016921519146901411,-3.6322721850873436e-05,-0.0006400251876736538,0.0006119374134309332,0.0004985145679891887,0.0007597315656240155,-0.00046897624393448266,0.0006068294288807998,-0.00018595940132918017,0.00017529281766479198,2.3515625
2.0554067105133516e-05,0.00014595410987366077,0.00024923859109763074,-4.4617092178958e-05,-0.0016921519146946152,-3.632272185546723e-05,-0.0006400251876778669,0.0006119374134263706,0.0004985145679847216,0.0007597315656193781,-0.0004689762439387501,0.0006068294288757635,-0.0001859594013336855,0.0001752928176605604,2.359375
2.0554067102972345e-05,0.00014595410987131978,0.0002492385910952033,-4.4617092181270494e-05,-0.001692151914696899,-3.632272185749678e-05,-0.0006400251876805409,0.0006119374134242262,0.0004985145679824012,0.0007597315656167139,-0.0004689762439412604,0.0006068294288732711,-0.000185959401335998,0.00017529281765797842,2.3671875
2.055406710334651e-05,0.00014595410987220541,0.00024923859109558246,-4.461709218067394e-05,-0.0016921519146970937,-3.6322721856681447e-05,-0.0006400251876804616,0.0006119374134239634,0.0004985145679821443,0.0007597315656177524,-0.00046897624394104517,0.0006068294288740923,-0.0001859594013354014,0.0001752928176582653,2.375
2.0554067108660693e-05,0.00014595410987732873,0.000249238591101327,-4.461709217511451e-05,-0.001692151914691421,-3.632272185160903e-05,-0.0006400251876744695,0.0006119374134299023,0.0004985145679882717,0.0007597315656226849,-0.00046897624393559434,0.0006068294288793533,-0.000185959401329842,0.00017529281766357272,2.3828125
2.0554067111097837e-05,0.00014595410987966825,0.00024923859110353465,-4.4617092173056124e-05,-0.0016921519146891415,-3.6322721849220035e-05,-0.0006400251876721363,0.0006119374134325839,0.0004985145679907403,0.0007597315656252137,-0.00046897624393301237,0.0006068294288819954,-0.00018595940132778361,0.00017529281766629816,2.390625
2.0554067110898124e-05,0.00014595410987975705,0.0002492385911033488,-4.4617092173050845e-05,-0.0016921519146891838,-3.6322721849488795e-05,-0.0006400251876715477,0.0006119374134327337,0.0004985145679910582,0.0007597315656252322,-0.0004689762439331558,0.0006068294288817154,-0.00018595940132777836,0.00017529281766629816,2.3984375
2.0554067111887675e-05,0.00014595410988013668,0.00024923859110393564,-4.461709217192211e-05,-0.0016921519146883104,-3.6322721848147034e-05,-0.0006400251876712812,0.0006119374134333184,0.0004985145679916089,0.0007597315656259345,-0.0004689762439321517,0.0006068294288825211,-0.0001859594013266496,0.00017529281766715882,2.40625
2.0554067111189876e-05,0.00014595410987967524,0.0002492385911041101,-4.4617092172424204e-05,-0.001692151914688853,-3.632272184883816e-05,-0.0006400251876718712,0.0006119374134329452,0.0004985145679910156,0.0007597315656256377,-0.00046897624393290476,0.0006068294288822554,-0.0001859594013271517,0.00017529281766640574,2.4140625
2.0554067108601062e-05,0.00014595410987686697,0.0002492385911011731,-4.4617092175368565e-05,-0.00169215191469179,-3.632272185253407e-05,-0.0006400251876751283,0.0006119374134295435,0.0004985145679880026,0.0007597315656221797,-0.00046897624393631154,0.0006068294288785178,-0.00018595940133009608,0.00017529281766299896,2.421875
2.055406710263959e-05,0.00014595410987107185,0.0002492385910953481,-4.461709218132205e-05,-0.001692151914697328,-3.632272185830426e-05,-0.0006400251876810159,0.000611937413423615,0.0004985145679824157,0.0007597315656160488,-0.0004689762439423362,0.0006068294288730893,-0.00018595940133604954,0.00017529281765697432,2.4296875
2.0554067102573108e-05,0.00014595410987088927,0.0002492385910946233,-4.4617092181739865e-05,-0.0016921519146976941,-3.632272185835983e-05,-0.0006400251876809829,0.0006119374134233242,0.0004985145679820769,0.0007597315656167542,-0.00046897624394172654,0.0006068294288729857,-0.00018595940133646737,0.0001752928176574405,2.4375
2.0554067105125408e-05,0.00014595410987348613,0.0002492385910979829,-4.461709217897683e-05,-0.0016921519146949802,-3.632272185502524e-05,-0.000640025187677307,0.0006119374134264664,0.0004985145679849789,0.0007597315656196825,-0.0004689762439387501,0.0006068294288760084,-0.00018595940133370433,0.0001752928176605604,2.4453125
2.055406710654305e-05,0.00014595410987557484,0.0002492385910996915,-4.4617092176863015e-05,-0.0016921519146932717,-3.6322721853423995e-05,-0.0006400251876764023,0.0006119374134283079,0.0004985145679867847,0.0007597315656214382,-0.00046897624393720807,0.0006068294288779327,-0.00018595940133159055,0.00017529281766210243,2.453125
2.055406710560274e-05,0.00014595410987430982,0.00024923859109811716,-4.461709217830061e-05,-0.0016921519146944515,-3.6322721855092304e-05,-0.0006400251876780668,0.0006119374134267539,0.0004985145679851727,0.000759731565619992,-0.0004689762439388935,0.0006068294288764214,-0.00018595940133302812,0.00017529281766027352,2.4609375
2.0554067108553032e-05,0.00014595410987708592,0.0002492385911013684,-4.4617092175448314e-05,-0.0016921519146914513,-3.63227218520559e-05,-0.0006400251876753274,0.0006119374134292927,0.0004985145679880346,0.0007597315656226656,-0.0004689762439360964,0.0006068294288795657,-0.00018595940133017582,0.00017529281766342928,2.46875
2.0554067111305784e-05,0.00014595410988003972,0.00024923859110425787,-4.46170921721322e-05,-0.001692151914688705,-3.6322721849282925e-05,-0.0006400251876716657,0.0006119374134324997,0.0004985145679910533,0.0007597315656256769,-0.00046897624393243856,0.000606829428882007,-0.00018595940132685968,0.00017529281766687192,2.4765625
2.055406711087774e-05,0.00014595410987959135,0.00024923859110348646,-4.4617092173029005e-05,-0.0016921519146890463,-3.632272184905138e-05,-0.000640025187672039,0.0006119374134327131,0.0004985145679901899,0.0007597315656252083,-0.00046897624393301237,0.0006068294288818072,-0.0001859594013277565,0.00017529281766658504,2.484375
2.0554067109675222e-05,0.00014595410987765662,0.0002492385911018905,-4.461709217497364e-05,-0.0016921519146903552,-3.6322721850398834e-05,-0.0006400251876738585,0.0006119374134308538,0.0004985145679887224,0.000759731565623402,-0.0004689762439345902,0.0006068294288797757,-0.00018595940132970113,0.0001752928176648637,2.4921875
2.0554067109111654e-05,0.00014595410987776304,0.0002492385911019425,-4.4617092174822716e-05,-0.0016921519146908593,-3.632272185107408e-05,-0.0006400251876740089,0.0006119374134306533,0.0004985145679891575,0.0007597315656232998,-0.0004689762439348771,0.0006068294288798794,-0.0001859594013295502,0.00017529281766421822,2.5
2.0554067109953574e-05,0.00014595410987860476,0.0002492385911029936,-4.4617092173732876e-05,-0.0016921519146899694,-3.632272185025473e-05,-0.0006400251876731892,0.000611937413431147,0.0004985145679894911,0.0007597315656244462,-0.0004689762439341599,0.0006068294288808256,-0.00018595940132846037,0.00017529281766500717,2.5078125
2.0554067107681804e-05,0.00014595410987612684,0.00024923859109993423,-4.461709217626391e-05,-0.0016921519146926344,-3.6322721853045405e-05,-0.0006400251876759619,0.0006119374134291191,0.0004985145679867993,0.0007597315656211883,-0.00046897624393674186,0.000606829428878196,-0.00018595940133099142,0.0001752928176625686,2.515625
2.055406710352513e-05,0.00014595410987241236,0.00024923859109584966,-4.4617092180831365e-05,-0.0016921519146969699,-3.632272185646899e-05,-0.0006400251876794452,0.0006119374134251742,0.0004985145679830135,0.0007597315656179159,-0.0004689762439407583,0.0006068294288745369,-0.00018595940133555886,0.00017529281765840874,2.5234375
2.0554067102085603e-05,0.00014595410987035699,0.0002492385910942535,-4.461709218237023e-05,-0.001692151914698566,-3.632272185777062e-05,-0.000640025187681093,0.0006119374134241023,0.0004985145679816623,0.0007597315656162489,-0.0004689762439419776,0.0006068294288732429,-0.00018595940133709775,0.00017529281765733292,2.53125
2.0554067107052937e-05,0.00014595410987570554,0.0002492385910997068,-4.461709217675415e-05,-0.0016921519146928976,-3.632272185330047e-05,-0.0006400251876759867,0.0006119374134286964,0.0004985145679869588,0.0007597315656216559,-0.00046897624393717224,0.0006068294288780569,-0.00018595940133148166,0.00017529281766228173,2.5390625
2.0554067110229568e-05,0.00014595410987891156,0.0002492385911030778,-4.461709217353733e-05,-0.0016921519146895982,-3.632272185024286e-05,-0.0006400251876730954,0.0006119374134316214,0.0004985145679903234,0.0007597315656246403,-0.00046897624393394473,0.0006068294288816258,-0.0001859594013282648,0.00017529281766536577,2.546875
2.055406710920818e-05,0.0001459541098780005,0.00024923859110167486,-4.461709217462263e-05,-0.0016921519146906965,-3.632272185150356e-05,-0.000640025187674272,0.0006119374134303299,0.0004985145679887439,0.0007597315656233914,-0.0004689762439351819,0.0006068294288797901,-0.00018595940132935012,0.00017529281766412856,2.5546875
2.0554067106526577e-05,0.0001459541098749781,0.0002492385910989355,-4.461709217748558e-05,-0.0016921519146937227,-3.632272185411651e-05,-0.0006400251876767412,0.0006119374134276793,0.0004985145679860224,0.0007597315656206736,-0.00046897624393778183,0.0006068294288773036,-0.0001859594013322131,0.00017529281766145692,2.5625
2.055406710807533e-05,0.0001459541098766386,0.0002492385910999684,-4.4617092176694734e-05,-0.001692151914692385,-3.6322721852628794e-05,-0.0006400251876758536,0.0006119374134288172,0.0004985145679873821,0.000759731565621926,-0.0004689762439362398,0.0006068294288782063,-0.00018595940133142222,0.0001752928176628555,2.5703125
2.0554067109902108e-05,0.0001459541098792273,0.0002492385911032523,-4.461709217339981e-05,-0.0016921519146891372,-3.632272185005216e-05,-0.0006400251876724698,0.0006119374134319208,0.0004985145679903522,0.0007597315656250255,-0.00046897624393358613,0.0006068294288815459,-0.0001859594013281273,0.00017529281766572437,2.578125
2.055406711046486e-05,0.00014595410987935676,0.00024923859110350836,-4.461709217345809e-05,-0.0016921519146894189,-3.632272185013407e-05,-0.0006400251876726175,0.0006119374134317228,0.0004985145679900315,0.0007597315656247576,-0.00046897624393372957,0.0006068294288811977,-0.0001859594013281856,0.0001752928176654375,2.5859375
2.0554067107824848e-05,0.00014595410987585202,0.00024923859110016864,-4.461709217623483e-05,-0.0016921519146930813,-3.6322721853301914e-05,-0.0006400251876759925,0.0006119374134283506,0.000498514567986616,0.0007597315656213562,-0.0004689762439368853,0.0006068294288779866,-0.00018595940133096233,0.0001752928176625686,2.59375
2.055406710583439e-05,0.00014595410987424008,0.00024923859109843624,-4.461709217848079e-05,-0.0016921519146946703,-3.632272185481496e-05,-0.0006400251876776887,0.0006119374134267774,0.0004985145679852619,0.0007597315656195491,-0.0004689762439384632,0.0006068294288762625,-0.00018595940133320826,0.00017529281766063212,2.6015625
2.055406710571025e-05,0.00014595410987424138,0.0002492385910982922,-4.461709217812178e-05,-0.0016921519146943123,-3.6322721854716445e-05,-0.0006400251876773481,0.0006119374134271619,0.0004985145679856738,0.0007597315656200344,-0.0004689762439384632,0.0006068294288763884,-0.00018595940133284928,0.00017529281766091902,2.609375
2.0554067104555365e-05,0.00014595410987332556,0.0002492385910966946,-4.4617092179665414e-05,-0.0016921519146955513,-3.632272185566551e-05,-0.0006400251876785511,0.0006119374134259437,0.0004985145679846021,0.000759731565618999,-0.00046897624393946733,0.0006068294288754425,-0.0001859594013343929,0.0001752928176598432,2.6171875
2.055406710488832e-05,0.00014595410987322795,0.00024923859109702044,-4.4617092179479554e-05,-0.0016921519146950819,-3.6322721855338025e-05,-0.0006400251876782231,0.0006119374134262676,0.0004985145679844975,0.0007597315656189011,-0.00046897624393946733,0.000606829428875915,-0.00018595940133420705,0.00017529281765969973,2.625
2.0554067106694676e-05,0.00014595410987526877,0.0002492385910991468,-4.461709217687152e-05,-0.0016921519146938702,-3.632272185418046e-05,-0.0006400251876768172,0.00061193741342823,0.0004985145679854238,0.000759731565620652,-0.00046897624393788944,0.0006068294288776144,-0.000185959401331599,0.00017529281766142106,2.6328125
2.05540671063346e-05,0.0001459541098745882,0.00024923859109881165,-4.461709217754524e-05,-0.001692151914694008,-3.632272185466586e-05,-0.0006400251876775223,0.0006119374134275139,0.0004985145679856288,0.0007597315656203187,-0.0004689762439381763,0.0006068294288769026,-0.00018595940133227273,0.00017529281766142106,2.640625
2.055406710508744e-05,0.00014595410987350453,0.00024923859109709205,-4.4617092179220294e-05,-0.001692151914695463,-3.632272185566954e-05,-0.0006400251876785705,0.0006119374134260354,0.0004985145679843596,0.0007597315656188518,-0.0004689762439393239,0.0006068294288755345,-0.0001859594013339478,0.00017529281765973562,2.6484375
2.0554067109439943e-05,0.00014595410987810038,0.0002492385911020496,-4.4617092174385315e-05,-0.0016921519146904829,-3.6322721850402805e-05,-0.0006400251876732123,0.0006119374134312812,0.0004985145679891302,0.0007597315656238075,-0.0004689762439345185,0.0006068294288806128,-0.0001859594013291128,0.00017529281766500717,2.65625
2.0554067117890578e-05,0.00014595410988635398,0.0002492385911104084,-4.461709216597601e-05,-0.0016921519146820437,-3.6322721841543504e-05,-0.0006400251876652499,0.0006119374134399466,0.0004985145679974444,0.0007597315656320793,-0.0004689762439259119,0.0006068294288885472,-0.00018595940132070353,0.00017529281767347034,2.6640625
2.0554067120288362e-05,0.00014595410988894292,0.000249238591113146,-4.461709216348759e-05,-0.0016921519146793867,-3.6322721839839043e-05,-0.0006400251876629236,0.0006119374134419002,0.0004985145680003641,0.0007597315656345008,-0.00046897624392354506,0.0006068294288910743,-0.00018595940131821507,0.000175292817675622,2.671875
2.0554067109085074e-05,0.00014595410987787452,0.00024923859110196494,-4.461709217454058e-05,-0.0016921519146908548,-3.63227218512472e-05,-0.0006400251876743147,0.0006119374134302205,0.0004985145679887442,0.0007597315656232803,-0.00046897624393523574,0.0006068294288798694,-0.00018595940132926808,0.00017529281766407478,2.6796875
2.0554067101317843e-05,0.0001459541098699009,0.0002492385910936448,-4.461709218281297e-05,-0.001692151914698852,-3.632272185966461e-05,-0.000640025187681853,0.0006119374134221498,0.0004985145679810424,0.0007597315656154589,-0.00046897624394290994,0.0006068294288719643,-0.00018595940133754046,0.00017529281765654397,2.6875
2.0554067102855878e-05,0.000145954109871266,0.0002492385910950939,-4.461709218131621e-05,-0.0016921519146975107,-3.6322721857865734e-05,-0.0006400251876802464,0.00061193741342365,0.0004985145679823187,0.0007597315656170456,-0.0004689762439413321,0.0006068294288735034,-0.0001859594013360437,0.0001752928176582653,2.6953125
2.055406710790203e-05,0.0001459541098764264,0.00024923859110074115,-4.461709217594824e-05,-0.001692151914691935,-3.6322721852049965e-05,-0.000640025187675161,0.0006119374134291713,0.0004985145679878291,0.0007597315656224278,-0.0004689762439358812,0.0006068294288790573,-0.00018595940133067572,0.00017529281766342928,2.703125
2.0554067104867063e-05,0.00014595410987387384,0.0002492385910976701,-4.4617092178939364e-05,-0.0016921519146947909,-3.6322721855628795e-05,-0.0006400251876782703,0.0006119374134263732,0.0004985145679848101,0.0007597315656194254,-0.00046897624393918045,0.0006068294288758314,-0.00018595940133366685,0.00017529281765969973,2.7109375
2.0554067100168026e-05,0.00014595410986928222,0.00024923859109285813,-4.4617092183641176e-05,-0.0016921519146998896,-3.632272186069061e-05,-0.0006400251876834034,0.0006119374134214881,0.0004985145679800338,0.0007597315656146541,-0.0004689762439440575,0.0006068294288711652,-0.00018595940133836868,0.00017529281765525298,2.71875
2.055406710267864e-05,0.00014595410987140983,0.00024923859109547355,-4.46170921805883e-05,-0.0016921519146974897,-3.6322721857904515e-05,-0.000640025187680999,0.0006119374134234064,0.0004985145679824814,0.0007597315656170443,-0.0004689762439417624,0.000606829428873333,-0.00018595940133531578,0.00017529281765754808,2.7265625
2.055406710887811e-05,0.0001459541098771325,0.0002492385911013801,-4.461709217498882e-05,-0.0016921519146920131,-3.632272185181609e-05,-0.0006400251876748175,0.0006119374134299453,0.0004985145679881981,0.0007597315656228639,-0.00046897624393559434,0.0006068294288793163,-0.0001859594013297163,0.0001752928176638596,2.734375
2.0554067111363443e-05,0.00014595410988016376,0.00024923859110371945,-4.461709217280558e-05,-0.0016921519146888132,-3.632272184885151e-05,-0.0006400251876716538,0.0006119374134329943,0.0004985145679905096,0.0007597315656255805,-0.00046897624393236684,0.0006068294288816153,-0.00018595940132753305,0.00017529281766672848,2.7421875
2.0554067110159684e-05,0.000145954109879026,0.0002492385911031263,-4.4617092174101397e-05,-0.00169215191468998,-3.632272184933269e-05,-0.0006400251876728407,0.0006119374134319965,0.0004985145679902693,0.0007597315656243652,-0.00046897624393337097,0.0006068294288809591,-0.0001859594013288289,0.00017529281766572437,2.75
2.0554067110081076e-05,0.0001459541098781484,0.00024923859110201937,-4.4617092174340565e-05,-0.0016921519146906566,-3.632272185072798e-05,-0.0006400251876736422,0.0006119374134308811,0.0004985145679896544,0.0007597315656239797,-0.0004689762439345544,0.0006068294288806741,-0.00018595940132906807,0.0001752928176648637,2.7578125
2.055406710933873e-05,0.0001459541098777182,0.00024923859110208263,-4.461709217452627e-05,-0.001692151914691024,-3.632272185135257e-05,-0.0006400251876746759,0.0006119374134304337,0.0004985145679890257,0.0007597315656232878,-0.00046897624393530746,0.000606829428879904,-0.00018595940132925376,0.00017529281766400306,2.765625
2.0554067108887715e-05,0.00014595410987641253,0.00024923859110100586,-4.461709217517737e-05,-0.0016921519146913834,-3.632272185210372e-05,-0.0006400251876750803,0.0006119374134293286,0.0004985145679883852,0.000759731565622275,-0.0004689762439357378,0.0006068294288785416,-0.00018595940132990486,0.00017529281766328584,2.7734375
2.0554067108200212e-05,0.0001459541098764556,0.0002492385911001593,-4.4617092175937696e-05,-0.0016921519146920866,-3.632272185247013e-05,-0.0006400251876748998,0.0006119374134294498,0.0004985145679876955,0.0007597315656223315,-0.0004689762439361681,0.0006068294288786554,-0.00018595940133066518,0.000175292817663501,2.78125
2.0554067110022533e-05,0.00014595410987876394,0.00024923859110256066,-4.4617092174013176e-05,-0.0016921519146900438,-3.63227218499566e-05,-0.0006400251876730714,0.000611937413431436,0.0004985145679899373,0.0007597315656247672,-0.00046897624393401645,0.0006068294288811376,-0.00018595940132874067,0.0001752928176658678,2.7890625
2.0554067109110783e-05,0.00014595410987769313,0.0002492385911017379,-4.461709217452964e-05,-0.0016921519146909383,-3.63227218510285e-05,-0.0006400251876738253,0.000611937413431062,0.0004985145679893141,0.000759731565623609,-0.0004689762439350206,0.0006068294288803903,-0.00018595940132925715,0.00017529281766428994,2.796875
2.0554067106831153e-05,0.0001459541098753705,0.00024923859109912965,-4.4617092177640585e-05,-0.0016921519146935466,-3.632272185405304e-05,-0.0006400251876773376,0.0006119374134275359,0.0004985145679862325,0.0007597315656206697,-0.000468976243937746,0.0006068294288769496,-0.00018595940133236808,0.00017529281766142106,2.8046875
2.05540671059117e-05,0.00014595410987416392,0.0002492385910978622,-4.461709217851001e-05,-0.0016921519146939712,-3.632272185461953e-05,-0.0006400251876777646,0.0006119374134267149,0.0004985145679849693,0.0007597315656197676,-0.00046897624393903696,0.000606829428875941,-0.0001859594013332375,0.0001752928176605604,2.8125
2.0554067109054638e-05,0.00014595410987752822,0.00024923859110141276,-4.4617092175070524e-05,-0.0016921519146911022,-3.632272185179381e-05,-0.0006400251876746778,0.000611937413430082,0.0004985145679884499,0.0007597315656228872,-0.0004689762439353792,0.0006068294288793105,-0.000185959401329798,0.00017529281766403892,2.8203125
2.055406711003171e-05,0.00014595410987880685,0.00024923859110280845,-4.461709217346441e-05,-0.001692151914689832,-3.6322721850321435e-05,-0.0006400251876730376,0.0006119374134312005,0.0004985145679898423,0.000759731565624288,-0.00046897624393401645,0.0006068294288812181,-0.0001859594013281919,0.0001752928176654375,2.828125
2.055406710624082e-05,0.00014595410987527514,0.00024923859109860695,-4.461709217769859e-05,-0.0016921519146937826,-3.632272185359385e-05,-0.0006400251876760035,0.0006119374134283194,0.0004985145679860613,0.0007597315656209259,-0.00046897624393674186,0.0006068294288772431,-0.00018595940133242609,0.00017529281766170794,2.8359375
2.0554067102314536e-05,0.00014595410987071035,0.00024923859109475386,-4.461709218187165e-05,-0.0016921519146979942,-3.6322721857997885e-05,-0.000640025187680565,0.0006119374134237333,0.0004985145679820001,0.0007597315656165115,-0.000468976243941619,0.0006068294288730053,-0.00018595940133659915,0.00017529281765769154,2.84375
2.0554067105160858e-05,0.0001459541098734186,0.0002492385910976594,-4.4617092178939256e-05,-0.001692151914695268,-3.632272185559622e-05,-0.0006400251876783176,0.0006119374134260364,0.0004985145679846241,0.0007597315656191893,-0.00046897624393918045,0.0006068294288756562,-0.00018595940133366677,0.0001752928176602018,2.8515625
2.0554067109050417e-05,0.0001459541098771334,0.00024923859110125945,-4.461709217483356e-05,-0.001692151914691345,-3.632272185152591e-05,-0.0006400251876744715,0.0006119374134301031,0.0004985145679883364,0.0007597315656231238,-0.00046897624393523574,0.0006068294288794437,-0.00018595940132956105,0.00017529281766393134,2.859375
2.055406710932368e-05,0.00014595410987800497,0.00024923859110186243,-4.4617092174813494e-05,-0.0016921519146907422,-3.632272185087936e-05,-0.000640025187673874,0.000611937413430687,0.0004985145679889638,0.0007597315656235178,-0.00046897624393484126,0.000606829428880062,-0.000185959401329541,0.00017529281766454096,2.8671875
2.055406710834454e-05,0.0001459541098769125,0.0002492385911003833,-4.4617092175812396e-05,-0.0016921519146918624,-3.6322721852139175e-05,-0.0006400251876747637,0.0006119374134293057,0.0004985145679882321,0.0007597315656226707,-0.00046897624393595294,0.0006068294288789499,-0.00018595940133053987,0.00017529281766342928,2.875
2.055406710949135e-05,0.00014595410987804143,0.0002492385911022663,-4.461709217444989e-05,-0.0016921519146905174,-3.632272185088399e-05,-0.000640025187673903,0.0006119374134309737,0.0004985145679889855,0.0007597315656237459,-0.00046897624393480537,0.0006068294288804379,-0.00018595940132917738,0.0001752928176645051,2.8828125
2.055406710820177e-05,0.00014595410987649203,0.0002492385911005247,-4.4617092176023694e-05,-0.00169215191469208,-3.6322721852779206e-05,-0.0006400251876756372,0.0006119374134292335,0.0004985145679873785,0.0007597315656217573,-0.0004689762439370288,0.000606829428878676,-0.0001859594013307512,0.0001752928176625686,2.890625
2.0554067105437804e-05,0.00014595410987374083,0.00024923859109815636,-4.4617092178798614e-05,-0.0016921519146948785,-3.632272185588235e-05,-0.0006400251876781921,0.0006119374134263217,0.0004985145679844491,0.000759731565619736,-0.0004689762439393239,0.0006068294288759139,-0.00018595940133352612,0.00017529281765969973,2.8984375
2.055406710428551e-05,0.00014595410987254306,0.0002492385910959709,-4.461709218005991e-05,-0.0016921519146958447,-3.632272185683505e-05,-0.0006400251876795649,0.0006119374134251531,0.0004985145679837961,0.0007597315656184301,-0.00046897624394061485,0.0006068294288746787,-0.0001859594013347874,0.0001752928176588391,2.90625
2.055406710902404e-05,0.0001459541098772751,0.0002492385911013511,-4.46170921753265e-05,-0.0016921519146914686,-3.632272185131975e-05,-0.0006400251876738843,0.0006119374134303201,0.0004985145679887395,0.0007597315656230033,-0.000468976243935164,0.0006068294288798361,-0.00018595940133005401,0.00017529281766428994,2.9140625
2.0554067116718948e-05,0.00014595410988529046,0.0002492385911092256,-4.461709216745333e-05,-0.0016921519146836659,-3.632272184310643e-05,-0.0006400251876663119,0.0006119374134388215,0.0004985145679963607,0.0007597315656307652,-0.000468976243927167,0.0006068294288875993,-0.00018595940132218084,0.00017529281767182073,2.921875
2.055406711576462e-05,0.0001459541098842286,0.0002492385911083091,-4.461709216826317e-05,-0.0016921519146842236,-3.632272184427435e-05,-0.000640025187667695,0.000611937413437547,0.0004985145679952649,0.0007597315656298827,-0.00046897624392842213,0.0006068294288860365,-0.00018595940132299068,0.00017529281767060146,2.9296875
2.0554067108183024e-05,0.00014595410987669388,0.00024923859110081797,-4.4617092175740256e-05,-0.0016921519146917148,-3.6322721852739145e-05,-0.000640025187675608,0.0006119374134289964,0.0004985145679878923,0.0007597315656221798,-0.000468976243936455,0.0006068294288787497,-0.00018595940133046775,0.0001752928176628555,2.9375
2.055406710147858e-05,0.00014595410986947192,0.0002492385910939208,-4.4617092182548795e-05,-0.0016921519146990422,-3.632272185959973e-05,-0.0006400251876822226,0.0006119374134221189,0.0004985145679807646,0.0007597315656156595,-0.0004689762439427665,0.0006068294288724995,-0.00018595940133727632,0.0001752928176562571,2.9453125
2.0554067102814414e-05,0.00014595410987146504,0.00024923859109569354,-4.461709218102447e-05,-0.0016921519146975564,-3.6322721857550834e-05,-0.0006400251876799103,0.0006119374134245598,0.0004985145679826208,0.0007597315656171624,-0.00046897624394104517,0.0006068294288739638,-0.00018595940133575198,0.0001752928176582653,2.953125
2.05540671055077e-05,0.00014595410987425952,0.00024923859109836854,-4.461709217836144e-05,-0.0016921519146948815,-3.632272185458018e-05,-0.0006400251876770704,0.0006119374134271838,0.0004985145679852537,0.0007597315656196994,-0.00046897624393788944,0.0006068294288760826,-0.00018595940133308894,0.00017529281766170794,2.9609375
2.055406710487727e-05,0.00014595410987340224,0.0002492385910967296,-4.461709217925096e-05,-0.0016921519146953726,-3.63227218556351e-05,-0.0006400251876787473,0.0006119374134258814,0.0004985145679841051,0.0007597315656184,-0.00046897624393961077,0.0006068294288754683,-0.00018595940133397845,0.0001752928176598432,2.96875
2.0554067104712317e-05,0.00014595410987354766,0.0002492385910974005,-4.4617092179291045e-05,-0.0016921519146953115,-3.632272185613274e-05,-0.0006400251876788975,0.000611937413425521,0.0004985145679843691,0.0007597315656189276,-0.00046897624393989765,0.0006068294288755233,-0.00018595940133401854,0.00017529281765952043,2.9765625
2.055406710698728e-05,0.0001459541098752217,0.0002492385910993003,-4.4617092176912435e-05,-0.0016921519146929455,-3.632272185404298e-05,-0.000640025187677148,0.0006119374134274188,0.0004985145679869589,0.0007597315656206463,-0.00046897624393788944,0.0006068294288775162,-0.0001859594013316399,0.00017529281766142106,2.984375
2.055406711203391e-05,0.00014595410988049268,0.00024923859110459543,-4.461709217225694e-05,-0.0016921519146884754,-3.632272184852516e-05,-0.000640025187672043,0.0006119374134329308,0.0004985145679913668,0.0007597315656257112,-0.00046897624393272544,0.0006068294288824319,-0.00018595940132698445,0.00017529281766687192,2.9921875
2.0554067111775027e-05,0.00014595410988039504,0.000249238591104136,-4.461709217212307e-05,-0.0016921519146883969,-3.63227218478901e-05,-0.0006400251876711925,0.0006119374134336181,0.0004985145679913196,0.0007597315656259184,-0.0004689762439321517,0.0006068294288826912,-0.00018595940132685055,0.00017529281766715882,3.0
2.0554067108568228e-05,0.00014595410987711883,0.0002492385911009285,-4.461709217543667e-05,-0.0016921519146913173,-3.6322721851902595e-05,-0.0006400251876746357,0.0006119374134302855,0.0004985145679886163,0.000759731565623003,-0.00046897624393559434,0.0006068294288795951,-0.0001859594013301642,0.0001752928176639672,3.0078125
2.0554067105956212e-05,0.000145954109874631,0.00024923859109853534,-4.4617092178125914e-05,-0.0016921519146939996,-3.632272185452399e-05,-0.0006400251876773644,0.0006119374134271712,0.0004985145679857042,0.0007597315656202853,-0.0004689762439385349,0.0006068294288768865,-0.0001859594013328534,0.00017529281766091902,3.015625
2.055406710525016e-05,0.00014595410987352337,0.00024923859109727517,-4.461709217965723e-05,-0.0016921519146949975,-3.632272185619394e-05,-0.0006400251876793035,0.0006119374134252715,0.0004985145679838968,0.0007597315656180801,-0.0004689762439404714,0.0006068294288747373,-0.00018595940133438475,0.00017529281765941285,3.0234375
2.055406710793519e-05,0.00014595410987631877,0.0002492385911002827,-4.461709217615957e-05,-0.001692151914692465,-3.6322721852383534e-05,-0.0006400251876755716,0.0006119374134296664,0.0004985145679867996,0.0007597315656222512,-0.0004689762439361681,0.0006068294288779162,-0.0001859594013308871,0.0001752928176625686,3.03125
2.055406711076428e-05,0.000145954109879326,0.0002492385911032538,-4.461709217324215e-05,-0.001692151914689494,-3.632272184931437e-05,-0.0006400251876724463,0.0006119374134324307,0.0004985145679903253,0.0007597315656248806,-0.0004689762439334427,0.0006068294288817469,-0.00018595940132796964,0.000175292817666083,3.0390625
2.05540671107103e-05,0.00014595410987965762,0.0002492385911037505,-4.461709217282796e-05,-0.001692151914689069,-3.632272184870196e-05,-0.0006400251876716548,0.0006119374134329822,0.0004985145679912614,0.0007597315656262255,-0.00046897624393272544,0.0006068294288820267,-0.00018595940132755544,0.00017529281766687192,3.046875
2.0554067107627577e-05,0.00014595410987654312,0.00024923859110018463,-4.461709217627576e-05,-0.0016921519146921328,-3.632272185276262e-05,-0.0006400251876757236,0.0006119374134288034,0.0004985145679877354,0.0007597315656220751,-0.0004689762439361681,0.0006068294288786188,-0.00018595940133100323,0.0001752928176631424,3.0546875
2.0554067106697725e-05,0.0001459541098750628,0.00024923859109909864,-4.461709217738857e-05,-0.0016921519146935596,-3.632272185431656e-05,-0.0006400251876769701,0.0006119374134274197,0.0004985145679861752,0.000759731565620748,-0.0004689762439378177,0.0006068294288770318,-0.00018595940133211609,0.00017529281766134934,3.0625
2.0554067110399537e-05,0.00014595410987857695,0.0002492385911027378,-4.46170921738388e-05,-0.001692151914690046,-3.632272185067247e-05,-0.000640025187673233,0.0006119374134311174,0.0004985145679896223,0.0007597315656240521,-0.00046897624393430333,0.0006068294288803893,-0.0001859594013285663,0.00017529281766500717,3.0703125
2.055406711177366e-05,0.00014595410988020019,0.0002492385911043043,-4.461709217199288e-05,-0.0016921519146884437,-3.632272184859066e-05,-0.0006400251876710757,0.0006119374134333143,0.0004985145679914379,0.0007597315656261037,-0.0004689762439322951,0.0006068294288826996,-0.0001859594013267204,0.00017529281766730226,3.078125
2.0554067108405706e-05,0.00014595410987727588,0.00024923859110093674,-4.461709217509401e-05,-0.0016921519146908608,-3.63227218514239e-05,-0.0006400251876742763,0.0006119374134305194,0.0004985145679889442,0.000759731565622888,-0.0004689762439350206,0.0006068294288798807,-0.0001859594013298215,0.00017529281766428994,3.0859375
2.055406710638227e-05,0.00014595410987561577,0.00024923859109925644,-4.461709217702422e-05,-0.0016921519146937064,-3.632272185333439e-05,-0.0006400251876765726,0.0006119374134284822,0.0004985145679860494,0.0007597315656208918,-0.0004689762439373874,0.0006068294288776863,-0.00018595940133175174,0.00017529281766221,3.09375
2.055406710548236e-05,0.00014595410987390062,0.0002492385910979003,-4.461709217877501e-05,-0.0016921519146947041,-3.632272185493684e-05,-0.0006400251876779791,0.0006119374134268441,0.0004985145679849539,0.0007597315656195808,-0.0004689762439388935,0.0006068294288760526,-0.0001859594013335025,0.00017529281766041696,3.1015625
2.0554067106770275e-05,0.00014595410987546935,0.00024923859109925113,-4.4617092177369026e-05,-0.001692151914693425,-3.6322721854009735e-05,-0.0006400251876766455,0.0006119374134277519,0.0004985145679860117,0.000759731565620498,-0.000468976243937746,0.0006068294288771298,-0.00018595940133209654,0.0001752928176615645,3.109375
2.0554067103041453e-05,0.00014595410987136372,0.000249238591095568,-4.461709218117376e-05,-0.0016921519146972518,-3.6322721857673126e-05,-0.0006400251876803084,0.000611937413423744,0.000498514567982669,0.0007597315656168044,-0.00046897624394147554,0.0006068294288735579,-0.00018595940133590128,0.00017529281765783498,3.1171875
2.055406710075899e-05,0.00014595410986944162,0.00024923859109312403,-4.461709218321335e-05,-0.0016921519146996238,-3.6322721860344356e-05,-0.0006400251876826243,0.0006119374134216008,0.0004985145679802268,0.0007597315656148841,-0.0004689762439438782,0.0006068294288712332,-0.00018595940133794085,0.00017529281765546814,3.125
2.0554067103165083e-05,0.00014595410987172365,0.00024923859109562903,-4.4617092181142565e-05,-0.0016921519146971906,-3.632272185740126e-05,-0.0006400251876804373,0.0006119374134243326,0.000498514567983038,0.000759731565617329,-0.0004689762439411169,0.0006068294288737537,-0.00018595940133587005,0.00017529281765813978,3.1328125
2.0554067112262965e-05,0.00014595410988059858,0.00024923859110441367,-4.46170921716673e-05,-0.0016921519146882624,-3.632272184798832e-05,-0.0006400251876711522,0.000611937413433772,0.0004985145679914563,0.0007597315656261243,-0.0004689762439318648,0.0006068294288831495,-0.0001859594013263948,0.00017529281766737398,3.140625
2.055406711433013e-05,0.0001459541098828817,0.00024923859110704367,-4.461709216965901e-05,-0.001692151914686027,-3.6322721845435695e-05,-0.0006400251876689598,0.0006119374134356195,0.0004985145679939078,0.0007597315656283366,-0.00046897624393014346,0.0006068294288848358,-0.0001859594013243865,0.00017529281766945392,3.1484375
2.0554067110800488e-05,0.00014595410987934838,0.0002492385911030771,-4.4617092173534454e-05,-0.0016921519146897426,-3.632272184987852e-05,-0.0006400251876728932,0.0006119374134316952,0.0004985145679899017,0.0007597315656246561,-0.0004689762439341599,0.000606829428881351,-0.00018595940132826194,0.0001752928176654375,3.15625
2.05540671055663e-05,0.00014595410987385346,0.00024923859109807943,-4.461709217835043e-05,-0.0016921519146946683,-3.63227218552026e-05,-0.000640025187677911,0.0006119374134265481,0.0004985145679850736,0.0007597315656196894,-0.0004689762439387501,0.0006068294288763461,-0.0001859594013330779,0.0001752928176605604,3.1640625
2.0554067108423358e-05,0.00014595410987702987,0.00024923859110104695,-4.4617092175502586e-05,-0.001692151914691692,-3.632272185203214e-05,-0.0006400251876743751,0.0006119374134301251,0.0004985145679885667,0.000759731565622952,-0.00046897624393530746,0.0006068294288795851,-0.0001859594013302301,0.00017529281766371616,3.171875
2.0554067114459762e-05,0.00014595410988269174,0.00024923859110655367,-4.461709216976589e-05,-0.0016921519146856922,-3.63227218460553e-05,-0.0006400251876688684,0.0006119374134358002,0.000498514567993923,0.0007597315656284008,-0.00046897624392971314,0.0006068294288849472,-0.00018595940132449339,0.0001752928176697408,3.1796875
2.055406711360433e-05,0.000145954109882088,0.0002492385911059705,-4.461709217053864e-05,-0.0016921519146865624,-3.6322721847109466e-05,-0.0006400251876702109,0.0006119374134349357,0.0004985145679927309,0.0007597315656276185,-0.00046897624393100416,0.0006068294288838524,-0.00018595940132526612,0.00017529281766830637,3.1875
2.055406710769082e-05,0.00014595410987638285,0.00024923859110027576,-4.4617092176346196e-05,-0.001692151914692544,-3.632272185354539e-05,-0.0006400251876762746,0.0006119374134283257,0.0004985145679869575,0.0007597315656218348,-0.0004689762439373157,0.0006068294288781097,-0.0001859594013310737,0.00017529281766228173,3.1953125
2.0554067104145442e-05,0.000145954109872957,0.0002492385910972806,-4.461709217970012e-05,-0.0016921519146956825,-3.632272185594293e-05,-0.0006400251876790546,0.0006119374134254262,0.0004985145679843689,0.0007597315656188153,-0.0004689762439399335,0.0006068294288753057,-0.0001859594013344276,0.000175292817659628,3.203125
2.0554067105928463e-05,0.00014595410987428763,0.00024923859109852266,-4.461709217827035e-05,-0.001692151914694584,-3.6322721854259454e-05,-0.0006400251876771836,0.0006119374134274957,0.0004985145679855888,0.0007597315656201239,-0.000468976243937746,0.0006068294288767134,-0.00018595940133299787,0.00017529281766113418,3.2109375
2.0554067107790682e-05,0.0001459541098760617,0.0002492385910998753,-4.4617092176384225e-05,-0.0016921519146927291,-3.632272185250483e-05,-0.0006400251876752526,0.0006119374134293625,0.0004985145679873553,0.000759731565622025,-0.0004689762439358812,0.0006068294288784396,-0.00018595940133111173,0.00017529281766321412,3.21875
2.0554067104642494e-05,0.00014595410987307408,0.000249238591097043,-4.461709217925833e-05,-0.0016921519146954897,-3.632272185581565e-05,-0.0006400251876788846,0.0006119374134257348,0.0004985145679840382,0.0007597315656186958,-0.0004689762439397183,0.0006068294288753675,-0.00018595940133398582,0.00017529281765969973,3.2265625
2.0554067102473927e-05,0.000145954109871292,0.00024923859109502166,-4.461709218176968e-05,-0.0016921519146974393,-3.632272185882115e-05,-0.0006400251876813722,0.0006119374134230758,0.0004985145679818295,0.0007597315656162245,-0.00046897624394216136,0.0006068294288728123,-0.00018595940133649718,0.00017529281765709534,3.234375
2.0554067105400548e-05,0.00014595410987337066,0.00024923859109715846,-4.4617092178980604e-05,-0.0016921519146949262,-3.6322721855930515e-05,-0.0006400251876787939,0.0006119374134251886,0.0004985145679842659,0.0007597315656186564,-0.0004689762439396825,0.0006068294288754706,-0.0001859594013337081,0.000175292817659628,3.2421875
2.0554067107734154e-05,0.00014595410987626608,0.0002492385911005199,-4.461709217642592e-05,-0.0016921519146922998,-3.632272185289771e-05,-0.000640025187675737,0.00061193741342858,0.0004985145679876154,0.0007597315656215578,-0.0004689762439368853,0.0006068294288780133,-0.0001859594013311534,0.00017529281766228173,3.25
2.055406710882206e-05,0.00014595410987766285,0.00024923859110142875,-4.4617092174842794e-05,-0.0016921519146909606,-3.632272185099525e-05,-0.0006400251876737351,0.0006119374134306688,0.0004985145679888331,0.0007597315656235504,-0.0004689762439350206,0.0006068294288797619,-0.0001859594013295703,0.00017529281766428994,3.2578125
2.055406710910016e-05,0.00014595410987809792,0.0002492385911015156,-4.4617092175514214e-05,-0.0016921519146909994,-3.632272185175593e-05,-0.0006400251876736621,0.000611937413431043,0.0004985145679890769,0.0007597315656231921,-0.00046897624393473365,0.0006068294288803232,-0.00018595940133024172,0.0001752928176648637,3.265625
2.0554067109718106e-05,0.00014595410987836973,0.00024923859110234176,-4.461709217410456e-05,-0.001692151914690478,-3.63227218509097e-05,-0.0006400251876734147,0.0006119374134309291,0.0004985145679897004,0.0007597315656243549,-0.00046897624393444677,0.0006068294288808847,-0.00018595940132883204,0.00017529281766500717,3.2734375
2.0554067109904432e-05,0.00014595410987812519,0.0002492385911019374,-4.461709217414212e-05,-0.0016921519146908105,-3.632272185102334e-05,-0.0006400251876741009,0.000611937413430377,0.000498514567989152,0.0007597315656234644,-0.0004689762439350206,0.000606829428879986,-0.00018595940132886963,0.00017529281766428994,3.28125
2.055406711013686e-05,0.0001459541098782057,0.0002492385911022119,-4.461709217374048e-05,-0.001692151914690805,-3.632272185110191e-05,-0.000640025187673786,0.0006119374134303865,0.0004985145679893643,0.000759731565624182,-0.00046897624393444677,0.0006068294288804688,-0.00018595940132846796,0.00017529281766457682,3.2890625
2.0554067110832228e-05,0.00014595410987909652,0.00024923859110322874,-4.461709217309149e-05,-0.001692151914689573,-3.63227218494989e-05,-0.0006400251876724126,0.0006119374134322856,0.0004985145679903614,0.0007597315656249813,-0.0004689762439331558,0.0006068294288815284,-0.000185959401327819,0.00017529281766593953,3.296875
2.0554067110595086e-05,0.00014595410987917564,0.00024923859110302367,-4.461709217307379e-05,-0.0016921519146896526,-3.632272184944342e-05,-0.0006400251876723083,0.0006119374134321183,0.0004985145679905982,0.0007597315656248747,-0.00046897624393337097,0.0006068294288818445,-0.00018595940132780129,0.00017529281766615472,3.3046875
2.05540671103024e-05,0.0001459541098787915,0.00024923859110276454,-4.461709217389746e-05,-0.0016921519146897324,-3.632272185049673e-05,-0.000640025187673358,0.0006119374134313068,0.0004985145679898172,0.0007597315656242915,-0.00046897624393444677,0.0006068294288807858,-0.00018595940132862495,0.00017529281766500717,3.3125
2.0554067106691833e-05,0.00014595410987522272,0.00024923859109901494,-4.461709217737736e-05,-0.001692151914693446,-3.6322721854251966e-05,-0.0006400251876769457,0.0006119374134276404,0.0004985145679862528,0.0007597315656208721,-0.0004689762439381763,0.0006068294288773477,-0.00018595940133210484,0.0001752928176612059,3.3203125
2.0554067104746906e-05,0.00014595410987336473,0.00024923859109683314,-4.461709217950933e-05,-0.0016921519146955472,-3.632272185604713e-05,-0.0006400251876792374,0.0006119374134256878,0.0004985145679843013,0.00075973156561859,-0.00046897624394025625,0.0006068294288754461,-0.0001859594013342368,0.00017529281765941285,3.328125
2.055406710596278e-05,0.00014595410987449926,0.0002492385910982439,-4.461709217790942e-05,-0.0016921519146944322,-3.632272185477518e-05,-0.0006400251876771932,0.0006119374134274162,0.000498514567985344,0.0007597315656202259,-0.00046897624393831976,0.0006068294288768212,-0.0001859594013326369,0.00017529281766127762,3.3359375
2.0554067109404764e-05,0.00014595410987806667,0.00024923859110161155,-4.4617092174934985e-05,-0.0016921519146910287,-3.632272185097663e-05,-0.0006400251876736276,0.0006119374134306756,0.000498514567989106,0.0007597315656237215,-0.0004689762439348771,0.0006068294288802081,-0.00018595940132966248,0.00017529281766472026,3.34375
2.0554067107614482e-05,0.00014595410987619178,0.0002492385910994399,-4.46170921768238e-05,-0.0016921519146922324,-3.6322721852502315e-05,-0.0006400251876757193,0.000611937413428867,0.0004985145679872262,0.0007597315656216007,-0.0004689762439370288,0.0006068294288785215,-0.0001859594013315513,0.0001752928176625686,3.3515625
2.055406710692477e-05,0.0001459541098756346,0.0002492385910990939,-4.46170921768988e-05,-0.0016921519146929367,-3.632272185374025e-05,-0.0006400251876767202,0.0006119374134283981,0.0004985145679863674,0.000759731565621463,-0.0004689762439374591,0.0006068294288778619,-0.0001859594013316263,0.0001752928176618514,3.359375
2.0554067109311848e-05,0.00014595410987810952,0.0002492385911020878,-4.461709217454098e-05,-0.0016921519146905883,-3.63227218515405e-05,-0.0006400251876743376,0.0006119374134304091,0.0004985145679888753,0.0007597315656230932,-0.0004689762439350206,0.0006068294288795903,-0.00018595940132926846,0.0001752928176641465,3.3671875
2.0554067107303147e-05,0.00014595410987561903,0.0002492385910995593,-4.461709217719391e-05,-0.0016921519146929015,-3.632272185367281e-05,-0.0006400251876764745,0.000611937413428186,0.0004985145679864387,0.0007597315656210534,-0.00046897624393753084,0.0006068294288778899,-0.00018595940133192142,0.00017529281766199485,3.375
2.055406710224788e-05,0.00014595410987077036,0.0002492385910941671,-4.4617092182206756e-05,-0.0016921519146979353,-3.632272185875411e-05,-0.0006400251876814312,0.0006119374134232992,0.0004985145679812531,0.0007597315656163396,-0.00046897624394237207,0.00060682942887251,-0.00018595940133693425,0.00017529281765718948,3.3828125
2.0554067102996205e-05,0.0001459541098715743,0.00024923859109577876,-4.461709218099895e-05,-0.001692151914696754,-3.632272185695794e-05,-0.0006400251876801764,0.0006119374134249254,0.0004985145679829205,0.0007597315656173426,-0.00046897624394090173,0.0006068294288740602,-0.00018595940133572645,0.00017529281765848046,3.390625
2.055406711198567e-05,0.00014595410988032728,0.00024923859110410744,-4.461709217206366e-05,-0.0016921519146888557,-3.632272184797803e-05,-0.0006400251876709387,0.0006119374134337291,0.0004985145679912278,0.0007597315656259307,-0.0004689762439319724,0.0006068294288827591,-0.00018595940132679116,0.00017529281766737398,3.3984375
2.0554067115314744e-05,0.00014595410988356777,0.0002492385911081332,-4.4617092168735334e-05,-0.0016921519146851705,-3.63227218451611e-05,-0.0006400251876681957,0.0006119374134366518,0.0004985145679945195,0.0007597315656290827,-0.00046897624392899594,0.0006068294288857298,-0.00018595940132346285,0.00017529281767017114,3.40625
2.055406711039237e-05,0.0001459541098790726,0.00024923859110304177,-4.461709217354658e-05,-0.0016921519146897777,-3.632272185026642e-05,-0.0006400251876732589,0.000611937413431571,0.0004985145679899986,0.0007597315656246561,-0.0004689762439341599,0.0006068294288810411,-0.00018595940132827405,0.0001752928176651506,3.4140625
2.0554067105267652e-05,0.00014595410987374108,0.00024923859109767394,-4.461709217911143e-05,-0.0016921519146951458,-3.6322721855620995e-05,-0.0006400251876783433,0.00061193741342627,0.0004985145679848544,0.000759731565619835,-0.00046897624393910873,0.0006068294288764169,-0.0001859594013338389,0.00017529281766034524,3.421875
2.0554067107463985e-05,0.00014595410987566874,0.00024923859109993315,-4.461709217626489e-05,-0.0016921519146926712,-3.6322721852843825e-05,-0.0006400251876749571,0.0006119374134291771,0.0004985145679874904,0.0007597315656223548,-0.0004689762439361681,0.0006068294288787079,-0.0001859594013309924,0.00017529281766342928,3.4296875
2.0554067113201823e-05,0.00014595410988168243,0.0002492385911059026,-4.461709217070366e-05,-0.0016921519146868454,-3.632272184679713e-05,-0.0006400251876695339,0.0006119374134349866,0.0004985145679928033,0.0007597315656273533,-0.00046897624393014346,0.0006068294288839712,-0.00018595940132543117,0.00017529281766888013,3.4375
2.055406711153129e-05,0.0001459541098799149,0.00024923859110330534,-4.461709217241985e-05,-0.0016921519146889405,-3.632272184964785e-05,-0.0006400251876727643,0.0006119374134320437,0.0004985145679901091,0.0007597315656252018,-0.00046897624393329925,0.0006068294288815841,-0.00018595940132714735,0.00017529281766572437,3.4453125
2.0554067106203058e-05,0.00014595410987436187,0.00024923859109796516,-4.461709217775889e-05,-0.001692151914694424,-3.6322721855207447e-05,-0.0006400251876782329,0.0006119374134263395,0.0004985145679847592,0.0007597315656193522,-0.00046897624393961077,0.0006068294288760203,-0.0001859594013324864,0.00017529281765998664,3.453125
2.0554067104688715e-05,0.00014595410987294628,0.00024923859109700195,-4.461709217970136e-05,-0.001692151914695674,-3.632272185635988e-05,-0.0006400251876795112,0.0006119374134250188,0.0004985145679838231,0.0007597315656182506,-0.00046897624394032797,0.0006068294288750373,-0.00018595940133442888,0.0001752928176592694,3.4609375
2.055406710659967e-05,0.00014595410987493698,0.00024923859109894707,-4.461709217773346e-05,-0.001692151914693801,-3.632272185404075e-05,-0.0006400251876765626,0.0006119374134279606,0.0004985145679857045,0.0007597315656205362,-0.00046897624393760256,0.0006068294288773719,-0.00018595940133246097,0.00017529281766170794,3.46875
2.0554067104390895e-05,0.00014595410987310135,0.00024923859109639935,-4.461709217963825e-05,-0.0016921519146955596,-3.632272185554251e-05,-0.0006400251876785954,0.000611937413426031,0.0004985145679839602,0.0007597315656184282,-0.00046897624393925217,0.0006068294288754098,-0.00018595940133436572,0.00017529281765991492,3.4765625
2.0554067104184964e-05,0.00014595410987267384,0.00024923859109606705,-4.4617092180376765e-05,-0.0016921519146958918,-3.6322721856188724e-05,-0.0006400251876793724,0.0006119374134257911,0.0004985145679842671,0.0007597315656183529,-0.0004689762439400411,0.0006068294288745933,-0.00018595940133510428,0.00017529281765898253,3.484375
2.0554067104900436e-05,0.00014595410987338665,0.00024923859109734494,-4.461709217934556e-05,-0.0016921519146954746,-3.632272185568102e-05,-0.0006400251876788592,0.0006119374134258282,0.0004985145679843229,0.0007597315656190631,-0.00046897624393946733,0.0006068294288756934,-0.00018595940133407307,0.00017529281765969973,3.4921875
2.0554067106976602e-05,0.00014595410987571446,0.0002492385910994047,-4.461709217690073e-05,-0.001692151914693128,-3.632272185394837e-05,-0.0006400251876763389,0.0006119374134278931,0.0004985145679864193,0.0007597315656212839,-0.00046897624393753084,0.000606829428877601,-0.00018595940133162822,0.0001752928176621383,3.5
2.0554067109788704e-05,0.00014595410987805282,0.0002492385911017312,-4.4617092174640035e-05,-0.0016921519146908014,-3.6322721851533045e-05,-0.0006400251876742671,0.0006119374134303741,0.0004985145679888458,0.0007597315656236505,-0.0004689762439348771,0.0006068294288799617,-0.00018595940132936755,0.00017529281766400306,3.5078125
2.055406711249521e-05,0.00014595410988078178,0.0002492385911052056,-4.4617092171143876e-05,-0.001692151914687399,-3.6322721847211727e-05,-0.000640025187670421,0.0006119374134346738,0.0004985145679923426,0.0007597315656269757,-0.0004689762439314345,0.0006068294288836238,-0.00018595940132587138,0.00017529281766816293,3.515625
2.055406711497815e-05,0.00014595410988380936,0.0002492385911091527,-4.461709216797927e-05,-0.0016921519146842407,-3.63227218440649e-05,-0.0006400251876672159,0.0006119374134371686,0.0004985145679961172,0.0007597315656308348,-0.00046897624392770493,0.0006068294288871896,-0.00018595940132270676,0.00017529281767160557,3.5234375
2.0554067114022534e-05,0.00014595410988227136,0.0002492385911063522,-4.4617092170507124e-05,-0.001692151914686037,-3.632272184723542e-05,-0.0006400251876689348,0.0006119374134342993,0.0004985145679928777,0.0007597315656281406,-0.00046897624393043034,0.0006068294288850835,-0.0001859594013252346,0.00017529281766888013,3.53125
2.0554067109006757e-05,0.00014595410987718825,0.00024923859110140067,-4.461709217502241e-05,-0.001692151914691419,-3.632272185228942e-05,-0.0006400251876748582,0.0006119374134292393,0.0004985145679882891,0.0007597315656219861,-0.00046897624393602466,0.0006068294288790664,-0.00018595940132974992,0.00017529281766364444,3.5390625
2.0554067103673868e-05,0.0001459541098711931,0.0002492385910966232,-4.461709218083907e-05,-0.0016921519146974157,-3.632272185709283e-05,-0.0006400251876800584,0.0006119374134242559,0.000498514567982419,0.000759731565617552,-0.00046897624394090173,0.0006068294288737351,-0.00018595940133556659,0.00017529281765855218,3.546875
2.055406710442506e-05,0.0001459541098723379,0.0002492385910965416,-4.461709217974262e-05,-0.001692151914695973,-3.63227218559672e-05,-0.0006400251876788414,0.0006119374134256379,0.0004985145679836635,0.0007597315656180685,-0.00046897624393996937,0.0006068294288748665,-0.00018595940133447013,0.00017529281765948457,3.5546875
2.055406710558015e-05,0.00014595410987385815,0.00024923859109798966,-4.46170921789488e-05,-0.0016921519146948299,-3.632272185490574e-05,-0.0006400251876778468,0.000611937413426708,0.0004985145679851182,0.0007597315656197925,-0.0004689762439387501,0.0006068294288763841,-0.0001859594013336763,0.00017529281766063212,3.5625
2.055406710598126e-05,0.00014595410987449116,0.00024923859109822754,-4.4617092178172704e-05,-0.00169215191469409,-3.632272185482074e-05,-0.0006400251876774725,0.000611937413426972,0.0004985145679856596,0.0007597315656199042,-0.0004689762439382122,0.0006068294288768183,-0.00018595940133290018,0.00017529281766070384,3.5703125
2.0554067106497598e-05,0.00014595410987500455,0.0002492385910989396,-4.461709217763168e-05,-0.0016921519146934497,-3.6322721854231516e-05,-0.0006400251876768775,0.0006119374134275888,0.0004985145679860101,0.0007597315656204147,-0.0004689762439381763,0.0006068294288770695,-0.00018595940133235916,0.00017529281766113418,3.578125
2.0554067107099534e-05,0.00014595410987581245,0.000249238591099651,-4.461709217642377e-05,-0.0016921519146930251,-3.6322721853670936e-05,-0.0006400251876765854,0.0006119374134286929,0.0004985145679866585,0.0007597315656208728,-0.0004689762439370288,0.0006068294288774613,-0.00018595940133115128,0.00017529281766199485,3.5859375
2.0554067108865397e-05,0.00014595410987729845,0.00024923859110169736,-4.461709217466207e-05,-0.001692151914691248,-3.6322721851422714e-05,-0.0006400251876744229,0.0006119374134300782,0.0004985145679881919,0.0007597315656232266,-0.000468976243935164,0.0006068294288798218,-0.00018595940132938956,0.00017529281766428994,3.59375
2.0554067109362192e-05,0.0001459541098781314,0.00024923859110168603,-4.461709217473091e-05,-0.0016921519146906314,-3.632272185095405e-05,-0.0006400251876738375,0.0006119374134308554,0.0004985145679890188,0.0007597315656234453,-0.0004689762439345902,0.0006068294288800891,-0.0001859594013294584,0.00017529281766443338,3.6015625
2.0554067109352086e-05,0.0001459541098781976,0.00024923859110181825,-4.461709217495444e-05,-0.0016921519146908578,-3.632272185106913e-05,-0.0006400251876739618,0.0006119374134308092,0.0004985145679890839,0.0007597315656235162,-0.0004689762439350206,0.0006068294288802288,-0.00018595940132968194,0.00017529281766443338,3.609375
2.0554067109102797e-05,0.00014595410987792087,0.00024923859110186606,-4.461709217471028e-05,-0.0016921519146907385,-3.632272185133132e-05,-0.0006400251876740974,0.0006119374134304941,0.0004985145679889608,0.0007597315656236423,-0.000468976243934913,0.0006068294288800151,-0.00018595940132943778,0.00017529281766436166,3.6171875
2.055406710823035e-05,0.00014595410987691289,0.00024923859110123804,-4.461709217538485e-05,-0.001692151914691725,-3.63227218522297e-05,-0.0006400251876747964,0.0006119374134296423,0.0004985145679881973,0.0007597315656224987,-0.0004689762439358095,0.0006068294288789182,-0.00018595940133011234,0.00017529281766328584,3.625
2.0554067107341104e-05,0.00014595410987504746,0.0002492385910994939,-4.461709217697447e-05,-0.0016921519146931823,-3.632272185402606e-05,-0.0006400251876766488,0.0006119374134276914,0.0004985145679863376,0.000759731565621235,-0.0004689762439374591,0.0006068294288777868,-0.00018595940133170197,0.0001752928176618514,3.6328125
2.0554067104346284e-05,0.00014595410987314515,0.0002492385910966577,-4.461709217970232e-05,-0.001692151914695875,-3.6322721856620426e-05,-0.0006400251876789895,0.000611937413425419,0.0004985145679843071,0.0007597315656188474,-0.00046897624393989765,0.0006068294288755777,-0.00018595940133442983,0.00017529281765941285,3.640625
2.0554067106487156e-05,0.00014595410987534285,0.00024923859109890993,-4.461709217697534e-05,-0.0016921519146931925,-3.63227218537259e-05,-0.0006400251876760651,0.0006119374134279822,0.0004985145679863291,0.0007597315656209584,-0.00046897624393674186,0.0006068294288780746,-0.00018595940133170284,0.00017529281766199485,3.6484375
2.0554067110343555e-05,0.00014595410987886873,0.0002492385911029202,-4.4617092173637595e-05,-0.0016921519146896125,-3.6322721849876465e-05,-0.0006400251876724155,0.0006119374134320738,0.000498514567989722,0.0007597315656247275,-0.0004689762439334427,0.0006068294288810818,-0.00018595940132836507,0.00017529281766615472,3.65625
2.0554067110910226e-05,0.00014595410987915252,0.000249238591103288,-4.461709217297111e-05,-0.0016921519146893523,-3.632272184942904e-05,-0.0006400251876726933,0.0006119374134322226,0.0004985145679902372,0.0007597315656246566,-0.0004689762439335144,0.0006068294288812861,-0.0001859594013276986,0.000175292817666083,3.6640625
2.055406710700275e-05,0.00014595410987562404,0.00024923859109961835,-4.461709217673152e-05,-0.0016921519146931294,-3.632272185349246e-05,-0.000640025187676654,0.0006119374134279631,0.0004985145679863729,0.0007597315656210769,-0.0004689762439374591,0.0006068294288777971,-0.00018595940133145903,0.00017529281766170794,3.671875
2.0554067105916578e-05,0.000145954109874485,0.0002492385910983995,-4.4617092178089804e-05,-0.0016921519146943483,-3.6322721854628184e-05,-0.0006400251876774687,0.0006119374134269667,0.0004985145679855315,0.0007597315656201718,-0.00046897624393835564,0.0006068294288767446,-0.0001859594013328173,0.00017529281766077558,3.6796875
2.055406710806652e-05,0.0001459541098765472,0.0002492385911004833,-4.461709217612437e-05,-0.001692151914692193,-3.632272185178676e-05,-0.000640025187674667,0.00061193741343007,0.0004985145679878144,0.000759731565622505,-0.00046897624393559434,0.0006068294288788374,-0.00018595940133085188,0.00017529281766371616,3.6875
2.055406710898947e-05,0.00014595410987744854,0.0002492385911012373,-4.461709217518913e-05,-0.0016921519146912954,-3.632272185095296e-05,-0.0006400251876736465,0.000611937413430866,0.0004985145679885469,0.0007597315656230978,-0.00046897624393494886,0.0006068294288796075,-0.00018595940132991662,0.00017529281766443338,3.6953125
2.0554067107912208e-05,0.00014595410987660855,0.0002492385911002724,-4.461709217605571e-05,-0.0016921519146921886,-3.632272185271831e-05,-0.0006400251876758147,0.0006119374134290023,0.0004985145679873172,0.0007597315656219931,-0.000468976243936455,0.0006068294288787632,-0.0001859594013307832,0.0001752928176625686,3.703125
2.0554067105658385e-05,0.00014595410987445494,0.0002492385910981846,-4.4617092177781944e-05,-0.0016921519146945632,-3.6322721855148995e-05,-0.0006400251876790196,0.0006119374134260666,0.0004985145679848993,0.0007597315656195093,-0.0004689762439393239,0.0006068294288763482,-0.00018595940133250943,0.00017529281765998664,3.7109375
2.0554067108007512e-05,0.00014595410987711335,0.00024923859110036753,-4.461709217528954e-05,-0.0016921519146923805,-3.632272185305115e-05,-0.0006400251876753887,0.0006119374134287156,0.0004985145679871763,0.000759731565621975,-0.00046897624393674186,0.000606829428878863,-0.00018595940133001704,0.00017529281766271205,3.71875
2.055406711037267e-05,0.0001459541098788846,0.00024923859110232306,-4.4617092173892356e-05,-0.0016921519146899946,-3.632272185045248e-05,-0.0006400251876730366,0.0006119374134311555,0.0004985145679897571,0.0007597315656241563,-0.00046897624393405234,0.0006068294288808855,-0.00018595940132861986,0.0001752928176650789,3.7265625
2.0554067108540557e-05,0.0001459541098768331,0.0002492385911010772,-4.461709217572033e-05,-0.001692151914691599,-3.6322721851525306e-05,-0.0006400251876740292,0.0006119374134305214,0.0004985145679885072,0.000759731565623033,-0.00046897624393523574,0.000606829428879914,-0.00018595940133044782,0.00017529281766428994,3.734375
2.0554067106140862e-05,0.00014595410987537413,0.00024923859109940324,-4.4617092178084694e-05,-0.0016921519146938287,-3.632272185335652e-05,-0.0006400251876760296,0.0006119374134280805,0.0004985145679867697,0.0007597315656210625,-0.0004689762439373157,0.0006068294288774863,-0.0001859594013328122,0.00017529281766228173,3.7421875
2.0554067106215333e-05,0.00014595410987469496,0.0002492385910986707,-4.461709217749061e-05,-0.0016921519146937186,-3.6322721854237384e-05,-0.0006400251876771155,0.0006119374134278902,0.0004985145679862877,0.000759731565620795,-0.00046897624393760256,0.0006068294288773267,-0.0001859594013322181,0.00017529281766170794,3.75
2.0554067107642502e-05,0.00014595410987581624,0.00024923859110008315,-4.461709217651062e-05,-0.0016921519146933105,-3.6322721853265823e-05,-0.0006400251876756757,0.0006119374134282901,0.0004985145679869639,0.0007597315656216105,-0.0004689762439370288,0.0006068294288782877,-0.00018595940133123813,0.00017529281766228173,3.7578125
2.0554067109228897e-05,0.0001459541098775811,0.00024923859110153587,-4.46170921742922e-05,-0.0016921519146908533,-3.63227218512693e-05,-0.0006400251876744664,0.0006119374134308119,0.0004985145679888102,0.0007597315656231952,-0.0004689762439350206,0.0006068294288798239,-0.00018595940132901969,0.00017529281766421822,3.765625
2.0554067110679007e-05,0.00014595410987893064,0.000249238591102916,-4.461709217332183e-05,-0.0016921519146896526,-3.632272184972297e-05,-0.0006400251876723961,0.0006119374134318894,0.0004985145679901437,0.0007597315656246593,-0.0004689762439336937,0.0006068294288812496,-0.00018595940132804932,0.00017529281766583195,3.7734375
2.055406710819029e-05,0.00014595410987673627,0.0002492385911006852,-4.461709217552994e-05,-0.0016921519146921435,-3.632272185196559e-05,-0.0006400251876751199,0.0006119374134298573,0.0004985145679878664,0.0007597315656224096,-0.00046897624393602466,0.0006068294288785647,-0.00018595940133025744,0.00017529281766321412,3.78125
2.055406710661755e-05,0.00014595410987540622,0.0002492385910991329,-4.461709217764796e-05,-0.0016921519146934894,-3.6322721854145565e-05,-0.0006400251876767991,0.000611937413427741,0.0004985145679860728,0.0007597315656207754,-0.0004689762439376743,0.0006068294288773528,-0.00018595940133237545,0.0001752928176615645,3.7890625
2.055406710583332e-05,0.00014595410987438133,0.00024923859109826977,-4.46170921781985e-05,-0.0016921519146941356,-3.632272185511648e-05,-0.0006400251876782745,0.0006119374134263142,0.0004985145679850942,0.0007597315656194181,-0.0004689762439388935,0.0006068294288765435,-0.000185959401332926,0.00017529281766027352,3.796875
2.0554067107793813e-05,0.00014595410987598435,0.00024923859110000134,-4.4617092176324045e-05,-0.0016921519146930694,-3.6322721852801615e-05,-0.0006400251876758905,0.0006119374134288087,0.0004985145679868092,0.0007597315656217058,-0.000468976243936455,0.0006068294288778276,-0.00018595940133105153,0.0001752928176625686,3.8046875
2.0554067109900614e-05,0.00014595410987786685,0.00024923859110214763,-4.461709217456065e-05,-0.0016921519146907437,-3.632272184996378e-05,-0.0006400251876730344,0.0006119374134314199,0.0004985145679892513,0.0007597315656238838,-0.000468976243933873,0.0006068294288807473,-0.00018595940132928816,0.00017529281766529405,3.8125
2.0554067107038954e-05,0.00014595410987622458,0.000249238591099864,-4.461709217713325e-05,-0.0016921519146926689,-3.632272185282217e-05,-0.000640025187675391,0.0006119374134294242,0.0004985145679873263,0.0007597315656215964,-0.00046897624393638326,0.000606829428878677,-0.00018595940133186076,0.00017529281766299896,3.8203125
2.0554067107197586e-05,0.00014595410987606255,0.00024923859109969256,-4.461709217679794e-05,-0.0016921519146926968,-3.632272185347435e-05,-0.0006400251876759757,0.0006119374134282652,0.0004985145679871211,0.0007597315656214004,-0.00046897624393717224,0.0006068294288779744,-0.00018595940133152544,0.00017529281766199485,3.828125
2.0554067109665308e-05,0.00014595410987826638,0.0002492385911023802,-4.4617092174132554e-05,-0.0016921519146903769,-3.6322721851153906e-05,-0.0006400251876739074,0.0006119374134308948,0.0004985145679893208,0.0007597315656236991,-0.00046897624393466193,0.0006068294288802951,-0.00018595940132886006,0.00017529281766407478,3.8359375
2.0554067110899937e-05,0.00014595410987946865,0.00024923859110353525,-4.461709217252805e-05,-0.0016921519146890693,-3.632272184942273e-05,-0.0006400251876726225,0.0006119374134318896,0.0004985145679906676,0.0007597315656249406,-0.00046897624393358613,0.0006068294288816611,-0.00018595940132725553,0.00017529281766572437,3.84375
2.0554067107662157e-05,0.00014595410987635715,0.00024923859110002753,-4.4617092176168245e-05,-0.0016921519146925993,-3.632272185280804e-05,-0.0006400251876757584,0.0006119374134286727,0.0004985145679872144,0.000759731565621366,-0.00046897624393674186,0.000606829428877932,-0.00018595940133089576,0.00017529281766271205,3.8515625
2.055406710386925e-05,0.00014595410987241507,0.0002492385910963684,-4.4617092180427194e-05,-0.0016921519146961643,-3.632272185685959e-05,-0.0006400251876796549,0.0006119374134247547,0.0004985145679836212,0.0007597315656178641,-0.0004689762439404714,0.0006068294288746715,-0.0001859594013351547,0.00017529281765865976,3.859375
2.0554067105594888e-05,0.00014595410987434924,0.00024923859109833677,-4.461709217837731e-05,-0.0016921519146943754,-3.632272185493446e-05,-0.0006400251876778421,0.0006119374134269748,0.0004985145679856547,0.0007597315656200427,-0.0004689762439387501,0.0006068294288768402,-0.00018595940133310482,0.00017529281766063212,3.8671875
2.055406710876764e-05,0.00014595410987714238,0.00024923859110119944,-4.461709217532525e-05,-0.0016921519146916202,-3.6322721851333125e-05,-0.0006400251876745752,0.0006119374134302255,0.000498514567988353,0.0007597315656229942,-0.00046897624393547107,0.0006068294288794589,-0.00018595940133005274,0.00017529281766390893,3.875
2.0554067110532792e-05,0.0001459541098787396,0.0002492385911032811,-4.4617092173234794e-05,-0.001692151914689682,-3.632272184986896e-05,-0.0006400251876727752,0.0006119374134320395,0.0004985145679900514,0.0007597315656244234,-0.0004689762439338013,0.0006068294288810228,-0.00018595940132796232,0.0001752928176654375,3.8828125
2.055406710816458e-05,0.00014595410987642616,0.00024923859110060264,-4.461709217587419e-05,-0.0016921519146920734,-3.6322721853074265e-05,-0.0006400251876753729,0.0006119374134292254,0.0004985145679874277,0.0007597315656220214,-0.00046897624393638326,0.0006068294288788685,-0.0001859594013306017,0.00017529281766292724,3.890625
2.0554067106358132e-05,0.0001459541098746594,0.0002492385910984484,-4.4617092177906404e-05,-0.0016921519146940842,-3.6322721854215266e-05,-0.0006400251876774539,0.0006119374134268148,0.000498514567985887,0.0007597315656201508,-0.0004689762439381046,0.000606829428876876,-0.0001859594013326339,0.0001752928176612059,3.8984375
2.055406710574628e-05,0.00014595410987451363,0.0002492385910984242,-4.461709217816174e-05,-0.0016921519146939831,-3.63227218545075e-05,-0.0006400251876771362,0.0006119374134274531,0.0004985145679856117,0.0007597315656200767,-0.0004689762439380329,0.0006068294288768894,-0.00018595940133288923,0.00017529281766127762,3.90625
2.0554067106346098e-05,0.00014595410987497157,0.0002492385910988761,-4.461709217803853e-05,-0.0016921519146938001,-3.6322721854192274e-05,-0.0006400251876770753,0.0006119374134276846,0.0004985145679859217,0.0007597315656203569,-0.00046897624393788944,0.0006068294288769247,-0.00018595940133276604,0.00017529281766170794,3.9140625
2.0554067106034908e-05,0.00014595410987485824,0.00024923859109838724,-4.4617092177909304e-05,-0.0016921519146938587,-3.632272185448833e-05,-0.0006400251876774801,0.0006119374134267704,0.0004985145679849135,0.0007597315656198677,-0.0004689762439385349,0.0006068294288762476,-0.0001859594013326368,0.00017529281766077558,3.921875
2.0554067108388928e-05,0.0001459541098769264,0.00024923859110091674,-4.461709217561046e-05,-0.0016921519146916159,-3.6322721852468095e-05,-0.0006400251876753902,0.0006119374134292365,0.0004985145679880178,0.0007597315656222955,-0.00046897624393631154,0.000606829428878906,-0.00018595940133033797,0.00017529281766299896,3.9296875
2.055406711142483e-05,0.0001459541098799433,0.0002492385911037764,-4.4617092172770796e-05,-0.0016921519146889177,-3.6322721848991404e-05,-0.0006400251876718756,0.0006119374134328049,0.0004985145679909301,0.0007597315656255982,-0.000468976243932582,0.0006068294288819419,-0.00018595940132749828,0.00017529281766629816,3.9375
2.0554067111303484e-05,0.0001459541098799088,0.00024923859110349557,-4.461709217254296e-05,-0.001692151914689037,-3.632272184828415e-05,-0.0006400251876712702,0.0006119374134332903,0.0004985145679912383,0.0007597315656258478,-0.00046897624393200824,0.0006068294288822566,-0.00018595940132727046,0.00017529281766687192,3.9453125
2.0554067111932355e-05,0.00014595410988049934,0.0002492385911040837,-4.4617092172097086e-05,-0.0016921519146888794,-3.632272184800151e-05,-0.0006400251876709109,0.0006119374134340021,0.0004985145679912142,0.0007597315656258263,-0.00046897624393172136,0.0006068294288826641,-0.00018595940132682456,0.00017529281766758914,3.953125
2.0554067109653524e-05,0.00014595410987806897,0.0002492385911019845,-4.4617092174505296e-05,-0.0016921519146905482,-3.6322721850187516e-05,-0.0006400251876735111,0.0006119374134312645,0.0004985145679892504,0.0007597315656239614,-0.0004689762439345902,0.0006068294288805347,-0.00018595940132923279,0.00017529281766479198,3.9609375
2.055406710757794e-05,0.00014595410987618492,0.0002492385911002877,-4.4617092176492964e-05,-0.0016921519146924243,-3.632272185311741e-05,-0.0006400251876759634,0.0006119374134287689,0.0004985145679873865,0.0007597315656218028,-0.0004689762439370288,0.0006068294288782366,-0.00018595940133122048,0.00017529281766271205,3.96875
2.0554067107572246e-05,0.0001459541098761096,0.0002492385911002393,-4.4617092176501014e-05,-0.0016921519146925804,-3.632272185321628e-05,-0.0006400251876763533,0.0006119374134284863,0.0004985145679873402,0.0007597315656216937,-0.0004689762439370288,0.0006068294288780872,-0.0001859594013312285,0.00017529281766228173,3.9765625
2.0554067106681045e-05,0.00014595410987533193,0.0002492385910992821,-4.461709217729673e-05,-0.0016921519146932506,-3.632272185425114e-05,-0.000640025187677185,0.0006119374134274334,0.0004985145679863532,0.0007597315656205992,-0.0004689762439380329,0.0006068294288772615,-0.00018595940133202423,0.00017529281766099074,3.984375
2.05540671055359e-05,0.00014595410987448186,0.0002492385910981033,-4.461709217831119e-05,-0.0016921519146941425,-3.6322721855200264e-05,-0.0006400251876778635,0.0006119374134267502,0.0004985145679851825,0.0007597315656196139,-0.0004689762439388935,0.0006068294288763986,-0.0001859594013330387,0.00017529281766041696,3.9921875
2.0554067102349756e-05,0.00014595410987087778,0.0002492385910950146,-4.461709218144242e-05,-0.001692151914697518,-3.632272185837575e-05,-0.0006400251876812073,0.0006119374134233303,0.0004985145679818193,0.0007597315656165959,-0.0004689762439420134,0.0006068294288732799,-0.00018595940133616992,0.00017529281765718948,4.0
2.055406710231665e-05,0.0001459541098712443,0.0002492385910948905,-4.46170921813929e-05,-0.0016921519146977856,-3.632272185857182e-05,-0.0006400251876809115,0.0006119374134232476,0.000498514567981808,0.0007597315656165016,-0.0004689762439420493,0.0006068294288734421,-0.0001859594013361204,0.00017529281765722534,4.0078125
2.0554067104056978e-05,0.0001459541098721121,0.00024923859109654924,-4.461709217998621e-05,-0.0016921519146962704,-3.632272185682989e-05,-0.0006400251876792892,0.0006119374134245243,0.0004985145679834548,0.0007597315656179311,-0.00046897624394032797,0.0006068294288746935,-0.00018595940133471373,0.00017529281765876737,4.015625
2.0554067108551802e-05,0.0001459541098768273,0.00024923859110077487,-4.4617092175551646e-05,-0.0016921519146919728,-3.6322721852030985e-05,-0.0006400251876746443,0.0006119374134299749,0.0004985145679881878,0.0007597315656224723,-0.00046897624393559434,0.0006068294288791691,-0.00018595940133027915,0.00017529281766371616,4.0234375
2.0554067109715314e-05,0.00014595410987803146,0.00024923859110197963,-4.4617092174454765e-05,-0.0016921519146906965,-3.632272185007089e-05,-0.0006400251876727656,0.0006119374134313257,0.0004985145679894331,0.0007597315656236812,-0.00046897624393358613,0.0006068294288806294,-0.00018595940132918223,0.00017529281766572437,4.03125
2.0554067110635524e-05,0.00014595410987918532,0.00024923859110282715,-4.461709217395615e-05,-0.0016921519146895622,-3.632272184942446e-05,-0.0006400251876722995,0.0006119374134326079,0.0004985145679905142,0.0007597315656250686,-0.00046897624393301237,0.0006068294288819354,-0.00018595940132868364,0.00017529281766658504,4.0390625
2.055406711232415e-05,0.00014595410988112918,0.00024923859110496954,-4.4617092171626136e-05,-0.0016921519146874196,-3.632272184749097e-05,-0.0006400251876705897,0.0006119374134340668,0.0004985145679923381,0.0007597315656268375,-0.0004689762439315779,0.0006068294288833731,-0.0001859594013263536,0.00017529281766758914,4.046875
2.055406711136782e-05,0.0001459541098798799,0.00024923859110404076,-4.4617092172679296e-05,-0.0016921519146886712,-3.632272184920218e-05,-0.0006400251876721811,0.0006119374134325877,0.0004985145679909371,0.000759731565625367,-0.00046897624393301237,0.0006068294288819911,-0.00018595940132740677,0.00017529281766601128,4.0546875
2.055406710945162e-05,0.00014595410987787566,0.00024923859110197747,-4.461709217458753e-05,-0.0016921519146909677,-3.6322721850936097e-05,-0.0006400251876736314,0.0006119374134310035,0.0004985145679886065,0.0007597315656230417,-0.00046897624393444677,0.000606829428879959,-0.00018595940132931502,0.00017529281766457682,4.0625
2.05540671074063e-05,0.0001459541098756987,0.0002492385910997953,-4.4617092176713334e-05,-0.0016921519146928092,-3.632272185259112e-05,-0.0006400251876755251,0.0006119374134290949,0.0004985145679868664,0.0007597315656211812,-0.00046897624393674186,0.0006068294288777733,-0.00018595940133144082,0.0001752928176628555,4.0703125
2.0554067106739582e-05,0.00014595410987574463,0.0002492385910991305,-4.4617092177381366e-05,-0.001692151914692972,-3.632272185343912e-05,-0.0006400251876764357,0.0006119374134284653,0.0004985145679868425,0.0007597315656210791,-0.0004689762439374591,0.0006068294288779614,-0.00018595940133210888,0.00017529281766192313,4.078125
2.0554067108329002e-05,0.0001459541098773833,0.00024923859110122465,-4.461709217574805e-05,-0.001692151914691568,-3.6322721852155905e-05,-0.0006400251876750448,0.00061193741342977,0.0004985145679881253,0.0007597315656230271,-0.0004689762439361681,0.0006068294288795094,-0.00018595940133047555,0.00017529281766335756,4.0859375
2.0554067109259037e-05,0.00014595410987784346,0.0002492385911018073,-4.4617092174491506e-05,-0.0016921519146910124,-3.632272185161919e-05,-0.0006400251876745635,0.0006119374134302155,0.0004985145679889553,0.0007597315656235463,-0.0004689762439353792,0.0006068294288799286,-0.00018595940132921902,0.00017529281766400306,4.09375
2.055406710855109e-05,0.00014595410987713647,0.0002492385911012726,-4.4617092174897153e-05,-0.0016921519146914036,-3.632272185216058e-05,-0.0006400251876749634,0.0006119374134300473,0.0004985145679884933,0.0007597315656231271,-0.00046897624393566606,0.0006068294288793804,-0.00018595940132962467,0.00017529281766342928,4.1015625
2.0554067103835028e-05,0.0001459541098722532,0.00024923859109660844,-4.4617092180495696e-05,-0.0016921519146965698,-3.632272185708867e-05,-0.0006400251876794852,0.0006119374134246191,0.0004985145679833033,0.0007597315656174311,-0.00046897624394032797,0.0006068294288739016,-0.0001859594013352232,0.00017529281765869565,4.109375
2.0554067101639973e-05,0.0001459541098699787,0.0002492385910938876,-4.4617092182814065e-05,-0.0016921519146985736,-3.632272185939698e-05,-0.0006400251876820651,0.0006119374134223386,0.0004985145679810768,0.0007597315656155794,-0.00046897624394294583,0.0006068294288721493,-0.00018595940133754154,0.00017529281765640053,4.1171875
2.0554067103327804e-05,0.0001459541098721553,0.0002492385910958356,-4.461709218025417e-05,-0.0016921519146964146,-3.632272185696138e-05,-0.0006400251876796747,0.000611937413424651,0.0004985145679833701,0.000759731565618034,-0.0004689762439404714,0.0006068294288747675,-0.00018595940133498166,0.0001752928176588391,4.125
2.0554067106102427e-05,0.00014595410987449883,0.0002492385910985604,-4.461709217793072e-05,-0.0016921519146941158,-3.632272185433904e-05,-0.0006400251876770508,0.0006119374134274012,0.0004985145679856639,0.0007597315656202289,-0.0004689762439381763,0.0006068294288766599,-0.00018595940133265821,0.00017529281766127762,4.1328125
2.0554067109127642e-05,0.0001459541098774412,0.000249238591101455,-4.461709217479707e-05,-0.001692151914691293,-3.63227218515815e-05,-0.0006400251876744862,0.0006119374134300631,0.0004985145679882604,0.00075973156562316,-0.00046897624393530746,0.0006068294288792804,-0.00018595940132952457,0.00017529281766407478,4.140625
2.0554067111267603e-05,0.00014595410987961615,0.0002492385911039629,-4.461709217281422e-05,-0.0016921519146888566,-3.632272184931861e-05,-0.0006400251876725083,0.0006119374134324208,0.0004985145679907316,0.0007597315656250114,-0.00046897624393329925,0.0006068294288815851,-0.00018595940132754173,0.00017529281766615472,4.1484375
2.0554067112382905e-05,0.00014595410988154942,0.00024923859110490237,-4.4617092170804073e-05,-0.0016921519146874868,-3.632272184764997e-05,-0.0006400251876704675,0.0006119374134341662,0.000498514567992776,0.0007597315656267586,-0.0004689762439315779,0.0006068294288834092,-0.0001859594013255316,0.00017529281766773258,4.15625
2.055406710861428e-05,0.00014595410987726165,0.0002492385911011417,-4.4617092175384136e-05,-0.0016921519146916061,-3.632272185143443e-05,-0.0006400251876741819,0.0006119374134301971,0.0004985145679883527,0.000759731565623171,-0.00046897624393530746,0.0006068294288796009,-0.00018595940133011167,0.00017529281766428994,4.1640625
2.0554067105130507e-05,0.00014595410987318342,0.0002492385910975547,-4.461709217894781e-05,-0.0016921519146954082,-3.632272185509184e-05,-0.0006400251876779772,0.0006119374134266598,0.0004985145679844581,0.0007597315656191438,-0.0004689762439387501,0.0006068294288757297,-0.0001859594013336753,0.0001752928176605604,4.171875
2.0554067106284813e-05,0.00014595410987462798,0.0002492385910985985,-4.4617092177667785e-05,-0.0016921519146937908,-3.632272185435859e-05,-0.0006400251876773224,0.0006119374134280174,0.0004985145679857921,0.00075973156562052,-0.0004689762439380329,0.0006068294288768696,-0.00018595940133239527,0.00017529281766113418,4.1796875
2.0554067110130204e-05,0.0001459541098783744,0.00024923859110253095,-4.461709217375661e-05,-0.0016921519146900733,-3.632272185073727e-05,-0.0006400251876738618,0.0006119374134310862,0.0004985145679894104,0.0007597315656240957,-0.00046897624393473365,0.0006068294288805383,-0.00018595940132848412,0.00017529281766457682,4.1875
2.0554067110624478e-05,0.0001459541098791373,0.0002492385911029968,-4.4617092173733974e-05,-0.0016921519146897153,-3.632272184982084e-05,-0.000640025187673124,0.0006119374134318721,0.0004985145679901806,0.0007597315656245892,-0.000468976243933873,0.0006068294288810447,-0.00018595940132846148,0.0001752928176654375,4.1953125
2.0554067108840488e-05,0.00014595410987718117,0.00024923859110114843,-4.4617092175510676e-05,-0.0016921519146913843,-3.632272185150424e-05,-0.0006400251876746782,0.0006119374134301171,0.0004985145679876224,0.0007597315656225687,-0.0004689762439357378,0.0006068294288790242,-0.0001859594013302382,0.00017529281766342928,4.203125
2.055406711020186e-05,0.00014595410987884144,0.0002492385911031691,-4.4617092173526756e-05,-0.001692151914689507,-3.6322721850069704e-05,-0.0006400251876729808,0.0006119374134322339,0.0004985145679903005,0.000759731565624456,-0.00046897624393375646,0.0006068294288815222,-0.00018595940132825424,0.00017529281766565265,4.2109375
2.0554067109634022e-05,0.0001459541098785423,0.0002492385911024675,-4.4617092174242295e-05,-0.0016921519146904957,-3.6322721850428764e-05,-0.0006400251876735904,0.000611937413430526,0.0004985145679896525,0.0007597315656240669,-0.00046897624393444677,0.0006068294288805733,-0.00018595940132896979,0.00017529281766493542,4.21875
2.055406710904276e-05,0.00014595410987817156,0.0002492385911019714,-4.4617092174604e-05,-0.0016921519146909918,-3.632272185146463e-05,-0.000640025187674637,0.0006119374134303598,0.0004985145679885163,0.0007597315656234865,-0.0004689762439353792,0.0006068294288795715,-0.0001859594013293315,0.00017529281766411064,4.2265625
2.055406710488773e-05,0.00014595410987241318,0.00024923859109731263,-4.461709217966914e-05,-0.0016921519146959373,-3.632272185637519e-05,-0.0006400251876793532,0.000611937413425282,0.0004985145679848361,0.0007597315656179178,-0.00046897624394054313,0.0006068294288752697,-0.00018595940133439665,0.00017529281765905425,4.234375
2.0554067104152706e-05,0.00014595410987268626,0.0002492385910958415,-4.461709217998128e-05,-0.0016921519146959742,-3.6322721856942075e-05,-0.000640025187679426,0.0006119374134249904,0.0004985145679836558,0.000759731565617908,-0.00046897624394025625,0.0006068294288746748,-0.0001859594013347088,0.00017529281765898253,4.2421875
2.0554067104623338e-05,0.00014595410987352104,0.0002492385910973447,-4.461709217891983e-05,-0.0016921519146952597,-3.632272185519075e-05,-0.0006400251876779727,0.0006119374134263229,0.0004985145679849495,0.0007597315656191786,-0.0004689762439388935,0.0006068294288758135,-0.0001859594013336473,0.00017529281766041696,4.25
2.0554067105226507e-05,0.00014595410987440887,0.00024923859109795025,-4.4617092178603505e-05,-0.0016921519146944391,-3.632272185482061e-05,-0.0006400251876769167,0.0006119374134268747,0.0004985145679854093,0.0007597315656201,-0.0004689762439381763,0.0006068294288763069,-0.00018595940133333102,0.00017529281766113418,4.2578125
2.0554067104608227e-05,0.00014595410987321847,0.0002492385910972756,-4.46170921795181e-05,-0.0016921519146952213,-3.6322721856116455e-05,-0.0006400251876787,0.0006119374134259263,0.000498514567984306,0.0007597315656188574,-0.0004689762439397542,0.0006068294288754478,-0.0001859594013342456,0.00017529281765998664,4.265625
2.0554067105007796e-05,0.00014595410987320735,0.0002492385910975314,-4.461709217858887e-05,-0.0016921519146957905,-3.632272185578306e-05,-0.0006400251876783163,0.0006119374134255863,0.0004985145679845815,0.000759731565618884,-0.0004689762439393597,0.0006068294288756615,-0.00018595940133331638,0.00017529281765998664,4.2734375
2.055406710892935e-05,0.00014595410987716445,0.00024923859110155,-4.4617092175246544e-05,-0.0016921519146915565,-3.6322721851511076e-05,-0.0006400251876745457,0.0006119374134300325,0.0004985145679882052,0.0007597315656226614,-0.0004689762439353792,0.0006068294288791111,-0.00018595940132997403,0.0001752928176638596,4.28125
2.055406711142538e-05,0.00014595410987989005,0.000249238591103561,-4.461709217280649e-05,-0.0016921519146889,-3.632272184895558e-05,-0.0006400251876715887,0.0006119374134330196,0.0004985145679908045,0.000759731565625258,-0.0004689762439325103,0.0006068294288819959,-0.000185959401327534,0.00017529281766672848,4.2890625
2.0554067110334146e-05,0.00014595410987919445,0.00024923859110325856,-4.461709217337726e-05,-0.0016921519146893458,-3.632272184915853e-05,-0.0006400251876722242,0.0006119374134320809,0.0004985145679906824,0.0007597315656251731,-0.00046897624393358613,0.0006068294288813904,-0.00018595940132810478,0.0001752928176658678,4.296875
2.0554067110971386e-05,0.00014595410988007689,0.00024923859110375073,-4.461709217319201e-05,-0.0016921519146888898,-3.63227218496296e-05,-0.0006400251876721816,0.0006119374134321319,0.000498514567990846,0.0007597315656256195,-0.0004689762439331558,0.0006068294288813905,-0.00018595940132791952,0.00017529281766572437,4.3046875
2.0554067113228386e-05,0.00014595410988209675,0.0002492385911061157,-4.4617092170425836e-05,-0.0016921519146867756,-3.632272184729019e-05,-0.0006400251876704439,0.0006119374134344286,0.0004985145679929739,0.0007597315656275097,-0.00046897624393129104,0.000606829428884063,-0.0001859594013251533,0.00017529281766830637,4.3125
2.0554067110719542e-05,0.00014595410987940072,0.0002492385911028963,-4.4617092173634526e-05,-0.0016921519146894212,-3.63227218494861e-05,-0.0006400251876726956,0.000611937413432007,0.000498514567989926,0.0007597315656248417,-0.000468976243933873,0.0006068294288815278,-0.00018595940132836204,0.00017529281766601128,4.3203125
2.055406710613234e-05,0.00014595410987401432,0.00024923859109827833,-4.461709217795538e-05,-0.001692151914694111,-3.632272185417583e-05,-0.0006400251876774365,0.0006119374134274504,0.0004985145679851542,0.0007597315656196602,-0.0004689762439384632,0.0006068294288761208,-0.00018595940133268288,0.00017529281766113418,4.328125
2.0554067103830186e-05,0.0001459541098720895,0.0002492385910959823,-4.4617092180388556e-05,-0.0016921519146965505,-3.6322721856531074e-05,-0.0006400251876797576,0.0006119374134250172,0.000498514567983092,0.0007597315656176824,-0.00046897624394068657,0.0006068294288747104,-0.00018595940133511605,0.00017529281765869565,4.3359375
2.05540671045568e-05,0.00014595410987333336,0.00024923859109725213,-4.4617092179131695e-05,-0.0016921519146956391,-3.632272185601319e-05,-0.0006400251876786963,0.00061193741342605,0.000498514567984664,0.0007597315656190132,-0.00046897624393946733,0.0006068294288754805,-0.00018595940133385918,0.0001752928176595563,4.34375
2.0554067108513106e-05,0.00014595410987719673,0.0002492385911012682,-4.46170921753713e-05,-0.0016921519146915515,-3.632272185163354e-05,-0.0006400251876746328,0.0006119374134299681,0.0004985145679885154,0.0007597315656230706,-0.00046897624393566606,0.0006068294288793631,-0.0001859594013300988,0.00017529281766378788,4.3515625
2.055406710777476e-05,0.00014595410987606488,0.0002492385911001289,-4.461709217661446e-05,-0.0016921519146927445,-3.632272185276153e-05,-0.0006400251876755475,0.0006119374134291592,0.000498514567987126,0.0007597315656217424,-0.0004689762439366343,0.0006068294288781568,-0.00018595940133134197,0.00017529281766278377,4.359375
2.055406710596236e-05,0.0001459541098743469,0.0002492385910981597,-4.461709217800976e-05,-0.0016921519146943372,-3.6322721854871696e-05,-0.0006400251876773804,0.0006119374134270131,0.0004985145679852154,0.0007597315656197065,-0.0004689762439381763,0.0006068294288765689,-0.00018595940133273725,0.00017529281766099074,4.3671875
2.0554067106489016e-05,0.00014595410987542484,0.00024923859109933424,-4.46170921771794e-05,-0.0016921519146931986,-3.632272185386259e-05,-0.0006400251876765773,0.0006119374134281332,0.0004985145679864213,0.0007597315656211384,-0.0004689762439373157,0.0006068294288775382,-0.00018595940133190692,0.0001752928176618514,4.375
2.0554067106907186e-05,0.000145954109875904,0.0002492385910992946,-4.4617092176627906e-05,-0.0016921519146927719,-3.6322721853181676e-05,-0.0006400251876757673,0.0006119374134284561,0.0004985145679869984,0.0007597315656213739,-0.0004689762439370288,0.0006068294288779536,-0.0001859594013313554,0.00017529281766228173,4.3828125
2.055406710809358e-05,0.00014595410987669266,0.0002492385911006837,-4.461709217567353e-05,-0.0016921519146921896,-3.6322721852370205e-05,-0.0006400251876751287,0.0006119374134294513,0.0004985145679875595,0.0007597315656224013,-0.0004689762439358812,0.0006068294288788419,-0.00018595940133040104,0.0001752928176631424,4.390625
2.0554067106993322e-05,0.00014595410987562976,0.0002492385910997913,-4.461709217678568e-05,-0.0016921519146932435,-3.6322721853999307e-05,-0.0006400251876765456,0.0006119374134279701,0.0004985145679864891,0.0007597315656210261,-0.0004689762439374591,0.0006068294288776864,-0.00018595940133151316,0.0001752928176618514,4.3984375
2.0554067107461613e-05,0.00014595410987561865,0.00024923859109981454,-4.461709217667198e-05,-0.001692151914693005,-3.632272185370431e-05,-0.0006400251876765111,0.0006119374134280313,0.0004985145679868221,0.0007597315656213961,-0.0004689762439374591,0.0006068294288779662,-0.0001859594013313995,0.0001752928176618514,4.40625
2.0554067108722994e-05,0.0001459541098772593,0.00024923859110178746,-4.4617092175080384e-05,-0.0016921519146911755,-3.632272185137383e-05,-0.0006400251876743652,0.0006119374134300259,0.0004985145679890307,0.0007597315656231292,-0.00046897624393566606,0.0006068294288800805,-0.0001859594013298079,0.0001752928176638596,4.4140625
2.055406710781681e-05,0.00014595410987663284,0.0002492385911003727,-4.461709217624445e-05,-0.001692151914691873,-3.6322721852021336e-05,-0.0006400251876748552,0.0006119374134298448,0.0004985145679880392,0.000759731565622639,-0.0004689762439357378,0.0006068294288790527,-0.00018595940133097193,0.00017529281766342928,4.421875
2.0554067107233568e-05,0.00014595410987605368,0.0002492385910997732,-4.461709217676204e-05,-0.0016921519146926162,-3.6322721852649556e-05,-0.0006400251876752046,0.0006119374134291348,0.00049851456798687,0.0007597315656213468,-0.00046897624393638326,0.0006068294288779655,-0.00018595940133148953,0.0001752928176628555,4.4296875
2.0554067108590986e-05,0.0001459541098766808,0.00024923859110086806,-4.46170921757576e-05,-0.0016921519146918082,-3.632272185174987e-05,-0.0006400251876749959,0.0006119374134301249,0.0004985145679878083,0.0007597315656219608,-0.00046897624393559434,0.0006068294288789568,-0.00018595940133048512,0.00017529281766342928,4.4375
2.0554067111725143e-05,0.00014595410988008648,0.00024923859110417184,-4.461709217229529e-05,-0.001692151914688612,-3.632272184909174e-05,-0.0006400251876721637,0.0006119374134329472,0.0004985145679909533,0.000759731565625387,-0.00046897624393301237,0.0006068294288822245,-0.00018595940132702277,0.00017529281766629816,4.4453125
2.0554067109354705e-05,0.00014595410987744292,0.00024923859110114155,-4.461709217517423e-05,-0.0016921519146909482,-3.6322721851896e-05,-0.0006400251876745651,0.000611937413430243,0.0004985145679883671,0.0007597315656227088,-0.0004689762439354509,0.0006068294288793951,-0.00018595940132990174,0.00017529281766342928,4.453125
2.0554067107452262e-05,0.00014595410987585983,0.00024923859109925184,-4.461709217697622e-05,-0.0016921519146929941,-3.6322721853582214e-05,-0.0006400251876763162,0.0006119374134286121,0.000498514567986223,0.0007597315656211707,-0.00046897624393729773,0.0006068294288780559,-0.0001859594013317037,0.00017529281766219207,4.4609375
2.055406710896907e-05,0.0001459541098773812,0.00024923859110141265,-4.461709217481236e-05,-0.0016921519146914786,-3.6322721851310004e-05,-0.0006400251876743401,0.000611937413430164,0.0004985145679886752,0.0007597315656234856,-0.0004689762439352716,0.000606829428879794,-0.00018595940132953989,0.0001752928176640927,4.46875
2.0554067110949336e-05,0.00014595410987947033,0.00024923859110339593,-4.461709217295548e-05,-0.0016921519146894236,-3.632272184965825e-05,-0.0006400251876726191,0.0006119374134319422,0.0004985145679910542,0.0007597315656251814,-0.00046897624393322753,0.0006068294288820465,-0.000185959401327683,0.00017529281766601128,4.4765625
2.0554067108252996e-05,0.00014595410987680116,0.000249238591100969,-4.4617092175503514e-05,-0.0016921519146917074,-3.632272185270591e-05,-0.0006400251876752908,0.0006119374134293025,0.0004985145679877939,0.0007597315656223961,-0.00046897624393631154,0.0006068294288792389,-0.000185959401330231,0.0001752928176631424,4.484375
2.0554067102864362e-05,0.00014595410987209385,0.0002492385910964758,-4.461709218031891e-05,-0.001692151914696774,-3.632272185709124e-05,-0.0006400251876804651,0.0006119374134242354,0.0004985145679831213,0.0007597315656175095,-0.00046897624394118866,0.0006068294288736704,-0.0001859594013350464,0.00017529281765797842,4.4921875
2.05540671037212e-05,0.00014595410987210206,0.0002492385910959767,-4.4617092180281396e-05,-0.001692151914696834,-3.632272185767464e-05,-0.0006400251876796381,0.0006119374134245498,0.0004985145679827777,0.0007597315656173773,-0.0004689762439407583,0.0006068294288741503,-0.0001859594013350089,0.00017529281765840874,4.5
2.055406710621986e-05,0.00014595410987455445,0.0002492385910986979,-4.4617092178013455e-05,-0.0016921519146941217,-3.632272185441428e-05,-0.000640025187676859,0.0006119374134275461,0.0004985145679860263,0.0007597315656203661,-0.0004689762439380329,0.0006068294288769457,-0.00018595940133274097,0.00017529281766142106,4.5078125
2.0554067108168554e-05,0.000145954109876692,0.000249238591100979,-4.461709217598341e-05,-0.0016921519146913385,-3.63227218516622e-05,-0.0006400251876744846,0.0006119374134302624,0.0004985145679877792,0.0007597315656227643,-0.0004689762439354509,0.0006068294288798818,-0.00018595940133071088,0.00017529281766400306,4.515625
2.055406710744857e-05,0.00014595410987621837,0.0002492385911003284,-4.4617092175882124e-05,-0.0016921519146922044,-3.63227218527461e-05,-0.0006400251876754874,0.0006119374134291797,0.0004985145679876617,0.0007597315656217122,-0.000468976243936455,0.0006068294288787591,-0.00018595940133060961,0.0001752928176628555,4.5234375
2.0554067108799234e-05,0.0001459541098771675,0.0002492385911013172,-4.461709217539726e-05,-0.0016921519146913591,-3.632272185203071e-05,-0.0006400251876746862,0.0006119374134299329,0.0004985145679879621,0.0007597315656225824,-0.0004689762439358812,0.0006068294288794522,-0.00018595940133012476,0.00017529281766357272,4.53125
2.055406710708251e-05,0.0001459541098756317,0.000249238591099938,-4.4617092177052005e-05,-0.001692151914693312,-3.6322721852883446e-05,-0.0006400251876762594,0.0006119374134288894,0.0004985145679866563,0.0007597315656209766,-0.0004689762439370288,0.0006068294288774404,-0.0001859594013317795,0.0001752928176625686,4.5390625
2.055406710875714e-05,0.00014595410987707213,0.00024923859110098607,-4.4617092175574644e-05,-0.0016921519146916903,-3.63227218514868e-05,-0.0006400251876744659,0.0006119374134300362,0.0004985145679878647,0.0007597315656224339,-0.0004689762439357378,0.0006068294288789346,-0.00018595940133030213,0.00017529281766357272,4.546875
2.0554067106363113e-05,0.00014595410987519196,0.00024923859109874253,-4.4617092177779945e-05,-0.0016921519146936468,-3.632272185417151e-05,-0.000640025187676744,0.0006119374134277435,0.0004985145679862784,0.0007597315656204937,-0.00046897624393760256,0.0006068294288772431,-0.00018595940133250743,0.0001752928176615645,4.5546875
2.0554067109611942e-05,0.0001459541098783478,0.0002492385911022204,-4.46170921744945e-05,-0.001692151914690384,-3.632272185104705e-05,-0.0006400251876743032,0.0006119374134307735,0.000498514567988955,0.0007597315656240587,-0.000468976243935164,0.0006068294288804355,-0.000185959401329222,0.00017529281766407478,4.5625
2.0554067112158628e-05,0.00014595410988063454,0.00024923859110476804,-4.461709217183971e-05,-0.001692151914688016,-3.6322721848580274e-05,-0.0006400251876717379,0.0006119374134332945,0.0004985145679915386,0.0007597315656259958,-0.00046897624393243856,0.000606829428882687,-0.0001859594013265672,0.00017529281766658504,4.5703125
2.0554067110658566e-05,0.00014595410987913582,0.0002492385911030763,-4.461709217330047e-05,-0.0016921519146893488,-3.632272184970761e-05,-0.0006400251876726527,0.0006119374134323486,0.0004985145679903681,0.0007597315656244804,-0.00046897624393329925,0.0006068294288812275,-0.00018595940132802797,0.00017529281766572437,4.578125
2.055406710845582e-05,0.0001459541098768872,0.00024923859110056334,-4.4617092176183295e-05,-0.0016921519146922922,-3.632272185234773e-05,-0.0006400251876750936,0.0006119374134296122,0.0004985145679875584,0.0007597315656220785,-0.00046897624393602466,0.0006068294288788727,-0.00018595940133091078,0.00017529281766299896,4.5859375
2.055406710832602e-05,0.00014595410987696747,0.0002492385911007777,-4.4617092175372576e-05,-0.0016921519146917553,-3.6322721851828795e-05,-0.0006400251876747438,0.000611937413429714,0.0004985145679882696,0.0007597315656229425,-0.0004689762439357378,0.0006068294288796066,-0.00018595940133010007,0.00017529281766357272,4.59375
2.0554067109586202e-05,0.00014595410987869708,0.000249238591101815,-4.4617092174347734e-05,-0.0016921519146907177,-3.632272185106507e-05,-0.0006400251876739147,0.0006119374134309205,0.0004985145679892026,0.0007597315656234202,-0.0004689762439341599,0.0006068294288803836,-0.00018595940132907522,0.00017529281766457682,4.6015625
2.055406710968444e-05,0.00014595410987780621,0.00024923859110208285,-4.461709217438577e-05,-0.0016921519146909968,-3.632272185092022e-05,-0.0006400251876736655,0.0006119374134305106,0.0004985145679892076,0.0007597315656235306,-0.00046897624393444677,0.0006068294288800826,-0.00018595940132911325,0.0001752928176648637,4.609375
2.0554067108246603e-05,0.00014595410987677907,0.00024923859110050333,-4.461709217545882e-05,-0.0016921519146921751,-3.632272185249335e-05,-0.0006400251876753349,0.0006119374134295786,0.0004985145679876006,0.0007597315656223627,-0.0004689762439357378,0.0006068294288786952,-0.00018595940133018631,0.0001752928176631424,4.6171875
2.0554067107523003e-05,0.0001459541098757812,0.00024923859109985584,-4.461709217657007e-05,-0.0016921519146928204,-3.632272185336697e-05,-0.000640025187676376,0.0006119374134283081,0.0004985145679866776,0.000759731565621373,-0.0004689762439370288,0.0006068294288780258,-0.00018595940133129754,0.0001752928176621383,4.625
2.0554067106753253e-05,0.00014595410987512645,0.0002492385910993518,-4.461709217729291e-05,-0.0016921519146932526,-3.6322721853600164e-05,-0.0006400251876764089,0.0006119374134282219,0.0004985145679865038,0.0007597315656208333,-0.00046897624393753084,0.0006068294288778483,-0.0001859594013320204,0.00017529281766192313,4.6328125
2.0554067102711625e-05,0.00014595410987194708,0.0002492385910953595,-4.4617092181093925e-05,-0.0016921519146973168,-3.632272185767534e-05,-0.0006400251876799135,0.0006119374134240271,0.0004985145679827282,0.0007597315656173685,-0.0004689762439407583,0.0006068294288739054,-0.00018595940133582143,0.00017529281765812186,4.640625
2.0554067099479554e-05,0.00014595410986836807,0.0002492385910918446,-4.461709218485602e-05,-0.0016921519147004014,-3.632272186105695e-05,-0.0006400251876837488,0.0006119374134204625,0.0004985145679795836,0.000759731565613873,-0.00046897624394448784,0.0006068294288699399,-0.00018595940133958353,0.00017529281765467922,4.6484375
2.05540671019522e-05,0.00014595410987022244,0.0002492385910936545,-4.4617092182163266e-05,-0.0016921519146981252,-3.6322721858971356e-05,-0.0006400251876818969,0.0006119374134229561,0.0004985145679813489,0.0007597315656155036,-0.00046897624394262306,0.000606829428872875,-0.00018595940133689078,0.00017529281765668744,4.65625
2.0554067107106777e-05,0.00014595410987554272,0.00024923859109964253,-4.461709217686769e-05,-0.0016921519146930336,-3.6322721853748734e-05,-0.0006400251876768622,0.0006119374134278671,0.0004985145679864986,0.0007597315656210253,-0.00046897624393760256,0.0006068294288774756,-0.00018595940133159518,0.00017529281766142106,4.6640625
2.055406710977388e-05,0.00014595410987852897,0.00024923859110237764,-4.461709217422216e-05,-0.0016921519146901552,-3.6322721850701584e-05,-0.0006400251876738437,0.0006119374134310397,0.0004985145679893736,0.000759731565624044,-0.00046897624393473365,0.0006068294288805837,-0.00018595940132894965,0.00017529281766443338,4.671875
2.055406711154112e-05,0.00014595410988011462,0.00024923859110403805,-4.4617092172527426e-05,-0.0016921519146884947,-3.632272184852312e-05,-0.0006400251876714456,0.0006119374134335784,0.0004985145679914621,0.0007597315656261652,-0.000468976243932582,0.0006068294288825272,-0.00018595940132725493,0.00017529281766701536,4.6796875
2.0554067114442296e-05,0.00014595410988270816,0.00024923859110737153,-4.461709216938462e-05,-0.0016921519146855916,-3.632272184511606e-05,-0.0006400251876683556,0.0006119374134365306,0.000498514567994201,0.0007597315656285946,-0.00046897624392870906,0.000606829428885434,-0.00018595940132411213,0.0001752928176700994,4.6875
2.0554067118014766e-05,0.00014595410988652214,0.0002492385911106135,-4.461709216539043e-05,-0.0016921519146820628,-3.632272184148478e-05,-0.0006400251876647054,0.0006119374134399118,0.0004985145679978278,0.0007597315656322197,-0.0004689762439260553,0.0006068294288890243,-0.00018595940132011795,0.0001752928176733269,4.6953125
2.0554067111777503e-05,0.00014595410988031283,0.0002492385911049552,-4.4617092171611126e-05,-0.0016921519146880077,-3.6322721848342685e-05,-0.0006400251876714757,0.0006119374134334728,0.0004985145679914804,0.0007597315656261818,-0.0004689762439322951,0.0006068294288834053,-0.00018595940132633862,0.0001752928176668002,4.703125
2.0554067107004005e-05,0.00014595410987519857,0.0002492385910991581,-4.461709217767643e-05,-0.0016921519146938767,-3.6322721854623556e-05,-0.0006400251876769317,0.0006119374134271731,0.0004985145679861315,0.0007597315656206551,-0.0004689762439378177,0.0006068294288769993,-0.00018595940133240391,0.00017529281766113418,4.7109375
2.055406710658697e-05,0.0001459541098750251,0.0002492385910986881,-4.461709217771129e-05,-0.0016921519146939881,-3.6322721854144596e-05,-0.000640025187676868,0.0006119374134275756,0.000498514567985905,0.00075973156562051,-0.00046897624393788944,0.0006068294288773514,-0.0001859594013324388,0.00017529281766149278,4.71875
2.0554067105764694e-05,0.00014595410987435005,0.0002492385910984855,-4.4617092178114246e-05,-0.0016921519146941906,-3.6322721854588916e-05,-0.0006400251876771047,0.0006119374134274034,0.0004985145679856345,0.0007597315656202691,-0.0004689762439381763,0.0006068294288768088,-0.00018595940133284174,0.00017529281766127762,4.7265625
2.0554067101450972e-05,0.00014595410987000806,0.000249238591094192,-4.4617092182521636e-05,-0.001692151914698484,-3.632272185864868e-05,-0.0006400251876817176,0.0006119374134227044,0.0004985145679810257,0.0007597315656158988,-0.00046897624394248857,0.0006068294288725165,-0.00018595940133724913,0.00017529281765677707,4.734375
2.0554067099447607e-05,0.0001459541098687017,0.0002492385910923868,-4.461709218448986e-05,-0.0016921519147001462,-3.6322721861352406e-05,-0.0006400251876842016,0.000611937413420343,0.000498514567979774,0.0007597315656142853,-0.0004689762439447747,0.0006068294288706715,-0.00018595940133921734,0.00017529281765410544,4.7421875
2.0554067104826016e-05,0.00014595410987299835,0.0002492385910976526,-4.461709217935e-05,-0.0016921519146955973,-3.632272185654699e-05,-0.0006400251876793842,0.0006119374134252744,0.0004985145679838147,0.0007597315656186478,-0.00046897624394018453,0.0006068294288757338,-0.00018595940133407752,0.00017529281765948457,4.75
2.0554067110536797e-05,0.00014595410987876045,0.0002492385911030179,-4.4617092173535274e-05,-0.0016921519146897298,-3.632272185046511e-05,-0.0006400251876727596,0.0006119374134316958,0.0004985145679895182,0.0007597315656244611,-0.000468976243933873,0.0006068294288808825,-0.00018595940132826275,0.0001752928176654375,4.7578125
2.0554067110995658e-05,0.00014595410987948974,0.0002492385911032537,-4.4617092173124476e-05,-0.0016921519146889206,-3.632272184918183e-05,-0.000640025187671802,0.0006119374134329475,0.0004985145679901678,0.000759731565625174,-0.00046897624393243856,0.0006068294288814921,-0.00018595940132785197,0.00017529281766658504,4.765625
2.0554067109582682e-05,0.000145954109878119,0.0002492385911019313,-4.461709217508066e-05,-0.0016921519146906015,-3.632272185079998e-05,-0.000640025187673648,0.0006119374134307439,0.000498514567989318,0.0007597315656241323,-0.00046897624393444677,0.0006068294288802237,-0.00018595940132980817,0.0001752928176648637,4.7734375
2.0554067108238773e-05,0.00014595410987733955,0.0002492385911010616,-4.461709217544072e-05,-0.0016921519146916638,-3.6322721852227497e-05,-0.0006400251876750727,0.0006119374134296864,0.000498514567988187,0.0007597315656227105,-0.00046897624393591706,0.0006068294288792973,-0.0001859594013301682,0.00017529281766339342,4.78125
2.0554067107346007e-05,0.00014595410987607878,0.00024923859110033376,-4.4617092176182306e-05,-0.0016921519146926294,-3.6322721852911994e-05,-0.0006400251876760095,0.0006119374134284946,0.0004985145679873433,0.0007597315656217149,-0.0004689762439370288,0.0006068294288783861,-0.0001859594013309098,0.00017529281766228173,4.7890625
2.0554067107169363e-05,0.00014595410987548803,0.00024923859110001387,-4.461709217674522e-05,-0.0016921519146933079,-3.632272185320184e-05,-0.0006400251876764036,0.0006119374134283761,0.0004985145679863941,0.0007597315656209969,-0.0004689762439373157,0.0006068294288775525,-0.00018595940133147272,0.00017529281766228173,4.796875
2.0554067105141898e-05,0.00014595410987336624,0.00024923859109728634,-4.4617092179205746e-05,-0.0016921519146956767,-3.6322721855556146e-05,-0.0006400251876780672,0.000611937413426185,0.0004985145679846481,0.0007597315656189242,-0.0004689762439393956,0.0006068294288754997,-0.00018595940133393324,0.00017529281765991492,4.8046875
2.0554067105824136e-05,0.00014595410987440315,0.0002492385910980614,-4.461709217858666e-05,-0.0016921519146944715,-3.632272185496865e-05,-0.0006400251876776153,0.0006119374134269284,0.000498514567985204,0.000759731565619742,-0.0004689762439381763,0.0006068294288764734,-0.00018595940133331416,0.00017529281766099074,4.8125
2.05540671101053e-05,0.00014595410987864346,0.0002492385911026543,-4.461709217359629e-05,-0.0016921519146899501,-3.63227218502333e-05,-0.000640025187673372,0.0006119374134313381,0.0004985145679898995,0.0007597315656244435,-0.0004689762439341599,0.0006068294288811361,-0.0001859594013283238,0.0001752928176654375,4.8203125
2.0554067112920764e-05,0.00014595410988142685,0.0002492385911056226,-4.4617092170935574e-05,-0.0016921519146873404,-3.632272184747066e-05,-0.0006400251876704018,0.00061193741343448,0.0004985145679925489,0.0007597315656271231,-0.0004689762439311476,0.0006068294288836214,-0.00018595940132566308,0.00017529281766787602,4.828125
2.0554067112396874e-05,0.00014595410988092048,0.000249238591104925,-4.461709217139413e-05,-0.0016921519146879662,-3.632272184786069e-05,-0.0006400251876706834,0.0006119374134340661,0.0004985145679920838,0.000759731565626706,-0.0004689762439315779,0.0006068294288831803,-0.00018595940132612164,0.0001752928176674457,4.8359375
2.0554067109883734e-05,0.00014595410987828334,0.00024923859110229725,-4.461709217442105e-05,-0.001692151914690379,-3.6322721850696244e-05,-0.0006400251876735937,0.0006119374134310918,0.0004985145679895831,0.0007597315656240524,-0.0004689762439345185,0.0006068294288805314,-0.00018595940132914857,0.00017529281766479198,4.84375
2.0554067107811146e-05,0.0001459541098768904,0.00024923859110092476,-4.461709217562446e-05,-0.001692151914691895,-3.6322721852307795e-05,-0.0006400251876748073,0.000611937413429634,0.0004985145679882807,0.000759731565622873,-0.0004689762439357378,0.0006068294288793622,-0.00018595940133035195,0.00017529281766328584,4.8515625
2.0554067107619615e-05,0.00014595410987627621,0.0002492385911002539,-4.461709217612353e-05,-0.0016921519146921354,-3.632272185303235e-05,-0.0006400251876755473,0.0006119374134290245,0.0004985145679871872,0.0007597315656218362,-0.00046897624393674186,0.0006068294288787273,-0.000185959401330851,0.0001752928176631424,4.859375
2.0554067105918814e-05,0.00014595410987456586,0.00024923859109854423,-4.4617092178102496e-05,-0.0016921519146938628,-3.632272185474697e-05,-0.000640025187677458,0.0006119374134270951,0.0004985145679854679,0.0007597315656198472,-0.0004689762439384632,0.000606829428876452,-0.00018595940133283,0.00017529281766099074,4.8671875
2.0554067103582195e-05,0.00014595410987136987,0.00024923859109581725,-4.461709218057988e-05,-0.0016921519146970742,-3.632272185776989e-05,-0.0006400251876804835,0.0006119374134235176,0.0004985145679825988,0.0007597315656171367,-0.00046897624394118866,0.0006068294288739757,-0.00018595940133530738,0.00017529281765769154,4.875
2.055406710484821e-05,0.0001459541098730642,0.00024923859109707915,-4.461709217911295e-05,-0.0016921519146955702,-3.632272185597837e-05,-0.000640025187679042,0.0006119374134257542,0.0004985145679840022,0.0007597315656185869,-0.0004689762439400411,0.0006068294288754407,-0.00018595940133384045,0.00017529281765941285,4.8828125
2.0554067106233297e-05,0.0001459541098749857,0.00024923859109925444,-4.4617092177125094e-05,-0.0016921519146932782,-3.632272185427187e-05,-0.0006400251876766915,0.0006119374134277154,0.0004985145679862835,0.0007597315656208565,-0.00046897624393760256,0.0006068294288775346,-0.0001859594013318526,0.0001752928176618514,4.890625
2.0554067107495166e-05,0.000145954109876847,0.0002492385911006667,-4.4617092176097934e-05,-0.0016921519146918661,-3.6322721852465553e-05,-0.0006400251876746495,0.0006119374134290461,0.0004985145679877931,0.0007597315656223131,-0.00046897624393602466,0.0006068294288788744,-0.00018595940133082545,0.0001752928176631424,4.8984375
2.055406710546042e-05,0.00014595410987407783,0.0002492385910981705,-4.461709217862305e-05,-0.001692151914694649,-3.632272185441103e-05,-0.0006400251876775647,0.0006119374134270578,0.000498514567985208,0.0007597315656197419,-0.00046897624393831976,0.0006068294288761886,-0.00018595940133335056,0.00017529281766070384,4.90625
2.0554067105776302e-05,0.00014595410987418506,0.0002492385910981863,-4.4617092178346366e-05,-0.001692151914694705,-3.632272185458429e-05,-0.0006400251876775359,0.0006119374134272692,0.0004985145679850868,0.000759731565619497,-0.0004689762439384632,0.0006068294288761131,-0.00018595940133307387,0.0001752928176605604,4.9140625
2.0554067108335338e-05,0.00014595410987666054,0.0002492385911004499,-4.461709217619199e-05,-0.0016921519146922978,-3.632272185216605e-05,-0.0006400251876754526,0.0006119374134295815,0.0004985145679874104,0.0007597315656223193,-0.00046897624393631154,0.0006068294288787577,-0.00018595940133091948,0.0001752928176628555,4.921875
2.0554067106689034e-05,0.00014595410987528623,0.0002492385910989705,-4.4617092177358835e-05,-0.0016921519146937236,-3.632272185370281e-05,-0.0006400251876764755,0.0006119374134278218,0.000498514567986203,0.0007597315656206075,-0.00046897624393788944,0.0006068294288775043,-0.00018595940133208635,0.00017529281766177966,4.9296875
2.055406710872044e-05,0.0001459541098771364,0.00024923859110106663,-4.461709217528708e-05,-0.001692151914691466,-3.632272185168258e-05,-0.0006400251876745767,0.0006119374134302072,0.0004985145679884765,0.0007597315656228859,-0.00046897624393530746,0.0006068294288797535,-0.00018595940133001458,0.00017529281766393134,4.9375
2.0554067115039526e-05,0.00014595410988351766,0.0002492385911075922,-4.461709216883366e-05,-0.0016921519146851198,-3.6322721845018555e-05,-0.0006400251876678937,0.0006119374134366206,0.0004985145679947774,0.0007597315656290783,-0.00046897624392899594,0.0006068294288856953,-0.00018595940132356116,0.00017529281767002768,4.9453125
2.0554067117029216e-05,0.00014595410988578036,0.0002492385911101557,-4.4617092166779176e-05,-0.0016921519146828074,-3.6322721842788236e-05,-0.000640025187666066,0.0006119374134389654,0.0004985145679971835,0.0007597315656310045,-0.0004689762439268443,0.0006068294288878793,-0.00018595940132150668,0.00017529281767253796,4.953125
2.0554067108665094e-05,0.00014595410987803522,0.0002492385911016152,-4.461709217485029e-05,-0.001692151914691061,-3.632272185178867e-05,-0.00064002518767487,0.0006119374134299258,0.0004985145679884012,0.0007597315656233045,-0.00046897624393530746,0.0006068294288795665,-0.00018595940132957778,0.0001752928176638596,4.9609375
2.0554067100152332e-05,0.00014595410986921204,0.00024923859109251666,-4.461709218373939e-05,-0.0016921519146998727,-3.632272186057906e-05,-0.0006400251876836133,0.0006119374134210695,0.0004985145679799965,0.0007597315656143144,-0.0004689762439446313,0.0006068294288710842,-0.0001859594013384669,0.00017529281765500196,4.96875
2.0554067104630517e-05,0.00014595410987271323,0.00024923859109710864,-4.46170921797018e-05,-0.0016921519146955541,-3.632272185632023e-05,-0.0006400251876788394,0.000611937413425448,0.0004985145679841852,0.0007597315656181161,-0.00046897624393961077,0.0006068294288751489,-0.00018595940133442929,0.0001752928176595563,4.9765625
2.0554067113757992e-05,0.00014595410988243063,0.0002492385911063159,-4.461709217044565e-05,-0.001692151914686934,-3.632272184679578e-05,-0.0006400251876694862,0.0006119374134350714,0.0004985145679929784,0.0007597315656280066,-0.0004689762439302869,0.0006068294288842778,-0.00018595940132517315,0.00017529281766895185,4.984375
2.0554067113732876e-05,0.00014595410988272112,0.0002492385911061768,-4.461709217015481e-05,-0.0016921519146864993,-3.632272184641869e-05,-0.0006400251876697403,0.000611937413435162,0.0004985145679935851,0.0007597315656278954,-0.0004689762439307172,0.0006068294288843105,-0.0001859594013248823,0.00017529281766888013,4.9921875
2.0554067105104544e-05,0.0001459541098733538,0.00024923859109707037,-4.4617092179059954e-05,-0.0016921519146958746,-3.6322721855121564e-05,-0.0006400251876787582,0.0006119374134265447,0.0004985145679844031,0.0007597315656185602,-0.0004689762439393239,0.0006068294288753477,-0.00018595940133378746,0.00017529281765941285,5.0
