AF3,AF4,F3,F4,F7,F8,FC5,FC6,O1,O2,P7,P8,T7,T8,time
0.43760647194157276,-0.5053495153319144,3.7761346539921057,-1.7320801350912822,0.4129111849032583,0.3528544816612163,-5.947634680899669,0.9248884848781372,2.306386759363679,-9.20255263574032,2.5317577467066945,5.9060245644907665,2.1378033757756643,-1.395403759044103,0.0
1.188715223956315,-2.2153358250210924,1.4825195844175507,0.5659935343378107,0.3704618620528613,0.6261711169572133,-4.962482114239012,0.6295821934075926,2.748799051496544,-3.86178340640085,1.3917560267875906,2.0309016769333064,0.7132131317106247,-0.707822046015161,0.0078125
2.049406506811287,-6.005452429697609,-0.26869237705341836,2.8811228389239294,-0.11952101289808727,0.9736185995140639,-0.44001907125633805,-0.35784782435322543,0.4114994970569938,2.4658583465994286,0.5690127703198304,-2.2036759647877266,-0.17023959576963332,0.21404725613632086,0.015625
1.4414141381337449,-5.754218216998224,-0.39625192745798105,2.5622216762157475,-0.5485047264536618,0.9067146716076578,3.3373851831383785,-1.4472497313906123,-3.706957120135351,5.034713572335186,1.176125704868453,-3.4769406241426584,0.1915884130557697,0.6802060237528386,0.0234375
-1.3777244866072842,2.9616860178204374,-1.0947246320681827,-0.17899882450964757,-0.3319829515915252,-0.14718525476666114,3.0045884659989026,-1.3979207923249037,-4.408951973588385,2.690252588932132,1.7315666667470904,-1.4019779247207476,-0.5054437717800008,0.45923543264728617,0.03125
-3.652678925761291,11.315896979585157,-2.741136820960446,-2.3456576971075833,0.20907055043795736,-1.6975063046424936,0.6388028308869536,0.7235461540332044,-0.5807987768503093,-2.2985180359107393,0.3562043894673522,2.1401722650849244,-1.7975814616481443,-0.265933552225138,0.0390625
-2.052189933939324,7.393913822463529,-2.24451580212723,-2.1547928604253364,0.3918053425634057,-2.1799943121734837,-0.7251304347116886,3.627048613231501,2.8685471711494617,-5.190911797462372,-2.512031138237057,3.9503571176850443,-0.29783780671815774,-0.870200442090399,0.046875
1.8908634954087697,-4.270473697090731,0.7119292517257892,-0.5393917325660912,0.2599834809019279,-0.800124425192612,-1.3808376669505502,3.7266343501519494,2.9531287972010807,-1.7280990376289986,-4.770058902237028,1.2718559046811346,3.172694979651457,-0.49655572856656377,0.0546875
3.2301045493484635,-8.603071750286663,1.6960400639129949,1.188930673936994,0.1269942082815072,1.0360382693155565,-1.0163664133071317,-0.2268636582428735,1.521070289782735,5.035586001315086,-4.467560148188868,-3.621874077935718,3.4118271708591545,0.6856626161168825,0.0625
0.729672111141031,-2.8522782013158645,-1.0507937800298837,2.47330429900719,-0.1515178816410802,1.3454483425888102,2.3306281326982026,-4.247502130415916,0.5535644628038988,6.2076039499613875,-1.6402397782068137,-4.430075310425082,-0.5145689425139,1.2404314745653713,0.0703125
-1.6274357507528492,2.0956417444722732,-2.986550320916268,2.410378455118557,-0.5009706398307293,0.3633006305069653,5.878093487774432,-4.293774933150979,0.4183995035554559,0.7007599211171187,0.8059520117454427,-0.4785343762355874,-3.3962627768509406,0.6067484823857081,0.078125
-0.9335062451777333,0.5287136309249788,-0.2838779971204203,0.3213933231671373,-0.3602817858665397,0.022267830958038276,3.750542223797124,-1.7250820698905258,1.2867487675257998,-2.387849583354455,0.5481191214795056,1.6250160432409644,-2.3972445554910533,0.0033394246797022317,0.0859375
0.8614660250817352,-2.348398257776965,4.329877580099666,-2.4182759120800883,0.17230891119639005,0.7198706699941164,-2.4440527914001295,0.028129561284449895,2.012379435750449,-0.34980668994923453,-0.07828811796455218,-0.030632335253077125,-0.520995931180818,0.0647288359339425,0.09375
0.8535698502253624,-1.486142096753279,5.55101387997257,-3.3987653281009504,0.31363053653594297,0.805540682863838,-5.134387207475641,0.8996630980513216,0.17078740079430707,-0.7856825232069088,2.0542496529853778,0.23446077361883155,0.1196608190767278,-0.19750299691906786,0.1015625
-0.4532529205136536,1.9493359777045316,2.14417757525277,-2.081121823933541,0.0750311091870364,-0.3602781951052948,-3.451045904999999,2.4264427001192277,-3.665517699117567,-3.886601594717561,4.481417455124309,2.7381886241490103,1.0153150110027884,-0.9270767564998955,0.109375
-0.8048900243444638,4.230552982332909,-2.3255574486732926,-0.023527058729050213,0.1362794460923938,-1.2263806037607488,-2.635283218547824,3.7264236076321713,-5.166419268850404,-0.5170692722996982,3.1671251438531134,0.6544602602741473,1.5177926820211887,-0.7274831626484297,0.1171875
-0.02626519622626779,2.991906937523163,-3.7970223944023993,1.371531028719729,0.2899661547238877,-0.6411580564022723,-2.3289784082561313,2.6878080987926785,-2.469396234448322,7.34960509225966,0.3352169432626706,-5.076945451166403,-1.1725544193634345,0.48674768139103086,0.125
0.27321060644644085,-0.7129872942489975,-1.7596585778302731,1.803853616229007,-0.12568126187931633,0.5256945714641472,1.4284346527196705,-0.8039090544738916,0.7108926992270836,6.844181363973845,0.278251282218237,-5.087859445285404,-4.365343655152303,0.9869701863276842,0.1328125
-0.328079166183192,-2.6433608996956686,0.6830603672434268,1.3740979904493824,-0.6046488511619802,1.0131440754972239,5.307261839027053,-4.459059491607225,0.8609319364030622,-2.011747733424126,0.9772010637797689,1.2807502495361425,-1.760988167122525,0.30888094208377714,0.140625
-0.7911316437704139,-0.45943538790371796,0.736315621757993,0.42332981913515366,-0.2775058506944087,0.5992347915835063,3.5086425863739272,-5.243393869742117,-0.37761216977557843,-6.4336233208443785,-1.2526844024553507,4.929232682402165,4.902086937678746,-0.26369038260576,0.1484375
-0.6838453391191417,2.362144399758336,-0.893333306891837,-0.22963360527047078,0.2855083473709313,-0.3626654439976484,-0.3509758031601913,-2.0243672127625145,-0.015320408402623381,-4.402275776183054,-3.5061541314626448,3.6634447574196116,6.545620179741739,-0.38808482904521135,0.15625
-0.31082326537263927,1.2767536089067593,-1.6943921387993983,0.05394675673286112,0.09105786237041842,-1.2135538432833612,0.36007360339464944,2.341560256336245,1.3067512360985925,-4.04097682733458,-1.9043449974403974,3.0036496128625587,1.4508414319048173,-0.7189576596224133,0.1640625
0.49445475864530375,-2.4814434148218814,-0.9497065932384284,0.8148817428338464,-0.3175824342726154,-1.0625633047783143,2.2346366746889204,3.7362139997692942,1.5501768299057068,-4.123733566049168,0.3092134928730779,2.676210699713202,-2.0377000822771287,-0.8391149194847726,0.171875
1.5491018110003205,-3.6440531745193288,0.08461984198270688,0.7613940269447196,0.07811523843855653,-0.06457246511169959,-1.3069681463097664,2.3952167877662007,1.2987403599343834,1.255650022277591,-0.8647867549539231,-1.1570130473198112,-0.28091866677575356,-0.10230161195491935,0.1796875
1.5277769378810424,-0.6048279159805475,0.5820007835319433,-0.6070688073816953,0.7364853229923529,0.3772230833573069,-6.148309659548546,1.9175861292651395,2.1724952497785663,6.769019315630262,-2.387178253123797,-5.045985124467165,0.07913054581714207,0.6288061289139716,0.1875
0.16671008961111833,2.258772600957379,0.7576287931755018,-1.7439922458758588,0.5396537859173182,-0.011728222761556772,-4.299564603435421,2.31724288253716,3.3752293544884058,5.53990095640479,-0.5867228818745348,-4.331492012769908,-4.568479862390243,0.5816350491261458,0.1953125
-0.6616707019056267,1.1258589486225021,0.6250230860679636,-0.6875960404951742,-0.17477262836417143,0.22593507361456844,1.3991033174843563,0.10259363466551462,2.586442020962338,2.687660374897496,1.874673927504159,-2.362211642655192,-7.266863840767674,0.5226531404793406,0.203125
-0.12386011988969674,-1.5980317242754518,0.15538281530807946,1.4863717687647662,-0.3867557923446966,1.2049840339779718,2.956292387189792,-3.907649272564527,-0.6299077837096029,2.509657592253258,1.6982649468347697,-1.9218927482602919,-2.166335713054326,0.72361648337525,0.2109375
0.0635375306284368,-1.5684176986452227,0.36865709007073216,1.1646440452119096,-0.21962278737425914,0.9483206325064206,1.4937019784615515,-4.3129259978777466,-3.9689795035408117,-1.0368346712042504,0.3813063710221123,1.1609626540845743,5.39223888938164,0.13661117316758659,0.21875
-0.8502853095743217,0.35145477345116843,1.9555611442191232,-2.168411704768242,-0.3354806019268401,-0.7837025097680005,2.639714349722454,-0.40792354381090784,-4.874332218858207,-8.140082770730093,-0.14399668234003676,6.6492766599983595,7.135751285862832,-1.021962204519412,0.2265625
-1.1159171306544604,0.7670263251842274,2.85705027095296,-3.854422564560001,-0.44338627835881655,-1.4566167108011927,3.7852428743388487,2.086492529124826,-3.2614548390028433,-8.030974645382111,-0.27846385493779335,6.494365934801248,3.5198474367799597,-1.063803210237597,0.234375
-0.12521508073212784,0.6639239417898987,0.4455492226395099,-0.7931081135794155,0.029184993974603755,-0.1755853251692177,-0.48749529865595953,0.6491779747169696,-1.1502034133325463,0.43047331593932053,0.2914242663387847,-0.1675340670426817,0.4121899595090713,-0.022095246853880895,0.2421875
0.29534153367122795,2.4314432795024588,-3.294515794608978,2.963621113659794,0.5735509486197701,0.7335146034037261,-5.521689312628407,-0.6939894947374777,0.27022712186372455,5.166049629075152,1.7414022627372614,-4.168053904596733,-0.9093715264864322,0.4085522811460914,0.25
-0.4035867351370992,3.401215505816281,-3.3055174056930023,2.121874224799149,0.3735477225472865,0.07510442710633887,-3.216236098324134,0.38953431862653953,1.438969871241613,3.093249691156491,1.6196773683314185,-2.678083640577251,-3.104429757791193,0.18913145702872905,0.2578125
-0.4115028613270063,0.45335390764117456,0.4223589297874008,-1.198713866651494,-0.19032149750898703,-0.3109828121854984,2.5558662251781756,1.0604405973391835,2.2180175283786063,3.0909881236908694,-0.6299849426078107,-2.283263066672593,-5.333085494583005,0.5525170575094485,0.265625
0.816721607447408,-2.9920997814882755,2.027667349923276,-0.9777533282208231,-0.17303709930285938,0.5793856659744236,1.6556640159669604,-0.008887697010654345,1.7588916323538792,5.791038766940993,-0.974062522235857,-4.262767281825863,-4.212393604251419,0.9697826683173617,0.2734375
1.4725435017993542,-2.527783617397161,-0.6749764133478026,2.501931131220339,0.28798568373360633,1.0810105518034705,-4.099454482185817,-0.3995058305305713,0.7677927910953514,3.1521137508242885,1.6345215893401939,-2.8583884432642437,-0.5423417576331959,0.20467976193368032,0.28125
0.5973329250884709,-0.37265561495181126,-2.4644182786712894,3.2275288303773912,0.28623320072415925,0.24799210238571195,-3.6912695974509,0.01984858762020733,0.7410749645917379,-3.778192602953128,1.8161358702391082,2.1516655720304723,2.028164838069022,-0.8090262969497215,0.2890625
-0.5658686551641734,-0.4015123419777765,0.19097882538389643,-0.29401460669354473,-0.22059419884174808,-0.4963035543233212,3.3630730264806377,-1.2864553203597846,1.25784159512862,-6.981743896368352,-2.3265114818934545,5.253173987456642,3.1416595408515193,-0.6331797206383605,0.296875
-0.7522038279902281,-1.4554783940865825,3.0897846444242623,-2.7520690328798487,-0.4398781914496033,-0.2604716808056316,6.232021818864837,-2.9373990717299803,0.8869850056716616,-6.089962729193818,-4.405474787407513,5.072823769963621,3.928168212856425,-0.11341525929154322,0.3046875
-0.1634560388911345,-1.24274263137368,1.5861108315875891,-1.0288505612201813,-0.23340960348269468,-0.15880095012367107,2.2612771674708574,-0.838277585945154,-0.5449841092250194,-4.527049638322597,-0.9199347895679677,3.5120008170011454,2.714698363904115,-0.40944138039267564,0.3125
0.2770863186439677,-0.4770860145712173,-1.9279853055068523,1.1771396251091102,-0.17944469146281647,-0.893370199543911,0.19938615276954869,3.5255262988206333,-2.531408604161776,-0.5026930853179349,2.0483390110428314,0.34993169592820206,-0.4908481500925053,-0.5688733576677623,0.3203125
0.015350587929950607,0.5970775007058244,-2.398751688740552,-0.01582280437508195,-0.23940656134294552,-1.3905946520138974,2.2099007957648946,4.283384731577156,-4.065085694517464,5.1676997226162475,-0.3025755385308523,-3.1249350688588455,-0.959249818371927,0.2220754708791078,0.328125
-0.6845593641031468,3.147611477754771,0.04906134109139086,-2.563135637521912,0.14831753049733545,-0.7544904909111467,0.5509648759815206,0.8896163031115579,-2.931333692754251,5.351087034249936,-3.0067807875064894,-2.922989475623971,2.01218581406065,0.7089407718068282,0.3359375
-0.9784456864093577,5.226277382093654,1.113411677440556,-2.105533965180712,0.6962396381436139,0.3590328735788793,-5.192108061128756,-1.5615173825785773,1.1868488789103473,0.3627206308290768,-0.5859795656237546,-0.24075790576146708,1.5463734597366947,0.16836234076035655,0.34375
-0.2976773109158321,2.98697499622685,-0.5035895066346363,1.2761538258667264,0.5783164281098682,1.04540141386762,-6.101203524450403,-1.2754724544028073,4.392318795959106,-0.3549423290295276,3.344188173427239,-0.816923928008822,-4.197838873739979,-0.0799415993383037,0.3515625
1.0506650604161543,-2.603513184696461,-1.1732851966618087,3.274074082945237,0.030112574639099464,1.2773787075784457,-1.7804997581061168,-0.7521403834973347,3.951247284812774,3.678853201395294,3.0339569254187264,-3.749883927683825,-6.696593953594932,0.4556830905403851,0.359375
2.1095445854772006,-6.11473590544546,1.3138280100316115,1.6671893003347518,-0.031093953514347534,1.1518679145276218,-1.1915690643957146,-0.1958074785800986,2.264134703398027,2.521519209976954,0.3648146081203396,-2.4221961051668046,-1.746780057828209,0.3097315885986913,0.3671875
1.8266120450730567,-4.6390621454135825,3.362702301565611,-0.7887299814319404,0.23038222279972412,0.4364332353499447,-3.99278195310026,1.5223696433215992,1.1325381784876176,-4.248693052239032,0.1842327336531268,2.6554831297811763,3.112294862616284,-0.7868273582052673,0.375
-0.09933300898839653,-0.15781536689187078,1.4135569203694154,-1.1347400836363968,-0.05123883912353899,-0.5058840938568173,-0.7858151990126787,1.5531700078032618,-1.311067625623173,-5.9299318578923925,1.3822612466102862,4.270441254075245,2.340885260740978,-0.9775483967892478,0.3828125
-2.3240585812127557,3.6738282956121737,-1.430977568461246,-0.6826809074594584,-0.6667513602985875,-0.7502296302128478,7.36117708527082,-2.222244536386084,-4.2085562955851765,-0.6874232382101992,0.2113575510435658,1.3646462740135519,0.08408364375981726,0.278557267100145,0.390625
-2.7045563177322824,4.1817155782729944,-0.9394188080412473,-1.4276120697942603,-0.7131804016079814,-0.3984112657161699,9.36396776282425,-4.477177908308395,-3.5663478748998423,2.3900623799544776,-1.950167977598804,-0.5489638101564124,-0.27521161846775244,1.0634837915600306,0.3984375
-0.9067146905413491,1.328566735771011,0.2102708299071358,-1.465515346673318,-0.2610146429132684,-0.4949995933372325,3.8080262233036968,-0.45918390272026705,-0.699953022187904,1.141163228161661,-1.7151232969995072,-0.3098533126702764,-0.5743693792751028,0.3998124075685709,0.40625
0.9492803009040864,-1.6886181481966973,-1.7358116586265404,0.936906414886018,-0.010788785672917824,-0.8599554331544802,-0.22824329747745928,3.895722149319997,-0.6622707286955368,1.9596708409672834,-0.6126632299526907,-1.3779701870634216,-0.3687699176130927,-0.1955348811587312,0.4140625
1.1794454238766816,-2.0314679003983014,-2.9166765959546095,2.4421753755678317,0.0453208761618882,-0.20892244301856075,-0.2021605931251368,1.328138333954607,-2.1203849163173785,4.969033650882673,-1.4707763748516105,-3.3208491495688204,1.9637466495076643,0.33912237241659215,0.421875
0.5809276872593694,-0.9399138694179491,0.9721304373076488,0.04187797678402737,0.25012798808829145,1.1041918373983823,-1.4397623039113412,-3.2287156702300543,-0.12126551355692201,3.9332162518510945,-2.0141591261928644,-2.6324897735547443,2.683351456957802,0.8037344425203397,0.4296875
0.43234760082534496,-0.4937374781457383,4.73696691290947,-2.5715938557238696,0.427861442789788,1.2482863000039865,-4.6315781751720655,-1.641838270590656,3.351157257607035,-1.0722125191757077,0.5829705017034794,0.2515767925123596,-0.7260391147375447,0.10191239378101795,0.4375
0.3265893625592797,0.44278018197271607,1.952056304857833,-0.7527087148015923,0.39089288519853715,0.2540262891888866,-5.610173172235556,2.008877099919329,3.16563764898367,-4.4852872742117365,3.3366484333816127,2.303414730072695,-2.457432786233607,-0.8764113240802104,0.4453125
-0.32805864935076806,2.300817301985961,-3.2743142219757075,3.0610260388182438,0.31069065217829595,-0.11973215168739011,-3.687312173005268,0.2104522952002108,1.0291812294027995,-5.62070923575839,2.738273819945797,3.419724160092081,1.026376702906693,-1.0660254822304862,0.453125
-0.5741929670810288,1.6200175946185262,-3.697006935824925,3.629066312671121,0.11371266078799991,-0.033669191709291654,-0.8175984462064428,-1.9256646726764979,1.1140715073314869,-7.19394244403545,1.0331341269355179,4.8011556561513125,2.920961518798722,-0.9861511107159829,0.4609375
0.2631591177850248,-2.328875362063275,-0.9823449787539966,1.1152061953056722,-0.35164984840842145,-1.0812847269567623,2.365137080977942,3.173883962357838,1.7761249442089497,-7.503210809241457,0.7849330566122805,5.024557940953721,-0.9978220765151407,-1.2500824561152772,0.46875
0.8473903177494956,-3.8154656421351483,-0.3075890577400469,-0.852321718428748,-0.5752594931765762,-2.260758014016127,4.204054513966659,8.17511451445621,0.3133389447827933,-3.1947677164544706,-0.25667684997894447,2.2900092705177593,-3.5337981283346154,-1.0265015810363187,0.4765625
0.11515687319977101,-0.04544998172692543,-0.35700739475959653,-1.5140087667791349,-0.08924228200615501,-1.0741993033014388,2.2943195248374066,2.7143173115188186,-1.0412234709718413,3.807839852585522,-3.2313102105868503,-2.111945669692889,0.14026571390437556,0.39428125628006366,0.484375
-0.6514970632711823,3.096592492154476,2.1115735045136645,-2.35253290210455,0.4873689313507485,1.5650180531949416,-1.2441722060430693,-6.513376704829898,-0.2554360715247615,8.8332367977079,-4.490036353674485,-5.593681253879672,3.0699771223722103,1.934699779281463,0.4921875
-0.23962466852055733,1.3281794068862764,4.423260477189944,-3.0153049025246648,0.3724048079222601,2.3691352062199282,-1.6659303882388437,-6.983232274863675,0.3690981172714092,10.595648129382935,-2.3421156773859466,-7.2277554762287055,-0.24381079949412837,2.255752819377694,0.5
0.24068368834364118,-0.6907963594428435,2.5379150683739384,-1.8753878355664064,-0.08063774607908061,1.0874068663064917,0.7629710178276079,-1.692800722211101,-0.9806027538272851,10.289722760042084,-0.07752546259547957,-7.179513806673269,-4.011065674454529,1.6639543189410289,0.5078125
-0.26912203069348617,1.1270230532315584,-1.697123580141858,0.6943703811698236,-0.14900112793593343,0.11848844244152677,1.540495748881699,-0.337632233919718,-2.8578836008254456,7.714306782651269,0.5885234316887977,-5.214899352358891,-2.2608333240203544,0.9981186546409317,0.515625
-0.6442314336142242,2.640705753420747,-3.4335725746988284,2.260973690307553,-0.00035820698060388403,-0.11889725287103742,-0.3087861281037119,-0.7009428201570276,-3.8172104310692787,1.7648114707988338,1.8856278374984892,-1.0471221448560306,1.4858016504979572,0.0316335954882823,0.5234375
0.051503305655561604,-0.29418387543932684,-1.5024645099416123,1.623212532206886,-0.18949365468464224,-0.7881963357495383,-1.1134949122787396,2.978370382437179,-3.5174701970854265,-6.601715760411614,4.42208020293386,4.522505702279459,1.8730673549543027,-1.46141453184418,0.53125
0.6475314993136234,-4.2343726721400605,1.086910106129549,0.465638052125047,-0.60352011937924,-1.343120611611855,1.0750157453133449,5.783134142737412,-1.580948439833257,-13.418205669855423,5.505000501546431,9.03881249880943,0.03891197344817734,-2.457362432442172,0.5390625
0.10102755427787107,-4.038502212627221,1.5173372610132185,0.40886329348640366,-0.6759299328852967,-0.8125400368495663,3.4935138057972135,2.366918326370441,1.277540176434971,-14.231582495929217,3.401769753584708,9.629153257999478,-0.4005692851628779,-2.033915620476588,0.546875
-0.803293870529781,0.015998802937177897,0.20273012531136297,0.32335771454950923,-0.20178291332729567,-0.12965295134499838,2.6854724732327484,-2.025928834169086,3.2192070562069004,-8.747516453604149,-0.6713630018703269,6.060994518171351,0.8741333956265489,-0.7987314915579725,0.5546875
-1.0592920162711157,3.8367982296413348,-0.6036194273360235,-0.7330911886453438,0.4567491656421959,0.006818492397114463,-0.8940523906975517,-2.8077015745373988,3.759968367643876,-1.906802636350802,-4.025698837282362,1.527868350334897,2.27858988829504,0.16726998210915078,0.5625
-0.5481424079353446,3.9517749626887055,-0.4013508708338538,-0.762024598536018,0.760864927772372,0.5317213904514675,-3.5041352409479782,-3.3335261492909436,3.4953916565329433,2.334759572719438,-4.643462051806181,-1.4893503860387545,2.911830903899031,0.696846480333504,0.5703125
0.6258818436889487,0.22358913553019424,-0.6382024307342414,1.068910809096158,0.5511418808834939,1.2186804771115431,-2.959019637118211,-3.631428390940123,2.3689351425079646,5.779400109424999,-3.407428540830268,-4.147262263595163,1.8697229765026662,1.0739099846879991,0.578125
1.9033187567717862,-3.387906478826328,-1.2535436403744054,1.5839600979549098,0.24451790716865138,0.5446683917387738,-1.3902981623933977,0.8570823427753537,1.252703045887721,10.260208531165318,-2.931516155601521,-7.402894857084932,-1.5200390765620142,1.233677470647161,0.5859375
1.9979159028215958,-2.8233429188058614,-0.5453642146160138,-0.573010034569453,0.2525422607621144,-0.6478051513017028,-1.8320346684674405,6.075924231605073,1.9051875122041897,11.685492994012161,-2.7582339082034357,-8.46822867750852,-5.312668275586475,1.0374124702738703,0.59375
0.6237549327734129,0.41831748564812155,1.0589928803653614,-1.6797853768475317,0.32038285355879736,-0.13054589429131716,-3.1229030148399595,3.5669822809938228,2.4304318192461567,6.70167428920814,0.09561484156239818,-5.1635596976691644,-5.746425984041541,0.6225034120295536,0.6015625
-0.7028402077556474,1.4216924887529743,1.4529176951514922,-0.04861915425504492,-0.07246378417668439,1.1629781441843348,-1.244729472431766,-2.8525190032315204,-1.497479312609121,0.22888749126032806,4.539655464036273,-0.49300104812379664,-2.0929533851567688,0.19637699362035024,0.609375
-0.9374986181906171,-0.4042791104630333,0.9942825349169357,0.46285408404176764,-0.743455371891618,0.6539333198640123,3.7859292843310794,-3.1325292834131147,-7.86141300024154,-1.9824389177201256,5.6011719661833475,1.827127056497043,1.8821360584167772,-0.1452278196407162,0.6171875
-0.8887341735785544,-0.8382169832233825,1.3055637553581945,-1.7878059375131787,-0.9074169511377326,-1.0140119470828897,6.460588644287348,1.0499835787907448,-8.62817679560142,-2.9164109868215697,2.349393959272341,3.1129146489288755,3.181775606017525,-0.4760207676529173,0.625
-1.2929277564048556,1.7995941624275062,1.0018113956417356,-2.6403568574926597,-0.3476412973516928,-1.5447452601496952,3.6476701836478185,1.7678256941290689,-2.5048449569807447,-7.413351882317972,-0.8172395791806835,6.0006106266362735,3.3424181096729835,-0.991680289339985,0.6328125
-1.4063641221088161,3.8315861531329967,-1.8627759380420075,0.32180202114141104,0.19526351810958217,-1.1333707945187885,-0.45430005773396454,0.06056457109655924,1.984229082995799,-11.580471544939682,-0.8912000449951577,8.28304334013967,4.210993430127467,-1.5483321563357308,0.640625
-0.4656840328789399,1.7738460636163271,-4.776257994945091,3.900945351246177,0.11930282535940909,-0.7995115653559657,-1.103143775135465,0.4752024873361591,0.4987932040892339,-8.777344918850613,1.104975053051306,5.977773805014749,3.5656600263069103,-1.4850132004785483,0.6484375
0.9112805311972375,-2.5933037928769997,-3.858858488704422,4.6877580325628365,-0.17919600483121215,0.05989654858124037,0.03785436726768843,0.8402081788737601,-0.5105514816540966,-1.0178023180411093,2.542060402227324,0.21697356356135586,-0.6307991061024221,-0.5036684385417934,0.65625
1.5116065944258605,-4.49167857139759,0.06336244774783954,2.366120767965231,-0.06069883690440654,1.3085639776251912,-0.315720531195845,-1.1303170533125304,3.4808344251060386,4.672064443395965,0.8015584954877069,-4.1162704963415235,-4.821811163040913,0.7258230497640826,0.6640625
0.9529398627687243,-2.217532213231811,3.174386127569,-1.6776972440674056,0.32496668785442007,1.3711269419135674,-0.9890264176993763,-2.3924830731223303,6.614538610890899,6.751478983158917,-3.8868992812092213,-5.216569797324719,-4.274801154282616,1.4565055941274787,0.671875
-0.04767848142893515,1.3431222267662843,3.882923901687518,-4.655968040262257,0.46649592705446785,0.5360888534073956,-0.6307248809189118,-1.8988798187358902,3.6250262670119846,8.030828519398279,-6.438685136891742,-5.232164127068374,-0.6509180386689374,1.6632013103025416,0.6796875
-0.5811859005710234,3.258048585252568,2.9660750480545475,-4.156540931450998,0.4132948769719587,0.47556584848300354,-1.6053139972685544,-1.798251992145921,-0.7017333152020464,8.166679611277448,-3.3315861752888996,-5.162682193896197,0.6059517970282217,1.4450570116118315,0.6875
-0.43096957814755427,3.2858960702244366,1.4682796618447165,-1.8207470578769527,0.44505828553543925,0.6205313345299257,-4.194169290916343,-0.7272138939755453,-0.4765523064813186,4.603514576464048,1.0944631759390757,-3.331980658628637,-1.1638324915763405,0.6214536769329373,0.6953125
0.12213415027158882,1.2913989139071218,0.4710927556661399,-0.7737773903348252,0.3194245323424597,-0.3607116785467258,-3.9138500810097216,2.893181610213008,1.4445438996670483,-1.5201196564252335,1.6900010424230583,0.6498514394635412,-1.765219510927613,-0.5504107112811841,0.703125
0.7982426425342349,-2.953868930671334,0.19060505757891938,-0.11270977960825909,-0.25417870286624583,-1.2845652757420434,0.7571032742188261,5.002972706163555,-0.18558180702510158,-5.904979722688906,0.8225036537529129,4.078753939249216,0.3199320136329944,-1.2705191088097545,0.7109375
1.044211987308733,-5.975321192057107,-0.7660792798929386,2.0525424410656967,-0.8256482398536993,-0.9141754790452399,4.970437452551451,2.9081694485197396,-3.8518049138096164,-6.387504577333624,2.02418710000159,4.692919823069571,2.2606406208968006,-1.2245721945935684,0.71875
0.27546196665473616,-3.44389437177631,-2.621916790892142,3.390869326319986,-0.7550531277100587,-0.47305095938148345,4.858207945273487,0.36152034993811183,-4.854890316490955,-4.491151198287741,2.7466267467032446,3.4017485260902993,2.4476672859701556,-0.8331880962691682,0.7265625
-0.8532732072943447,1.8828592887984954,-3.114014033372619,2.0679160900653666,-0.18540013387875373,-0.44670863781360215,1.8274478026941694,-0.8401637110585028,-2.586638097574546,-2.3904226157869255,0.9966712327049329,1.9530336310733891,2.0815605037312452,-0.38562806724194226,0.734375
-0.9612315345629053,3.222233801358794,-1.6148124980688743,1.3100770378599855,0.23183808159020977,0.5991566241926363,-1.1740724119754677,-3.5376145122829334,0.49973824207977874,-0.7303328229595568,0.3065730985354344,0.4603195158744304,1.2446453130736714,0.1468675607537403,0.7421875
-0.3049037032433737,0.9803337894684117,-0.7360595389181552,2.728379257709483,0.24844928422007273,1.9729781635156602,-2.288006774338913,-6.119889443709658,2.7123348744897866,0.42960671174174075,1.9189780387425208,-0.9805066277557443,-1.074968290493095,0.5123942185560153,0.75
-0.3768084234680804,1.183499249718736,-1.3396308195844833,2.2646019395127066,0.14434726106597126,1.1278357428231929,-1.1845259740213052,-3.4058978762527214,3.069886701214049,0.5571627952919811,1.6250544331136538,-1.0400552414002617,-2.969797322356321,0.340947317802503,0.7578125
-0.9277533366871208,3.6046120131098434,-0.8068788442751408,-1.6739687582137648,0.18248020605954512,-1.1416574621467313,-0.03694407780997855,2.403430760236394,1.396861068931011,0.05486888470713519,-1.7031701767600511,0.1525648816993413,-1.4211315028380647,-0.08804449377285041,0.765625
-0.3883115839790192,2.632162568686939,1.5641982062856419,-4.374690059059219,0.2781581424751903,-1.5792888379574184,-0.6377833152913698,4.190641824477915,-0.38859432569025065,1.3143301253513584,-3.9663306541398353,-0.2166733532096363,1.5824831791573055,-0.01705534378531354,0.7734375
0.8586449077054743,-1.4041594631214158,2.8046994704193096,-3.185816057471047,0.1700679116767003,-0.2190512513663967,-0.7026956540185252,1.8904419867792144,-0.6606332574662404,5.370038552108064,-3.3757696326393183,-3.328936106092272,1.0888338868297385,0.6862954538979553,0.78125
1.067794123832745,-3.0342601335567885,1.6761494706456197,-1.2063117742991816,-0.14920510476293392,0.33476087658000686,1.4247771293981002,0.753439774035564,-1.0752758657445995,8.23439404577698,-1.603234793350496,-5.604635210078975,-1.9600493913447978,1.136417205118823,0.7890625
0.44326644248074343,-1.7869585274622293,0.55898215577721,-0.5272975153181939,-0.3196022657116736,-0.10901954333760142,2.0177306876058303,1.3180354469962678,-3.2291351949744653,4.77965439013794,0.6657598413222863,-3.099972428074878,-1.2195880796455143,0.5097486154240398,0.796875
0.363829009235167,-1.413664866258699,0.8710470666217102,-0.005173006126506784,-0.14856228443776007,-0.11413621596264381,-0.7708429761302034,0.8227864814695156,-4.2910563206401005,-3.4951656371222284,2.3310147259262104,2.6901658732606815,3.9089563151685334,-0.7410980262083887,0.8046875
0.402726890811462,-1.6832874141687284,1.2281862723738228,0.16101040597156757,0.03641537680498515,-0.08722194340932311,-1.7113489767601033,0.011884486881581068,-0.9756222596176743,-9.051952066243526,0.9238693934809373,6.409610459705421,5.685836859159927,-1.34008346757967,0.8125
-0.4657105663750884,0.16734228531240233,0.49903551918001304,-0.7973763786297784,-0.025661949204517268,-0.7122650134672058,1.4475938196204001,0.6078349175375457,4.125239401085446,-7.515665700279299,-1.9020756361997733,5.208126591916305,0.20798362227512343,-0.8371445912953172,0.8203125
-1.1740037546219453,2.5575338311694975,-0.854427693935059,-0.5473020443183207,-0.042316691353321924,-0.6503219873831593,2.2469098196503614,0.6530279840247359,5.713640944790508,-2.206743003645287,-1.0987222014258813,1.1894699381436915,-5.728946723922127,-0.055125593088667324,0.828125
-0.26696522223232927,1.6274206054171159,-1.9037269986959031,2.4708361220594353,0.21367304986260097,0.8832665920259245,-2.381020983784466,-1.5711227953030629,3.586857549995262,1.4708427910363824,2.7643668555747247,-1.935883013100839,-5.20322769098762,0.24287120102829102,0.8359375
1.1749378259818744,-1.6951739719178036,-1.451807092298196,4.4179763327160035,0.3869323151880333,2.1154864626935685,-5.573448324338091,-3.536691549513923,1.8147231730464357,2.247194984714796,3.8688632709708335,-2.6791421234853305,-1.353153439754305,0.257503757652787,0.84375
1.0521453792764996,-2.410058498883163,0.9218365055761741,1.6082899099753973,0.2177188733565557,1.6455075487366868,-2.97965419394683,-2.9388306677637446,1.6509024965673915,2.355113856288066,1.2095485421072607,-2.2527262018661878,-0.5546803153571669,0.46728584335906015,0.8515625
-0.4501978672763315,0.9553821152990698,2.7341702138573463,-2.596341049745652,0.02748392866835555,0.5444569040901007,0.49226603715971695,-1.6557180064240102,0.6457792595765289,3.557539564414806,-0.881026116281889,-2.3714609128955177,-1.8394213053855186,0.8314415430047598,0.859375
-1.2146345965639904,3.454714650812567,0.9927391177980763,-2.568521789796811,-0.017700944597027594,-0.060990261763687076,1.554167209516822,-1.3163399191630882,-2.1511907364430454,4.953466540594288,-1.1499112304782801,-2.897038329736095,-0.5090608318687088,0.9275486905555835,0.8671875
-0.32645081666417775,0.6829729523141334,-2.5895209172290654,0.7571561403928895,-0.26708458639088806,-0.7611644848897933,3.4450790845045267,0.3138948484713701,-4.735647839086174,3.6123115926060967,-1.6429943880752695,-1.7351193883107885,2.8575219402465137,0.38658021518441593,0.875
0.7186758237400871,-3.801000344389026,-3.468853271075886,2.044485833564089,-0.695291934942742,-1.8606949664547405,6.351565060283467,3.888491190598743,-5.229191841468563,-1.828089511056401,-1.9886271203877024,2.1549690826065286,4.394746545985347,-0.682905602975647,0.8828125
0.31874264263976737,-3.0920807875927343,-1.6342123678229628,0.6225238332725368,-0.6417852900339877,-2.051248523731996,5.177958794796724,4.636359623033483,-3.4433438909646696,-7.542058052764498,-0.7140985006205256,5.938234674763936,3.8728794891822966,-1.443757960106828,0.890625
-0.7826329026362938,1.9254535589744657,-1.0661940885492922,0.48215106810362207,0.020615666114111683,-0.6458596426421499,-0.4101044781819275,0.23254016332136287,-0.6840453254085657,-7.592490467402289,0.971084649368155,5.456520807851029,3.2314496397055783,-1.1278918335466794,0.8984375
-0.7723808821025191,3.7570427770471015,-1.6629348013594705,1.6328057002214937,0.4650931788243343,0.7093774858846619,-4.105000135036239,-2.975324400549473,0.5604603610841439,-2.0930919477470247,1.5820866570084797,1.1925486164108094,1.93984059616995,-0.220960597470952,0.90625
0.09778453707600636,1.0054882945069576,0.6471281559088042,-0.48644362677076736,0.2189809107472151,0.3383704895795301,-2.921466512170908,0.3906332757027658,-0.8659913151156966,2.296790078145601,1.6690604340761526,-1.7831289450127106,-0.7613055070353298,0.15696776765640888,0.9140625
0.09252853343396157,0.016962287929564404,4.843384942724258,-5.286816937213175,-0.06965946045532688,-0.7481134319939331,-0.9640913405185003,4.716608464049674,-2.167527368466504,2.194997058436858,1.2637480286146119,-1.302093995773503,-2.599050962640108,0.007949626324129306,0.921875
-0.5472525174626117,2.465622475187804,4.5951403009701455,-5.5949203018902445,0.2377494224261167,-0.49883190405492955,-2.029862278038983,2.609434126453453,0.22488336081370103,1.6530529647332894,-0.5839729233494968,-0.9181287901305047,-1.822674891869969,0.20780479341015567,0.9296875
0.0351060517088288,2.421794351623242,-0.6930251426156059,0.3374073344398651,0.7200535064819684,0.8004284218100444,-4.1894381916138075,-2.2908920011149307,5.153918584451642,3.578347892923449,-2.940912351865488,-2.909796857307505,-0.7576213612018514,0.7299134490204047,0.9375
1.5593157438974663,-2.100747015620926,-3.4545058676205134,4.540175703088201,0.6306364482021048,1.285435036445209,-3.4117669375089106,-2.6012932143026175,8.152293232825286,4.5883650412843915,-3.7092973356362418,-4.198658564923311,-2.0954860038696403,0.8072370180283374,0.9453125
1.856915200683328,-5.444302146122339,-0.011615628678499681,2.111194076228182,0.07262868461242006,0.8648586177772092,0.18671723375809132,-0.3761979511970105,7.395707522220178,2.404837235160847,-2.6693470655818787,-2.5623858346164483,-4.362701493245069,0.5266003266103328,0.953125
0.7266957864585786,-4.211911599832697,3.5486542507677616,-1.1099546441929553,-0.2659019307406428,0.9576620086760989,2.340959838766544,-1.5769278630074837,4.497652126953577,0.2675108433789715,-0.7428301432832699,-0.6527293040470342,-4.279659902492735,0.4988449397298907,0.9609375
-0.14908816681918965,-1.488821976346057,1.9600017490829877,0.37871886582180514,-0.24446438277826146,1.4628125429375394,1.3657834873109183,-4.327563156198953,0.6334324164339692,-0.09610439416658989,1.985525494631749,-0.233968462384243,-1.7009175227052353,0.4562131419956595,0.96875
-0.5833849211901525,0.041393912211141706,-1.0745230876459748,2.501237897653023,-0.38483081033693095,0.9214135419987539,1.3295839029423473,-3.4906402918185777,-4.269082616693966,-1.6476335674935827,4.7961726907194375,1.0991227401747383,0.9012160286114015,-0.13746557769571188,0.9765625
-1.5168537562112168,1.3325161555581733,-0.7005502099296202,0.20808452372846578,-0.820640362854746,-0.7393595614529094,4.944449781136503,-0.15764153403808015,-8.791295766749686,-5.041219530023339,5.116678124468527,4.279231413133035,2.721476895820048,-0.8304041572198498,0.984375
-2.1840218955857837,2.8082658856583746,0.6336862933562715,-3.162813632698661,-0.9021666766178266,-2.113154690334424,7.278488998476078,2.2594667221328804,-9.703638413498163,-6.518814437658996,1.9329141338696152,6.072125575306349,4.626906263898549,-1.0201941905216196,0.9921875
-1.1701257962944989,2.910884847970998,-1.187641788618328,-2.0192877112911862,-0.2551607777433603,-2.2647818784662093,2.882552357986828,3.9039553710689425,-5.686961595818278,-4.578178952404565,-1.159429181682211,4.361094210157069,5.257262497345163,-0.9877608979885788,1.0
0.6725091823244866,1.1613409902686196,-3.986364659669554,2.3332802576828913,0.4694222212559433,-1.1038521697134291,-4.348149570159082,4.195845139664365,0.06478082094214797,-1.3532892466165214,-0.2629714280876073,0.774594291474907,2.2654962752062366,-0.881073963629323,1.0078125
1.3644992665927236,-0.8170230755122045,-3.491100969646406,4.3973929525433135,0.5512468925300532,0.7311312416452712,-6.0974691636545035,0.7757928625583091,3.068709751507676,2.2312397515782014,1.9527673533523608,-2.609593068667904,-1.9244071973148076,-0.13682325811886717,1.015625
0.8000936661551238,-1.2984037276335314,-0.8354224681974773,2.2046507192630656,0.2664494008952255,1.4779279122960531,-1.7396850617683217,-3.2815534863765996,2.9719159795055576,5.852580497504979,-0.8093869025183905,-4.639848865626173,-2.0174328028385307,1.0425162365382012,1.0234375
0.25786794402079066,0.0676302292552753,0.1408631056441891,-1.433980005089868,0.27066726173988326,0.06195663052020007,1.6523950446596962,-1.742281685565264,2.6765281048784364,6.978048742798138,-7.350715604721057,-4.35512369595319,1.387711596075899,1.3833022881582273,1.03125
0.10201773368417243,2.166171090494828,-0.3054688015824313,-3.1609019886729026,0.5310402898694591,-1.5259196942615332,-0.3492947227007796,3.1846035019000594,2.6953432801826107,4.398064112107295,-8.43946960286544,-2.3317813631806144,2.4584919439208828,0.5726397888965707,1.0390625
-0.11576910561254518,3.071391050895921,0.9048794912927144,-2.5729270384514433,0.5776112489213743,-0.7754841851209924,-4.630928391309493,3.3608992565271687,1.3918219435689874,0.45690447616488045,-1.1954942012738528,-0.32185988398038845,0.09196471452495743,-0.2456653599130366,1.046875
-0.32111126556503794,1.4854743882433625,3.5572858166037533,-1.6798802444881067,0.2564339571982353,1.0278424416095924,-5.122785042905839,-0.8578427914794527,0.055302234577614844,-3.11184652842714,5.164039660379627,1.5859671116617424,-1.5820009363389818,-0.45494739509207655,1.0546875
-0.10710872936499923,-1.983652182382226,4.159058616003719,-1.2682833265558737,-0.2705390383915813,1.0409434548556682,0.1251884418933924,-2.0225345608436602,1.1633803438018282,-5.419711816525752,3.7694155612027385,3.322926548406938,-2.063456254429789,-0.4394895707251912,1.0625
0.4318610964558149,-4.954769020197232,1.6786179001736266,0.2281368592902303,-0.7076577248352512,0.11233673403817396,5.846070117375799,-0.22692154351230823,2.7370812090578815,-3.351009138446257,0.2414666801596234,2.071738023960874,-3.964461679207954,-0.13743576280247785,1.0703125
0.764922388180164,-4.985218481098169,-0.5534495408826247,2.679403078859188,-0.6574340873557069,0.8695414933351431,5.134572514457905,-1.7516583675447723,1.552477338093645,2.744292546266356,1.327430738404913,-2.411369903911354,-5.350181342713918,0.6368295654582761,1.078125
0.40453460947045133,-1.8419381980445295,0.18469435322376324,2.6217690339597035,-0.13300565925421773,2.113248419159446,-0.5760976606650289,-4.88294647316871,-0.6597191174680411,4.44756039877578,3.768920095898994,-3.714059565863808,-2.6191212303175155,0.8840200368401034,1.0859375
-0.5913231793156353,1.9570030212402,1.6361099495954423,-0.8370279300821856,0.18813853747639223,0.7197432392489772,-2.65865009979031,-2.259778022032926,-1.2303508270992398,-2.2052832425203905,2.2238927968180384,1.4994158394261972,1.7403237290283105,-0.18222808809322646,1.09375
-1.2353108778305626,3.39143694043444,-0.11960081180514591,-2.7260426420640482,-0.049710125183445,-2.147568785017741,1.2064136462130357,4.181748216921325,-1.8302367275865858,-6.941068211011823,-1.1723813382947235,5.579098890433859,3.0909196676112027,-1.2256104035322473,1.1015625
-0.4942279612725125,1.7067271357742881,-4.031012689162215,0.3896883011199605,-0.22895312090553177,-2.426771908220056,3.316966871057414,5.180530589141486,-3.2674130260259777,-1.1755140567028113,-2.156023303804217,1.6026416017639418,2.2618684676461505,-0.6774374403703947,1.109375
0.9542500748886175,-0.971236801040585,-4.887228043812844,4.146298515116179,0.11661703642941504,0.09317075277257127,-0.3766946103809512,-0.2684388849038122,-2.3695903019458986,6.441196857665761,-1.372347266788141,-4.393300797793139,2.298899805420373,0.5869545449604746,1.1171875
1.137594477501169,-1.5498741740395559,-1.39297648430638,2.9918485134884905,0.41240555155409253,1.6088254562991273,-3.329412576062028,-4.026589575063865,0.5529244957330511,4.810378786955359,-1.0712539817337852,-3.6492615829460915,2.710438568646718,0.7916796797649495,1.125
-0.3395595180125429,0.8110870437382474,1.6143740970650642,-1.3161066913126283,0.13370473059247598,0.3713492842875707,-0.49750498325958004,-1.9933778077810125,0.4627996041634694,-1.225271185838744,-1.1464191865660691,1.0362985642862947,1.9818390343197365,0.10284729490839593,1.1328125
-1.4788182197802897,3.203973823188036,1.0584971057816797,-3.4591250929764414,-0.24081884478953353,-1.428515456657791,3.2109303438695203,1.969246429241963,-2.504795674130655,-1.9946914928761208,-1.140542446855998,2.201948801611695,0.8452443187232397,-0.24548979712415153,1.140625
-0.8836041288864251,2.332158801750404,-0.0552829889951376,-2.473301109820462,-0.1799521318044336,-1.574109605816828,2.362536627372062,3.417973107380816,-2.555483410361199,-0.13774055617415923,-1.0911976830828007,0.7642922649696428,0.2946744546171605,-0.22073849494476783,1.1484375
0.22212552169356656,-0.61790001741211,0.7941965046556856,-0.6359156401776753,0.03291408297535613,-0.3156638845013028,-0.6501498702488601,1.4575532435872767,0.9269815261965159,-2.5322688031175575,0.01494105969995009,1.6852196430323767,0.06680554255488708,-0.4446283581418355,1.15625
0.17064265084488597,-1.2877448445872248,1.286533761666194,1.020891074385581,0.056601817317824134,0.9238257540694278,-1.8510692609052668,-2.035312149287336,3.092470696641909,-6.072526141213471,2.420299987906726,3.5802901592084924,-0.6467753313439645,-0.6520815334124225,1.1640625
-0.530228506449529,1.1499623462179782,0.0634299073523062,1.6242735473536598,0.11869211739627217,1.1837520557004844,-2.1645526116856,-3.2039231641388826,2.9697213114217558,-3.624984553716963,3.540807559820509,1.750569223474687,-2.613402314774792,-0.2602125353712697,1.171875
-0.15326887258192023,2.1065732355861684,-0.013002100841829156,-0.11544763345268941,0.35098876956676955,0.520336281689545,-3.2761568488853348,0.11453582631935001,2.798907367727123,3.8248184013782134,1.3690690446651037,-3.2841808466681326,-4.728990497226639,0.48458269676799187,1.1796875
1.479382000257313,-1.5420362200796751,1.8869301493126887,-2.166800840834463,0.3987313867934051,-0.024058277361918144,-3.4943310172166893,3.9013820263387475,1.969313489340409,9.142335371073958,-1.887809193303379,-6.6810898040715125,-3.917075238433205,0.9292378204181827,1.1875
2.4396383948720377,-5.742821047340518,2.038818716302932,-0.7177438932340431,0.0921903211992038,0.35766904873128835,-1.2674557065449499,2.5169035508098387,0.1398157027905932,7.800454669350098,-2.563859135180332,-5.525547721927101,-0.40253619924367007,0.8283656414522769,1.1953125
1.2176321821490061,-4.527212481265949,-0.8202620125828165,2.758774555051132,-0.2340132992757299,0.8505751494533075,1.7623845994438594,-2.1236815944264547,-0.028209763213617307,1.3023075858877526,-0.517037426059391,-1.0579627857506504,1.1111431839026675,0.3044856223688289,1.203125
-0.898861211201141,0.582888382478043,-2.946813608804224,3.1172447342490437,-0.3285111105664635,0.1589518170660133,3.4587361672682317,-3.021819401395644,0.8942254071169667,-4.499141854856428,1.0068305114838545,3.0220965377952553,-0.20622404356261567,-0.3346568195813704,1.2109375
-1.3824769011156945,2.4954026731695818,-2.3657602749213757,0.6085309814615439,-0.3176186991762537,-1.1046502479215363,3.6857683334670144,0.32461328805408923,-1.1598900581932827,-4.920846786690359,0.12460522359713107,3.8289363050011236,0.8348788704675163,-0.6450915475646148,1.21875
-0.3355394382397286,0.21110437395425546,-1.297327631461775,-0.16279780447446038,-0.29277676145569353,-1.1566377359652023,2.9222102333240434,1.3990906377310037,-4.91657042752219,-2.053909110070062,-1.0809827849274884,2.298663887047674,4.936723379344552,-0.46854213014034024,1.2265625
-0.24211548322201606,0.17295314573486661,-0.6442707493925725,0.4307764281714967,-0.15017904414893185,-0.11113795898578688,1.1985657452263645,-1.415330208751011,-4.946548414208439,-1.303013858342143,-0.11332573191725984,1.5859455796363762,5.725384886535521,-0.18936116949385154,1.234375
-1.35105467965776,3.5227079640121723,1.2658108487279562,-1.6118117290868355,0.0616324986776969,0.20373763620562305,-0.5836789157514547,-2.1719158082779777,-1.658904216299218,-2.549828782211026,1.3616001141074845,2.044262119626753,1.5971074949465696,-0.13323289996544324,1.2421875
-1.1462480576837442,3.2627612063976987,3.782563736749192,-4.656503371212511,0.12393692911472916,-0.386193198181056,-0.8896542767903328,0.9752996537062413,0.46883228921223785,-1.3301454942112887,0.1542901012828409,1.1393598934149551,-1.459819704581973,-0.04248251968219205,1.25
0.5528028418159663,-1.5343495875699156,3.8302641425118753,-3.566993865209793,0.06338925055072353,-0.13381624949004892,-0.19262744986387142,1.814047506931844,1.700642957419273,2.0419088526518476,-2.128952057265592,-1.341095522938441,-1.465239725768905,0.3561870401815784,1.2578125
0.8499095590190653,-2.380025865357046,1.0354888015899544,0.6267195849705625,0.12983308920962128,1.1002588671027982,-0.7544062914855804,-1.9940733153854737,3.8585751470899687,2.7703701657268764,-1.089430820897468,-2.4418493174293823,-2.3639069143544393,0.6506697062020459,1.265625
-0.6048315514161762,2.5320266185101414,-1.8394501181146317,2.5138513346743148,0.3103066867895034,1.1850104054984203,-2.6606572884054365,-3.433339609576316,3.940478624730867,0.3697194586962286,2.1923885089978534,-1.089435575838903,-3.691903977034754,0.27719490635995975,1.2734375
-0.8250586183848071,4.276241083577689,-3.121905310403654,1.422961800723465,0.31255077366965944,-0.5479010865270698,-3.0442355936139283,1.5791834124379456,0.2794383250364995,-0.9032209098754521,2.2248909810361672,0.3220037025185222,-1.5005490578104292,-0.47140509305573297,1.28125
0.6731263009867747,-0.09865681657920745,-3.1025506208073055,0.7813329296403518,0.06356058594703813,-1.8620430489004443,-0.7538375001188771,6.313077827757356,-2.174996365700831,0.21738561228666023,-0.8760241280268068,0.11300344737023106,1.4429699211107607,-0.7336108412944151,1.2890625
1.253564103667897,-3.372931774731516,-1.8840120143126928,1.425592895894606,-0.18836124236238413,-0.9985477787421858,1.3714131727949768,4.18073061939357,-0.34589330690423403,0.8557273727598376,-1.0956176919175225,-0.5899185282254918,-0.28054758275615727,-0.3279246119567383,1.296875
0.6381297163530131,-3.065078094221598,0.29459938123791657,1.8908407588747618,-0.24463003042670872,0.9397955582839652,0.712715501958243,-1.3943018202926516,1.4837746226097983,-0.24138244661487926,2.441606799314706,-0.43417859236816986,-3.0869913822218873,0.06983427277931928,1.3046875
0.7967428498642577,-3.3850477007222484,1.7487597756579278,1.9020412604335166,-0.10628846000994621,1.9038135907578344,-1.41622914590626,-4.0336914816275575,0.1321196824951515,-1.187005676229681,3.5979720651273746,0.21452188325619928,-0.23594145911729944,0.07215481839019654,1.3125
1.1886389079249111,-3.453613471516243,1.288490971888576,1.2826088285625656,0.08950965628869699,1.3242330334107357,-1.8076352498810058,-3.161842040650614,-1.279021746887252,-0.29877155691665325,0.09937690331285523,0.164284785737703,4.47015037115871,0.0934690737074627,1.3203125
0.12880588956033456,-0.18191115340514724,0.4264212695178529,-0.820964349927401,0.08814857013856403,0.05447046664387537,0.7558665090925516,-1.1954979450242533,-0.4667861891944027,2.2660013926742852,-3.178898688130757,-1.1393998442179478,2.763599141839435,0.4956049867869445,1.328125
-1.1095829464735145,2.342493274216488,1.0732112309562203,-3.3471997730183443,-0.20196341097266304,-0.8111510529833617,4.258262724544224,0.6030804325951744,-0.1430355550765864,4.656100516623534,-3.297647916983048,-2.6048512426461077,-2.3424285736167687,0.9178552258858056,1.3359375
-0.8772532891814154,0.9427993256361287,2.046364696545722,-3.797886126381933,-0.39840904058467747,-0.8619912320029582,5.1612901316454325,1.0209526447338095,-2.0745031980793245,3.920205008108024,-2.5936993132323747,-1.9228979244611095,-1.337412567167951,0.7656189400556512,1.34375
-0.5617572410718786,1.0234927733388217,0.7404869541212865,-1.954515368396625,-0.11955276132037948,-0.6860845705188457,2.1282703743835985,-0.039429490175925494,-3.3712682719401252,-0.7836025079005651,-2.2288053627446196,1.4129907370659638,4.462227594327731,-0.02716416748080276,1.3515625
-1.200722467597286,4.49686715943128,-2.104660124754106,0.09256892063127771,0.30428594398128617,-0.9002450127106563,-1.640048093417873,0.053150230050000385,-1.1574238876591485,-5.60563886654976,-0.7446628411920603,4.340966693104202,4.938971951653972,-0.8744544104850704,1.359375
-1.1199292877295806,4.312496662119305,-2.7383254038211073,0.9376273900580155,0.28036424755139117,-0.9920151265476105,-2.159212742099716,1.9730727041806475,2.674555234914557,-6.051177058683908,1.27771996268537,3.8888217205903923,-1.2156148587306768,-1.06552245707054,1.3671875
0.10558933887556236,-0.5376982151787244,-0.24726360623096064,0.6769085815785346,-0.04589545193378811,-0.20759126254197877,-0.5483740167054014,2.0812882184140613,3.700637129785533,-2.768247281773591,2.1041778191719867,1.2186371091549606,-5.006280548764608,-0.5201010990570483,1.375
0.52142765115281,-1.905889062216712,1.572218540375136,0.2618174245635495,-0.058424974869873754,0.8272688060895419,-1.056525368497747,-0.5281568390612131,1.2967346205391461,0.26650202251599314,2.429282226204809,-0.7314910337799516,-2.959225025248402,0.07128227897074862,1.3828125
0.0456852377864718,1.0280303969651026,0.08171624972164333,0.8611889015479774,0.25073040974854355,0.9189407427071424,-3.5789259502469957,-1.340930443774687,-0.1233748890663471,1.4291401221325126,2.8711579739925295,-1.4536449055949519,-1.116323455827689,0.13161464178340657,1.390625
0.38279367589848684,0.7813191812381225,-1.9026710380715555,2.0426538664974725,0.3267686239721296,0.3323478053718735,-3.712824476056527,0.6952225431690068,1.6549396596309371,1.5252382572693732,1.888497047962896,-1.698107591168644,-2.2554872379878543,-0.05958340156004363,1.3984375
1.0127222279964663,-2.6018511182297344,-0.7048037155491553,1.6795847423308181,0.037677084083128094,0.3234419911435135,-0.6233609140619036,0.44478001955790575,2.2608107629018517,0.9916409642626071,-0.21165306940183104,-1.1343244001062318,-1.53377573179981,0.05740698899239334,1.40625
0.6361815415961901,-3.1603349916626757,2.237569984290914,-0.3106255725102279,-0.18686209763131842,0.9507501236835266,1.3949463666597304,-2.9345839110278753,-1.4826860166361187,0.629701071714231,-0.7859176251510409,-0.2024882132152051,2.815672615518874,0.39682783454008935,1.4140625
0.5082247603507191,-2.4202854407157384,2.9112185011859832,-1.1082126451588818,-0.15691218654892666,1.0160268993608645,0.5657486020758954,-3.1951847657195565,-4.700160005497893,1.6020734125190301,-0.11957303645678631,-0.5563987478985986,5.197977525536899,0.45389060351311744,1.421875
1.3840566739377473,-4.072508563916239,0.9378530341290416,0.11556397997827801,-0.15122969090827995,0.09502585338369271,0.4299706858548364,1.1210104191316521,-2.486382892016887,2.2806499656163375,-0.6803245083382091,-1.3804772091960458,2.2747674851103588,0.12963308296565304,1.4296875
0.9402842209536492,-3.3913578195411387,-0.9346421291057836,0.7774010191264854,-0.2734668343421155,-0.7932968641241308,2.677870729067253,3.0380191515487693,1.3206575289249924,0.09809037477719616,-1.616905233798695,-0.11403857647339621,-1.5544607661622214,-0.17647051933645144,1.4375
-1.4218196823086848,2.8195024638602497,-1.6331234847250085,-0.039786847802548285,-0.20805277622717455,-0.7347386645723455,3.4842254676482183,-0.4296481634508514,1.251268304886595,-2.39780702321468,-0.8088281366510216,1.8644078355994387,-1.6334655040228654,-0.11266640872101595,1.4453125
-2.3452672061904365,6.814777607383945,-1.934216802016749,-0.2770523949877539,0.13259333184188776,-0.12484435666801955,0.6515275141653182,-3.100727477466477,-0.609962257104746,-0.612142431894894,0.21059989497767126,0.7486062195163474,0.21448231117480254,0.23161796229881715,1.453125
-0.6633994763365628,3.32014786902252,-1.5932684734091418,0.27679777440246034,0.2836461910547177,0.035589342117738273,-1.4863571056098661,-0.8608457305515168,-0.05933143478052026,2.9310393310966734,-0.46921242953799824,-1.996000588281957,-0.13168750325504552,0.4110431354815228,1.4609375
0.27555654687272907,-0.43907482572192463,-0.18101758322662215,-0.6217702859902252,-0.0023783249317131288,-0.5910151559892133,0.6242813542267424,2.35824051725408,1.430346488220144,1.834693473175922,-1.3665109487631504,-1.3161039543007487,-2.1366825984435764,0.12909398097198369,1.46875
-0.8589157376659567,1.3893774853307639,0.9944229613539526,-2.8257165424782116,-0.23165406325178517,-1.4226504349304079,3.10781156566376,3.0632314961779104,0.6849561517857947,-2.4390827245090665,-1.50975537255178,2.0847716354442807,-1.6976381927834472,-0.3385466062613566,1.4765625
-1.0876509552730278,2.950003681846406,0.9726010557718835,-3.3648079181952686,-0.028954735629384602,-1.524030608621631,1.4836497386750906,2.7049817223392982,-1.3695970595254277,-2.8594780370623707,-1.9655507673184303,2.714109845693837,1.83814140750678,-0.4599649472549551,1.484375
0.6860507666928818,-0.9421397815173999,0.8313223274193183,-1.1150977827033768,0.15414812909794193,-0.41781226365288743,-1.471891342345977,1.788335605793341,-2.0305527546429842,0.458797144847971,-1.5131898505577852,0.05806442646363961,3.6854116726361315,-0.168891050045546,1.4921875
1.7364437521564877,-4.9865023853695964,1.0491103208978716,1.7970591466344705,-0.04032964593135238,1.1625345357944998,-1.704848132245545,-0.8419151496348811,-0.4811050155916996,1.3625403326867327,1.6039050846430034,-1.3830686556057672,0.6366923836546587,0.08905913850709192,1.5
0.9670346360214641,-3.46954789124424,0.40851644719223773,2.9750009990068755,-0.0909659616252881,1.6939684208229857,-1.7071316689560363,-2.5648592340617413,2.0281464772794715,-0.5566382094707499,4.2555552280857025,-0.6135071434132195,-3.3335815970210447,0.00639517906021834,1.5078125
0.30494400861423393,0.5547195232430833,-0.7921957595174193,1.976437640610419,0.35092935390385455,0.8345228022270756,-4.5015430193035515,-0.5349099155928604,2.921899474934182,-0.8553911787429401,3.0449570747320007,-0.29978720436482426,-2.75619691122633,-0.2482275984973013,1.515625
0.32163466226451704,1.9641098989444528,-0.41781903192097275,0.27329596738667394,0.6172351280064121,0.17273619205137414,-6.192317435515809,1.1329777577795985,1.0595704203625562,-0.11248596554157493,1.0578318392851713,-0.3215334250544191,0.7839326657537979,-0.3360329562254607,1.5234375
-0.22437769595256596,1.0756270165424247,1.2327950977786282,-0.24942377170027147,0.208003127778913,0.7704514045728476,-2.743336081578383,-2.0872523306919755,-0.6654120345335878,-1.6163184780920163,1.751563911039859,1.0098256474232261,1.6744088421608556,-0.1320904748568903,1.53125
-0.8823737365565395,0.12448728470809457,1.1495454862591687,0.6236987198940119,-0.28302347477252227,1.2563835022594065,2.2622939982024244,-5.364328943962842,0.21012410192248512,-2.774766200639057,1.8790376971142075,1.8303378579117604,-0.2257365940529698,0.19627055539473345,1.5390625
-0.2096426907344553,-1.0582135062155869,-1.3279834583001107,1.4811376151300557,-0.3004241020924282,0.2016546170780652,3.947661383390257,-2.3740599448202757,0.7591068069776068,0.21203285206101996,-1.5195005496648384,-0.023841456640034966,-0.14801416910930967,0.3569989045536481,1.546875
0.8709224737594656,-2.2803218500220566,-3.172333858297074,1.4710392165431447,-0.18049058451601985,-1.1871842537502566,3.432398008217355,2.5528599127503537,-1.4709901095413727,3.3867665447815556,-4.3902349291131815,-1.7815351859320059,2.5207607339776628,0.22286817545637244,1.5546875
0.38346359430371296,-1.2650560813474516,-2.1387319151158697,0.6177060066647498,-0.2158506081953566,-1.1089581921405183,3.101648087040255,2.0366123533681364,-2.672169128101473,1.4378638164094002,-2.9828381740680743,-0.339240240039571,3.148154547820729,-0.005032353654279252,1.5625
-1.0679698620972433,1.9904772163154627,0.43896743442012465,-1.210123180783458,-0.1572344952463033,-0.28660497428932336,2.095345784358494,-0.914922277390503,-0.6825510981906251,-1.6500202604483891,-0.15967831395860077,1.4709540489807917,0.1525927106395846,-0.017921430881770794,1.5703125
-1.2637587237710062,3.3077668991887297,1.8687995730719635,-3.090550304866222,-0.03986044422862467,-0.39290858411775165,0.6765434575959821,0.575945687380845,-0.4439654226908767,0.6734323266616103,0.6332702539720596,-0.2564405538882304,-2.454659130023247,0.20625767029414693,1.578125
8.67350098246118e-05,0.3100606697511983,1.4015752165295587,-2.8399086054892346,-0.18244514453618282,-0.9518037250844545,1.142151677311691,4.009075280674627,-3.133468924326402,4.865377031202314,0.12619292124002437,-2.9937183257403306,-2.1110629333028386,0.35409165646882107,1.5859375
0.891376062974199,-3.05598926632484,0.7602217675905149,-0.7822450259823868,-0.2995097697481987,-0.5492393082022994,2.1309621457015475,2.991816957287996,-1.4844840516739752,3.0822711034968298,-0.6142287577324833,-1.9774205895136991,-1.2941219402941082,0.19845930208412604,1.59375
0.48404381804197244,-2.075041933145394,1.3827794310132069,-0.19268612449866426,0.05535142447473908,0.3473907354880675,0.21753328017071819,-0.5450691878318492,5.351622971467682,-2.4455536591804017,-1.615245399425733,1.2517571872348683,-2.145967968633247,-0.06731998967323656,1.6015625
-0.2725063609837933,1.43446581417511,1.8365976665715869,-1.3386337545586469,0.45110938608999107,0.4269893288807885,-2.901407227660748,-0.9065668311452881,6.998624458027903,-3.2650126856551873,-1.2477785856915746,1.6578914065521286,-2.7280350434255305,-0.14130709385019188,1.609375
-0.32252378488389305,2.362048714094897,0.07191827348970627,-0.476573517052363,0.30378370166151614,0.04993546648171956,-3.222327852505239,0.66593039185445,0.47066725010884086,0.21668239153237853,1.5025681034197285,-0.40294298667955425,-1.100346079134527,-0.1193843201072481,1.6171875
0.07711288162951407,0.7646509147491285,-2.4023266470221394,2.6089042687491713,0.04093989565848926,0.27115639481544807,-2.2205521331182476,-0.15077104579706954,-3.5403962405104092,0.44313317868813923,3.6190032290739627,-0.46735571510819407,1.241494908618949,-0.2871405427068006,1.625
0.05738187508219718,0.8206196681788699,-2.3432211469913464,3.0968074685673868,0.23868379172855375,0.6192299983814765,-3.1187691482332696,-1.9606779232000293,-0.7053652462961667,-2.7715909379851276,2.2778742377825396,1.6243983086347418,2.669349329073612,-0.5020661602395633,1.6328125
-0.34000177706953133,2.3476865799686766,-0.19288136172477238,-0.06591983617049749,0.42471101258396976,0.17490392239657995,-3.3599846757720138,-1.399284133254301,-0.15742114570478077,-2.680634293832656,-0.5155762327404091,1.990151842514466,4.130407147127814,-0.35090338906374285,1.640625
-0.1967097788246042,0.9479155915541289,0.6741183150242626,-1.5754858271063334,0.030731612445526826,-0.36384969052465804,0.13007751081404864,-0.17959963788007818,-4.809160368967693,0.9763167707037261,-1.508064816665547,0.1628417005976985,5.631371681981861,0.0805934098315359,1.6484375
0.5977915125259491,-3.0135980616666393,-0.5465280008920065,1.0789764023115564,-0.4147824013060551,0.07268287628523515,3.3626883713002376,-1.0474902468920466,-5.033766929196092,1.9136390474594553,-0.6638633375349707,-0.7116559462689406,4.1455105666400005,0.25740530405919787,1.65625
0.907309532713332,-3.9402226166667487,-1.4727037600292598,3.397435919618964,-0.26855554896448947,0.7838418802678487,1.9195800297993677,-1.8969976343882224,1.857388574823668,-0.49758048599954224,0.5592131378962898,-0.1258517884679288,-1.2921361372809612,0.06713962269120456,1.6640625
0.3142951520574551,-1.1080219017371986,-0.5315020266200952,1.7553192922769807,0.04773411476761846,0.5716198748808184,-0.8071728074545791,-0.16468793197593096,5.899428042154789,-1.1069528900774799,1.4940545991159555,-0.22987999081995755,-6.072928178819986,-0.062383605396985245,1.671875
-0.025085149462693038,-0.17978447153149674,1.3682710450323492,-1.111992206814542,-0.05289246113740909,-0.06756491041656396,-0.1474650627134106,1.8340722621219765,3.044797976154876,0.35761145988974763,1.4089625110987525,-0.7694784943546085,-5.684291014315641,0.021588997537641916,1.6796875
0.3447053952036921,-2.094789575039021,2.00984880860069,-1.5103716410101113,-0.2403127152068544,-0.22403958973435473,1.7929327242730098,1.454409592717565,0.67324793784625,-0.22797128628220592,-0.2651169458824878,0.1585865335839869,-1.873335380985866,-0.0018894386507246584,1.6875
0.06982360189172036,-0.8602756382470108,0.21001061880007377,-0.5697071239040005,-0.06980244429486238,-0.5062260662589311,1.7598895489937685,0.6399893939623496,1.65024724598883,-2.066229546053105,-2.389784345866974,1.6154398925538513,0.6990413441146904,-0.18266768047020307,1.6953125
-1.2090232517810446,3.962588728712057,-1.5283178484794397,-1.3577566725029278,0.11707416052177838,-1.2735102380944263,1.3598061753195716,1.2976264917437033,0.38209623946091154,-0.7418900921158545,-2.9348599986567985,1.0459970614473628,0.9681363060141849,-0.08378804302214064,1.703125
-1.4655863655221817,4.5592247364632055,0.42597825528015204,-3.1786070513687323,-0.0167889302897968,-0.9492631258576216,1.4553823540843358,1.0066576076888465,-3.541906232046177,3.2744038039674654,-1.1327968111673978,-1.478300558324054,0.5946689664778059,0.45150276691534696,1.7109375
0.10705968278899029,-0.467990074949785,3.6300798236874505,-2.4377740794056604,-0.07112757578988105,1.0269447921295303,-0.6361162896608905,-1.701999536996022,-3.5583007842870646,5.656538831892794,1.6017589206260427,-3.7447526669322317,-0.3213070095797997,0.918841287307612,1.71875
1.0473424013123978,-2.1369384302661087,1.6123954901680686,1.1761071344082479,0.22294432888925364,2.0019150034560305,-3.6315753051838335,-3.2039696194041394,0.6971922502799924,5.043907316639517,2.3780433195446906,-4.1996742432709455,-1.8307281931087758,0.8221743967386348,1.7265625
-0.11525715783003154,2.013131309798106,-3.9373645933654755,3.1606474022810715,0.3133134957183889,0.28204599134044056,-1.8697690997303609,-1.1182295556478057,1.9167729226970833,2.6244440362591814,-0.07862989965499141,-2.234314842044359,-1.2504971164400858,0.2911620350932776,1.734375
-0.9600361529510102,2.2508838650706178,-3.516247644113914,0.838853817522709,-0.19220992630547457,-1.3947655566353356,3.8182492223283475,0.8733161338793686,-1.7426097927219026,-1.4545055757126637,-2.601866947313667,1.7087505739467665,2.6122172919400093,-0.24311880185109025,1.7421875
0.28569147202471673,-4.322190305591178,3.2731599592056186,-2.076097104836239,-0.6629895998753808,-0.5197832079917426,5.4085464080894585,0.00870688481332095,-3.4783795609156143,-6.196548469292608,-1.3274117942851915,5.156326371815392,5.0952474376217705,-0.645850899975673,1.75
1.2354336797587946,-6.111597172136783,4.758376949733133,-1.1939387724867783,-0.3737647217247258,0.5359396843712139,0.7187924900805213,-0.03919137953351334,-0.11500180100512733,-7.891674215597514,1.7134819626131257,5.37386688586242,2.376758803489822,-0.9855761564681262,1.7578125
0.029548561057407517,1.8172643314166534,-2.7579308269347993,1.7434234091590766,0.35310420007179855,-0.8480393648757162,-3.702981077687612,3.3329455631238587,2.426175945893597,-4.476021446930701,1.4153804484133814,2.6071818366927753,-0.8436662549465347,-1.0921769590888168,1.765625
-0.8615357090475485,6.9803336370878935,-7.354566814772467,2.3554437688912815,0.685014713650207,-2.156432080365547,-4.269892262826094,5.291463603200295,0.19956306819639863,0.5474628991812008,-1.2758103048430964,-0.31509922117485595,0.9016315360351217,-0.725201839646846,1.7734375
0.44354227494277865,1.391064000484198,-1.5841633665629777,0.5855993271397535,0.45791509975184513,-0.2913104724120084,-4.010002421960481,1.563771176410242,-1.251973395668761,1.908640344459404,-0.6657397002146493,-1.2562701492395691,2.821515601121014,-0.11385676857761717,1.78125
1.2937997049051881,-4.155269794318956,5.2122868308766765,-0.5913969517786892,0.142378971432657,2.338857115654277,-4.035865888044163,-3.3900677670576047,2.5405233555938564,-0.416169913708314,3.3223365892945176,-0.6067940036538725,-1.8960850780744354,0.23967642661884248,1.7890625
-0.2827550885454709,-0.4271871167126391,3.470022435072036,-0.3866198055161615,-0.001828902841856553,1.9047213405897214,-1.755593583994412,-3.437572092910448,5.44952465203088,-0.8819827897286938,4.492934491712993,-0.587536573086716,-7.899789152610706,0.3438442344977319,1.796875
-1.5106845336789283,4.0399367813896365,-1.9078574480600852,0.0498305476499238,-0.10755212488866178,-0.2556361741985692,2.276958554059349,-0.5047052940394843,1.5524628910890548,3.4762344845344777,0.6166871232587731,-2.5663799210189704,-5.808279333849199,0.6486775442540462,1.8046875
-0.20342385186499878,0.45099758986770533,-2.416067946305364,0.34205004834417513,-0.23842002221424746,-0.569465205282291,4.336551520041412,-0.14652847612241215,-3.088168495017088,7.635841620252674,-3.4595714996094524,-4.573436081574613,0.8273224288637353,1.0996080241736548,1.8125
1.1237930905052833,-4.36516511641511,0.6443666686179572,0.37738741582306573,-0.2728596617936445,0.6295159357754185,3.6637476168468446,-2.2432991346049227,-1.2686532885324637,5.716087178280484,-3.7028664967836096,-3.5413929244439637,2.1504846110062794,1.0871251906057424,1.8203125
0.3324778339070273,-2.6334958138595885,1.7937641011466436,-0.1943640206751497,-0.19695967886648733,0.8443662468022327,2.3793777623211434,-2.8718893849889096,1.8768432665563433,0.3663649449989769,-1.4576282382406776,-0.2999890768099549,-0.44002309221818814,0.5027612533821197,1.828125
-0.528311867762415,0.3934171507145788,0.7963786596266021,-0.5041168477329163,-0.1552125427491437,0.15016702584166003,1.3617587665373962,-1.5023736770078822,-0.7880412606550756,-2.026849547589286,0.44434526920500284,1.5856968233140534,0.8549430808859556,-0.08085459256118095,1.8359375
0.18305514551808447,-1.0688964711941504,0.014042568978276921,0.42045411790325865,-0.191943337933426,-0.09369031351184084,0.4804165183563395,-0.21269752302620093,-4.7985634459843185,-2.0345117562657786,1.1842165290236164,1.871844349768034,4.675177848857006,-0.43171473123299153,1.84375
0.6017015901569335,-2.1620803750038076,-0.3371758209004215,0.9673553428159295,-0.16930460043164522,-0.3275377194117911,0.09826641136692602,0.93581436953106,-3.642431778758992,-3.8885216870565005,0.9672242075728342,3.014474298216401,4.7390822789262135,-0.7992390995099692,1.8515625
-0.5014075594381031,1.3919934178725484,-0.34491801159276164,-0.8866827089362154,-0.009581010000836037,-1.202811824267852,0.03793449285439231,2.611786857953023,-0.7260390010236869,-5.73053417739048,-0.03579594078487531,4.277301205209867,2.135448370880671,-1.0141099868172683,1.859375
-1.338808815487908,4.575966100634185,0.401937403132172,-3.274905827617992,0.15885331930282756,-1.6879540711309313,-0.3943905107787667,3.537108109002491,-0.5619919046169862,-3.6367273026543776,-1.0810310292019298,3.0539244613794976,0.9512916999820508,-0.6979541635318041,1.8671875
-0.6447952113639356,3.035001329967343,0.6253093683823421,-2.6467300166673584,0.22416869682070886,-1.0920952014419845,-1.262492582563649,3.014698382389266,0.0504585066230463,-0.43344930382213875,-1.0807476467673602,0.5794095518409559,-0.11071428218299659,-0.2539032298843381,1.875
0.4746503783258602,0.11615000485532115,-0.7535159767697938,0.43887083350560124,0.2845665712270212,-0.3063816938795164,-2.6077846820254442,2.5428034984911743,3.4506431177937777,0.016051121225913557,0.023523555994287487,-0.5445044455482191,-2.8836923024632166,-0.24866057024229882,1.8828125
0.934183398577108,-0.7206131075040453,-1.7500633520343745,2.225822337304197,0.3844687818660363,0.21241710641861536,-3.9231440181962443,2.130498692572949,5.656596775747007,0.8985524406056972,1.0018677906395341,-1.7014034333224584,-5.187600738011377,-0.160487968125555,1.890625
0.744801426075926,-0.81233073618662,-0.6160398846813319,1.631161448333432,0.2705989374639038,0.9678243861881908,-2.665212740188366,-0.39423121981378284,4.468018438887283,4.806416384206464,0.9144954971013571,-4.280040784297804,-5.696149712833787,0.6575320968390305,1.8984375
0.02511847008657884,-1.1898336644626095,0.7992408873159064,0.7376717482140916,-0.17093499180497063,1.559105152880156,1.954889384076688,-4.184629019951894,2.066715340680904,6.43463139754226,0.3408650851418651,-4.898613362090822,-4.869489950647092,1.3878866925059576,1.90625
-0.8104513184626938,-0.44316128308959535,0.6457851043594991,0.3535472241342658,-0.4884613337752357,1.0668773330631542,5.032787096624589,-5.144749442968247,-1.044060641955508,2.48585414979246,0.23640049750509784,-1.5280627539448894,-1.338905356718916,0.9694501886127677,1.9140625
-0.893422892636371,1.2062612224931024,0.18366140783920817,-0.403365106260497,-0.2669844341923487,0.09249923157317164,2.4599857014888897,-2.689104848521125,-4.846225507230003,-1.144801434727164,0.343048796304394,1.5199068534407112,4.385997259054479,0.04917577986431571,1.921875
-0.15286888911783433,1.2919718439152825,0.5211418484440644,-0.9876632928551924,0.1311006537414372,-0.15317729846134054,-1.7165953311317497,-0.45799103434444316,-5.8859988670662355,-0.6073863971880764,0.06627517972951272,1.1765110286004634,7.025928512282257,-0.2505160331749858,1.9296875
0.5845138993245943,-0.8937538194051768,0.5863193913762155,-0.2418608619634133,0.13555767595949136,-0.05282096985540474,-1.9494109499856325,0.528240916360279,-2.7347240267876716,-1.121628265042864,-0.15160254397303413,1.0768633281037325,4.59373386960795,-0.35492789165244126,1.9375
0.8787641563515765,-2.794071842347214,-0.16280697756520138,0.8214190073622514,-0.07235429944571911,-0.5305208153145786,-0.23604299389976224,2.260233753175618,0.40267054850349754,-4.89514557810663,-0.012190932232789475,3.3309076051398634,1.941834480728452,-0.9258448201883884,1.9453125
0.7543763796442666,-1.8706206021148049,-0.9809267303944122,0.8816001967049093,0.011654789653748545,-0.8951341108219583,-0.646851526302132,3.3272476980710057,0.962764276027464,-4.654731399467776,-0.31787008594822436,3.1317613636568824,1.29792171948121,-0.9964642958277844,1.953125
0.259438866184139,0.6352058097305889,-1.4864154386420694,0.9153795622143949,0.24865463529427645,-0.0011574245540476738,-1.5444129084441984,0.4223168305335351,1.3316552210244776,2.5736148620971195,-0.9527852545014716,-1.9696262601975663,-0.6848122213743939,0.2520031720869975,1.9609375
-0.10617771248968745,1.0172168694067056,-1.0407395594757938,1.5070612618727195,0.1903988517316538,1.3888453497658166,-0.5828762634582205,-3.8963420345506656,2.3355348001088627,7.491756799900664,-0.3428619141724081,-5.655468476815667,-3.6905601816409517,1.3802314372798927,1.96875
0.0977530156307075,-1.186779443416027,0.9704433015107367,0.851972606354335,-0.08774637997042653,1.405191813204811,0.5022754027956203,-3.567893632291998,1.914410600146012,2.7244727052466695,1.1952779909477025,-2.366371884951682,-3.209328650044016,0.7549935065458738,1.9765625
0.09389921649310243,-1.947936230499331,2.2268133111527066,-1.1918341776159729,-0.2717642613563675,-0.264684288319124,1.3129971236169928,1.0764427391127118,0.4900962289881217,-5.577031539510886,1.0908299662653254,3.8456103780520876,-0.14184613338367924,-0.7387025027985221,1.984375
-0.873631421412681,0.7141545122429072,-0.05985562497134266,-1.6520990989461652,-0.378983705407876,-1.916514991948901,3.7670011973321813,3.846836294894119,-0.03157033458540034,-7.999033466030112,-0.6263131321814431,6.012045720471138,0.44228999607484976,-1.2404176464935714,1.9921875
-1.7008643863621633,3.2501355478466163,-2.786653142705819,-0.2776942388996472,-0.4258999942286945,-1.9652075176241626,5.271247957411566,2.619956220898018,-0.6177600520914865,-4.555683583364927,-0.6643063552363899,3.6869662944613175,-1.137679029961572,-0.6948140624029232,2.0
-1.0480767249326457,2.58363366884692,-0.546867785856115,-0.8938056313936759,-0.1869034423801541,-0.7115142929608823,1.5017459080048225,1.175212780829712,-2.297554696375119,-0.2549721581087796,1.4066902697097297,0.45323995699359726,-1.045728824217987,-0.13642171964536662,2.0078125
0.2726962229379727,0.7135833281339569,4.286865887456419,-3.8037298454649378,0.26844928883899755,0.3782390449123565,-4.08735671976554,1.392363312275656,-2.6990216295296334,3.6648179310026068,1.6978856795594868,-2.460429979505393,0.05205794169769766,0.3196048331025083,2.015625
0.7580254925432411,0.23549352046785996,4.219082630541325,-3.880383414498909,0.5135430777331703,0.6474435666180738,-4.706034483658468,0.7899175528856358,-0.09493508935478133,7.1961688721709995,-1.3041954395828337,-4.9895087263316125,-0.33477203964439817,0.944796049822131,2.0234375
0.6553072090878594,0.08601604258492805,-0.973133864850805,0.5665822900768773,0.45656826280086205,0.6214146173639643,-1.6718407009963108,-1.5587726758373774,3.287455028238334,7.18069066955443,-4.167302088166995,-5.134923779979067,-0.5224002207695919,1.1695963846707762,2.03125
0.9052867016423202,-1.3453874616216748,-4.1255705927512345,4.324896450779307,0.35876904925526154,0.6782067191686835,-0.6328832709836834,-2.903164280188368,4.68213376656108,2.422328009169824,-4.140292778001239,-2.0475989645515753,1.2849217019805292,0.5358790798618808,2.0390625
1.1056867715831333,-2.7159160964415596,-2.2232190040340942,3.5550547022996977,0.2138454262046299,0.6557384059978884,-1.1769378589162316,-1.9926740764018909,3.4329376898373276,-1.9063577808056562,-1.8655871184687816,0.9165674297455985,2.1727742155087975,-0.17162721368749997,2.046875
0.33600280519387066,-1.745808717872101,0.8260335233855192,0.6877670460354699,-0.1299945576848454,0.6242175990108849,-0.018417017516462714,-1.2042507031949279,-0.2745740652194286,-1.200520351252091,1.6952534081216921,0.622506100957897,-0.11749189195332166,-0.09831865317712657,2.0546875
-1.0256852849963856,1.335624173839608,1.565767408936314,-0.8441263032140308,-0.4386847691166783,0.5910079617629803,1.5161189665288204,-1.5976546694141343,-5.044221867286471,1.2939224722028937,5.331006372984897,-0.8097652972055789,-2.10629293263506,0.23607266375140767,2.0625
-1.6060333812875467,3.4866411107575286,0.09650991274084127,-0.6155288830329314,-0.3981106954365019,-0.027367464216280356,1.2006957478614488,-0.7726101602615953,-7.100772633178461,-0.2710651620483651,5.7888759706074255,0.5521925726782374,-0.1735323680252799,-0.15706375684627824,2.0703125
-0.718859217454403,1.8140165926187923,-2.032157632985486,0.7780835493612047,-0.16115433330002824,-1.0626375471165042,0.598791938200406,1.7401213871154277,-3.7699108604954428,-5.117216918268249,1.8631421550919947,3.9487435725019058,3.1509370360598297,-1.02863318852654,2.078125
0.768971810569951,-2.413168864391076,-2.6543062636703185,2.39636505137057,-0.021290154761898848,-1.078723126361337,0.7575223877516837,2.349328005503352,2.0615852706221687,-7.364598922131804,-2.1415708004073655,5.13163052590582,3.4676740072680765,-1.2550825848673541,2.0859375
1.271439528660553,-4.094573467828344,-0.6300212998710668,2.040354907261191,0.051329098282381774,0.052848438921672104,0.0877823473045555,0.1135165932838773,4.4966115861618885,-4.913743931742038,-2.381934788929118,3.0600329361417993,1.4701156337895191,-0.6199844492064719,2.09375
0.35295112902870496,-1.1160152656332765,1.9170654897766466,-0.9641176586460201,0.11408274320218312,0.35289887995161917,-0.9757476213611819,-0.5280733164271247,1.9502258511715216,-1.4820528891567726,-0.7617454872728596,0.8997089349285908,0.3039582099932499,-0.06182537594440708,2.1015625
-0.5715296611748931,1.7740881709748826,2.465902594124819,-3.4622595063152084,0.012136953971133173,-0.6395789177069205,-0.22330822584151558,2.163886851101924,-1.0114336581794352,0.21560570045385635,0.07432130670482442,0.13850838917128447,-0.8963952016339087,-0.040414336035211766,2.109375
-0.12726334411592227,0.07169238884419006,1.7694376999861436,-2.5201160130028506,-0.19358161224477266,-0.7011578415517582,1.1590128781733724,3.3882790146971793,-0.25513608827747575,2.2512177216109523,0.7585001557301628,-1.5558140611668905,-4.185925876912845,0.1394109132680205,2.1171875
0.8941449824173434,-2.7171902383965136,1.0407655026660727,0.1984660888477977,-0.12940577717350263,0.7246394779219952,0.42154498572221144,0.5145441028581399,2.283228472758564,6.175697318297202,0.9489081702153817,-4.9133649513213005,-6.316824913156974,0.8705042728503685,2.125
0.5821934735386504,-0.5657744082298795,-0.5043006628323772,1.090222103720083,0.2119646025657253,1.1643465815668423,-1.0061698719025487,-2.219938977311899,2.2723844950741294,8.395238058584306,-1.078456090619287,-6.267974747677329,-3.4296343390089756,1.347813420829413,2.1328125
-1.0740503161448214,4.543161262418102,-2.066859327984078,-0.23225248981381416,0.3210256646620501,-0.04881787914982105,-0.09597134586361261,-2.0326436890870796,-0.05642567826605491,5.439086234432005,-2.926637513566207,-3.4026976981094137,0.6699278768507079,0.9552395706540734,2.140625
-1.8136664313583042,5.076984923599358,-1.0617610370429416,-1.0721940428420085,0.04598468203503543,-0.362908303760492,1.5469680569483555,-1.982177403972861,-1.0440675985397054,0.37647169377653544,-1.1043082839936154,0.24615995741993962,0.8205517387154516,0.3242279742831278,2.1484375
-0.3659950722420135,-0.1813544380933844,1.407987210134463,-0.03464939216345183,-0.09430373558700368,0.8733732385237147,0.49258374304330044,-3.32714740119949,-0.043735430940741234,-2.1186453393771787,1.0416755552918497,1.4389351340654677,0.8585262915079641,0.05250276622665387,2.15625
1.3615479415451852,-4.140241042608045,1.5026149957198602,0.9755735538648859,0.1286296413359969,0.9306813460944122,-1.5453046271172213,-2.4362577420330433,0.2824735215856976,-3.3625779882273084,-1.5076931003772185,2.3626530778919665,5.756801291777377,-0.3071598895930133,2.1640625
0.9117978477339109,-2.0454475011059086,-0.583010848096891,-0.07033255817540456,0.19325548066498122,-1.1078516857416252,-0.2785905450055342,1.6298854859206462,-1.0037795185514993,-5.918766422153475,-5.020906128452966,4.892344770075326,9.390012980460948,-0.9833533939125236,2.171875
-0.9338497612966555,2.3447081546796578,-1.5799422346477436,-1.6890853138755995,-0.16069856554463635,-2.4854701251603375,2.794661838575657,4.63202713856909,-2.409989240682147,-6.229179136750345,-2.5502700426200153,5.274037850348539,4.187090237594415,-1.185013538631782,2.1796875
-1.3819684785738537,3.407757716212767,-1.1641985782425428,-0.9639862710751911,-0.35600297319444957,-1.3997501940835424,1.8400648115307414,3.9805786682372677,-2.9334714128555746,-1.2358829570339025,3.923827170333399,0.9619746148601505,-4.10751026184271,-0.5627898137389175,2.1875
-0.015997918685140517,1.0234989952172713,-0.6378573705623161,1.4127971285529952,-0.037907958417817085,0.6017383282163878,-3.13306646971501,1.4295105695092616,-1.9527987488921206,3.454375620596693,7.047035418538792,-3.208080077742639,-6.01822569782461,0.03937856587211056,2.1953125
1.0716098144983144,-1.693178899671497,0.5664514071403255,2.15253524053104,0.2487428769893524,1.6098760620745232,-5.33239565544801,-0.7999053489786039,1.3182650766183608,2.3776867598646008,5.204485440406299,-2.7839410549959798,-4.056029742454778,0.11563348801170827,2.203125
1.074992689000071,-3.3009440816118425,1.8453970797165868,1.1361792178678285,0.10328483351909139,1.5078448374572928,-2.193614946878797,-1.768182074573965,4.978519758257481,0.2576163845720345,1.763535191569266,-1.2041752012452676,-4.43866146447659,0.23399096799926758,2.2109375
0.908482190945203,-3.2591565133097533,0.6126124434274048,1.0220089725826258,-0.045406398289045566,0.8962951863046571,0.9527360688349037,-1.4789499450878552,4.609082203444868,2.5399826885296455,-1.2777566124860609,-2.3412123819553434,-3.7824388565301206,0.636569450933984,2.21875
0.42851106909775155,-0.6736013809990953,-1.928464917058822,1.4458048459386639,0.06236081766132629,0.16233289720653396,0.9860258841268561,-1.2750130224729623,-0.3559221229819234,4.379012041056221,-2.814937337725767,-2.8174266000663635,1.7173892577469363,0.6780189767155326,2.2265625
-0.9433938667110324,2.6123313418440084,-1.4028510182734257,-0.18598772341952147,-0.03230971527355665,-0.39993988384452533,1.692784257393209,-1.8269861593589851,-4.292512202755956,0.20014693286815333,-1.7780809452226272,0.7383455709442351,5.482323693814447,0.1350670156558022,2.234375
-1.6647987748591657,2.2335458856332733,1.5794129365611032,-2.570149475026076,-0.42990684624057995,-0.7133148331537793,4.432302193515806,-1.0377332243564503,-2.860481645918958,-4.950739917362696,-0.06841503924370862,4.234312282271021,2.1896734908799655,-0.3721777050401616,2.2421875
-0.11606697750206954,-2.015525009440024,2.186012322870112,-1.9870878474459597,-0.44717066727317434,-0.7776069248490698,3.8362033340396726,1.9512127784104873,0.8761199797178005,-4.433143122723364,-0.43856205215893135,3.2597223005521743,-1.3789273250865104,-0.5150941414577913,2.25
1.8904612698051855,-4.522833433448541,0.2704348186056374,0.7903035161227028,0.12411929010018612,-0.2830288808895096,-1.9065436167750371,3.1574161063336743,1.4475047029446517,-1.2118130314859257,-1.2975402433797607,0.5981501008851267,1.4719403307003804,-0.5289709270287699,2.2578125
1.4611028008198343,-1.7888954741931538,-0.47189353212800583,1.872480654995072,0.5146180592712891,0.7057436956716474,-5.7212073934776475,-0.40712451613424266,-0.9212706932437873,-0.5596892861309279,0.09839527109569228,0.1975225240919105,5.398623886505697,-0.37655310274839404,2.265625
-0.7869239095709386,2.8663685500806535,-0.5090166149398649,0.928472306253103,0.2604930817312052,1.0225493748146872,-2.340282903118881,-4.307371410150177,-1.530125605020288,-0.36287653013422855,1.369818612088323,0.2920434965962849,2.9219452727498707,0.17712805156059758,2.2734375
-1.9085989281337805,4.806517807220746,-2.2266823540623,-0.1196667533878546,-0.1144248193927047,-0.2913650585130105,3.587121034468004,-2.1707365920569455,0.8612424981030141,3.101251302500391,-1.2768499806651545,-1.9062816700843168,-3.1445440281548818,0.8020313228837023,2.28125
-1.124090051401595,3.585182135106423,-2.7628291848259665,-1.9789584317963869,-0.12070794767731953,-2.0992227807558823,5.267371729155888,4.122025167004196,2.2786637818351485,6.952325746065738,-5.580467090593768,-4.290667266145431,-5.190077643374001,0.9381499531168008,2.2890625
-0.19568179091124369,1.4323398072670008,1.1057253042817992,-4.747142939418128,0.011795384100010126,-2.078503572988695,2.736514124226667,5.893395268065517,0.6845376796400379,5.740090847006185,-5.691974259387915,-3.252940390591703,-2.2467342250127427,0.606604875668996,2.296875
-0.2260423950256204,0.15388575359713896,4.625652727085056,-4.199156114556989,0.015088359076040107,0.05093547632508492,-0.42469230817430387,0.3610259187352837,-0.36349534114772125,-0.6035959269440534,-0.3466399469784255,0.6822342641792594,0.19014309873894095,0.08538417777654231,2.3046875
-0.3870653691836206,0.07051101857335584,1.7638490749615148,1.4177553109799435,0.03943567052140041,1.734127891690443,-3.0216862125868507,-4.308186458574246,1.5302490735437932,-6.349176929444812,5.701975223656424,3.584547969830907,-1.1744232105271928,-0.5995271618424504,2.3125
0.29375437256940345,-0.15874803026437856,-3.5215026283639497,5.992375118982139,0.1657338985587603,1.2447686899374155,-4.879809068176904,-1.6236899603037025,2.5090309188449624,-5.844815202410951,7.42544457128511,2.6286912942046885,-3.141921414439086,-1.0866442849063562,2.3203125
1.3047433028930433,-1.690819012423502,-3.018627200712008,4.2497731701779,0.21324811351997985,0.4170904967394482,-4.851465825492143,1.95500009936862,-0.6006229153143762,0.20887660732670282,4.547289524546264,-1.0020337577114151,-1.1186159239456948,-0.611959954098113,2.328125
1.4816598702644832,-3.1900581286980842,2.1456252582684323,0.0721543697922658,0.16105990921438224,1.291891827450795,-3.2401940691865407,-1.550082707859465,-3.6731111751691943,4.455758279919849,0.9069705486484239,-3.052307776732152,3.6821148554844525,0.5096812073501145,2.3359375
0.8711662280453847,-3.0033413820661354,3.9823717923341206,-0.886995307901182,0.10472690642940499,1.9808268410757877,-1.5518985322061396,-5.626894696674136,-2.513338523705561,1.6697511158180343,-0.6903230933508727,-0.8788215370686149,5.851878209462756,0.6925881764213992,2.34375
0.43698311847934074,-2.3312649551241282,1.0850561431932357,-0.25763653540842624,-0.13850892747529797,-0.09445998610471418,1.234569074739657,-0.43541603162716574,-0.702692140258116,-3.9373194364967024,-1.317661837462892,3.0524446685064346,3.8587385412461477,-0.4507686100103929,2.3515625
0.13040613231869677,-2.3210523618321264,-0.8200011722049629,-1.4789437249614559,-0.6484680455265466,-2.7774570125414386,6.133281407493725,7.13767202292832,-2.119602197821525,-5.154714814744166,-2.2407211114798296,4.362376140845633,0.9609105505929675,-1.1634091810919953,2.359375
-0.7510109899038926,-0.9226595801824368,-0.22701555152015163,-2.2445533497411203,-0.8548039601876006,-2.3467797254410825,8.586135432080148,4.807515881876707,-2.632509340150961,-2.2822925533220046,-1.9405256488603482,2.489522082072239,-1.2497361620207679,-0.43342792598196983,2.3671875
-1.5667553587509788,2.7730107282221046,-1.3349394980901068,0.2267158791021359,-0.27943135315956213,-0.10834887927015532,4.130789660641942,-2.2219428614593295,1.6491122385847405,-0.18853008461621906,-0.21951713118390365,0.17762178082126615,-3.4243884231192943,0.3837145473234371,2.375
-1.258986678810503,5.325778901235183,-4.375767716466359,2.7430756919090626,0.48171261953076966,0.28308824345090144,-2.0235088545610607,-2.3140699247912826,5.610205253671591,1.1621595012460053,-0.41122593120572104,-1.4700985187802043,-4.10738332152147,0.35176939239765187,2.3828125
-0.4816361811972812,4.178229019838712,-4.300137625429794,1.730518430745288,0.5641129515120132,-0.38206122815494614,-2.179059568115268,0.28737356966017213,4.050576815939384,4.621298495373242,-2.9638675791769944,-3.481817113667969,-2.223224697037752,0.5751722871604082,2.390625
0.018529760100643587,0.938083445188309,-0.13072125514410873,-0.39404814853706605,0.2216555456653448,0.6672504524202985,0.010925443359958908,-2.284034217544563,0.9516515279024247,7.864357384789044,-2.9041885280387816,-5.369642413975254,-0.9554614050356137,1.3614640720263484,2.3984375
1.16452612479837,-2.503927889205191,3.023614182717424,-0.24473807537280043,0.23800290984182593,1.9965671971174668,-3.405586768103185,-2.960801619497167,0.895418201598528,6.3890790652355625,1.279255392962841,-5.006697809442843,-1.9445929159233244,1.0789945634248592,2.40625
2.570155657947585,-4.639686146106979,2.763473495081429,0.2634605356482745,0.4610423170721011,0.9478713759225589,-8.093533001028465,3.365920602553617,0.5365145468538981,1.4342179132427708,3.6253606507008356,-1.947989907318572,-0.8488723882998591,-0.4359772788398422,2.4140625
1.353373324080118,-2.1682551868094357,2.3377922274150618,-1.9709085314163954,0.22516017771339902,-0.8136669445852586,-4.380302405047396,5.157100416985843,-3.1137877070927336,-2.8800836016788893,0.9302308267692382,2.1885906683963596,4.196981142930721,-1.0597789437315905,2.421875
-2.375945555117151,4.290231602636473,3.20753865899626,-4.834161297731238,-0.31626348941146426,-0.8244504642954699,4.203992274755465,-2.5029062837331204,-5.554763837056487,-6.354221951314508,-1.5519101830578799,5.908775880095652,7.099102224417734,-0.3915552912425846,2.4296875
-3.712823986539367,6.315341648801444,2.3124312343399596,-3.851937448911495,-0.5408578235620668,-0.46463087061258934,6.804952650515478,-5.482049381487917,-3.221426412335401,-9.347897925382044,-0.15555977284635542,7.734460451432374,4.009132370925145,-0.39333055161143565,2.4375
-0.7270559994568111,-0.10722353867166841,-1.1632370988386391,0.6906455446502181,-0.4328129651107889,-1.0191237515537133,3.676169993398077,1.1891564490698359,0.07805651944819574,-7.817285979226699,0.9035102336757866,5.581704188340181,0.24103320982072543,-1.088180860559259,2.4453125
1.8392757160978215,-5.522121598386469,-3.436556746022019,4.00895236608235,-0.27369488218151816,-0.5603959291027789,1.9968250186442824,2.8909761946542605,0.6842767027218941,-0.02199603457089595,-1.0281980515233458,-0.2381907828769142,0.06424137351908808,-0.40244292318984315,2.453125
0.7908509599432547,-1.9667362628836174,-2.7586771078027263,3.666884513856018,0.006667538977778248,1.2407313544910608,0.9181868868851532,-3.6804471952206486,0.6563599433829967,7.058728986410596,-1.2917273147157564,-5.16448847369198,-0.6637683744098708,1.184926259824159,2.4609375
-0.38200124210912667,2.841683123762219,-1.556312777690555,1.9736564922230413,0.37286626718532057,1.4899592455611477,-3.417376958204137,-3.2647680153291634,2.134794727473859,6.70188226037171,2.433924436448683,-5.446051972296351,-4.9463628558383235,1.0618212090264285,2.46875
1.1768879857370877,-0.319911875561014,-0.5227688572869351,1.032095627851943,0.42870852780121976,0.00936682485743305,-6.689402985459051,5.352013687810258,3.4322064257282214,2.6138713707151444,4.588414678622362,-3.13270364811772,-7.599591158738585,-0.3710744581005364,2.4765625
2.4030592365479313,-5.252473680431145,1.738680863777247,0.08848586989082653,0.17540438776316516,-0.021492325779375675,-4.2309509098454,5.5840044498334915,2.9236345325970583,1.4783287481447758,1.6987848946713846,-1.9518064775391522,-4.228909955116269,-0.4083113792484195,2.484375
0.7195056410940808,-2.3968655530934653,2.807702015364522,-0.7982377289856053,0.1157049331321106,1.253823560256293,-0.7682248255689618,-3.1345063348777997,1.4636421037891705,1.5436585149508184,-1.4913255128502074,-1.157807714084597,1.2459607368247176,0.5931255881070945,2.4921875
-1.0251735128130062,3.3474444162034644,-0.5795103244799602,0.1151357688324511,0.2875988124170213,0.4868595496005958,-1.0832863330246298,-3.788589124661628,0.2667127139824644,-1.4860550908107026,-1.1378610182968145,1.2584945834354087,3.20238518436766,0.13524976185423235,2.5
-0.17929931437228017,1.9034545690683717,-4.146589901716831,1.6421012599005467,0.12025778529084957,-1.7902105215898305,-0.6680473528591775,4.5253025478383115,-0.43547110447508125,-3.9240543754786685,-0.49584673438542387,2.874325764856513,1.6851702321197954,-1.1092870416638902,2.5078125
0.9477177400114705,-3.967299862604136,-1.4260639074695227,0.2003672779309918,-0.5305424920481554,-1.8621820395522233,4.932444946724491,5.630293833203065,-1.2838756090969923,-0.9282027440411597,-2.2628878212200485,1.077506270678601,0.017082492521553524,-0.5447543126179148,2.515625
-0.44660099288761285,-3.621644380115369,4.111990166612567,-3.6727725462816014,-0.993646115431432,-0.11492917709462866,10.33405034093637,-2.238147135457117,-3.2382097205306297,2.5340513288767226,-3.3787990707231823,-0.6544335725927843,0.3306565200578998,1.0457108177912864,2.5234375
-2.9372157280801146,4.254767743760128,4.296092853533319,-5.662004766562157,-0.662932894388304,-0.10258209570859496,8.087148382618684,-5.154581579102139,-5.400567356970837,-0.395757064324812,-1.7242321423942963,1.7942285102191555,2.736162050458497,0.8725405608030521,2.53125
-3.421795692358989,10.153149809797183,0.26089607492984335,-4.28588060262603,0.20349310840612542,-1.4466076011595916,-0.12879077552510712,-0.6342740951002188,-4.824136269275209,-5.592310478502355,-0.0051472839223450735,5.100264877665465,5.274048282468759,-0.645256089477442,2.5390625
-1.3718281851984417,7.120311094190304,-1.4782370780010718,-0.9783743071713187,0.7721603669291411,-0.7958942154216835,-6.241453342149507,0.7816414193804092,-1.0270433880736978,-4.936794989348829,0.18523163161629358,3.7162385250011774,5.225996940700041,-0.9643387130135913,2.546875
1.1512685335860353,-1.0620895704962467,-1.3983230840264593,3.451300093763705,0.6014659488662262,1.541108113677375,-5.963208586492765,-3.088080107655308,2.4852319649180528,0.03158383657862729,0.6458760919550552,-0.7413603777252017,2.357745173878524,-0.012676042360733872,2.5546875
2.0992988046524967,-5.6338450427004405,-2.818458148764324,6.667515225187662,0.11837448871808234,2.339743930684896,-2.200236201393046,-4.642208789197294,3.5590451109326673,3.0939565100388404,1.4424804651904353,-3.3172743266785245,-1.269668918333209,0.5547514072640164,2.5625
1.4916469372285137,-4.120196650784901,-3.014773688331023,5.061475825424573,-0.05072048038028076,1.2985228837817349,-0.034360629323741544,-1.7467125013915346,3.7633224221020085,4.848439094522525,0.9425131693388361,-4.382989489049906,-4.744455633943158,0.6823021555559571,2.5703125
1.1615856516391996,-2.389900693533996,0.135197291433436,0.7723822229472257,0.062419082083241303,0.6586835661417767,-1.1124840508870688,1.5426550770705403,3.9064176802180177,7.653378127831455,0.7427636763436,-6.215678459144831,-7.860874238684919,0.9404211014440005,2.578125
1.9204396527543701,-4.32368920484641,2.2185184058804537,-0.23788216671371287,0.040842526202882076,0.6659409118169146,-3.0263340990206133,3.8638249477572546,2.8897006266255105,6.808904850258561,2.9389124712265313,-5.834557197343617,-8.4670066725962,0.5405313940811595,2.5859375
1.9663786779710626,-5.365345328252861,1.5448855733065956,0.7723024981880138,-0.1354734447173592,-0.020155661883549097,-2.6952315658336023,5.243050172105461,1.47864840527205,-1.4188554637509125,4.3989160658402415,0.008991182642631991,-4.965091620701123,-0.8126774753646188,2.59375
-0.02345222466819515,-1.2166400395286456,2.3602202010833158,-1.9212091525565953,-0.1879113121470402,-1.0763534969809976,0.05232623642044192,3.753178790022995,0.9920767353450988,-9.955520642901533,1.673741099680229,6.862606554972211,0.28252364084742787,-1.5903966075396199,2.6015625
-2.009506152131549,3.950307859388336,3.872402397930919,-5.450882897350708,-0.07277417545137561,-1.276770782248248,2.059565111120479,0.2576431591516153,-0.40837669175577757,-9.906347436153775,-1.9413041340573247,7.8140234875230865,4.130798782704186,-1.0113300311584181,2.609375
-1.7676911477082957,4.934140449728392,0.5136979245545045,-2.8874544405141322,0.084597626996419,-0.8982860864401049,1.1008315114098848,-1.1743013153413167,-3.852101341126374,-3.156940976841271,-2.2840299467832335,3.321691428711246,6.313664908287908,-0.24470198441736016,2.6171875
-0.7328555725855382,3.825296511506319,-4.880322327055864,1.9893479354116632,0.1763514558023111,-0.8086712632545346,0.1417839985090373,-0.6970161040010276,-5.871429476559631,2.6576945087729023,-2.0862293968145584,-0.9090660186073195,7.0628471692070836,0.12875191903449887,2.625
-1.0487864293738218,3.6563439960231507,-3.907364395431143,0.6484280381379973,0.015272986207218203,-0.7831549945175668,3.230475190370343,-1.8037705563947297,-4.48890675431669,5.191220131545664,-4.599108423484566,-2.450475217034789,5.507367964415876,0.8264796146471758,2.6328125
-1.410705379949712,1.9777428636252543,1.6766313399144557,-3.8804508170575747,-0.38191146196006176,-0.4392271986577947,7.236370686693319,-2.92606078508217,-3.1692161136638055,5.9250385896900495,-5.883665350679037,-2.718048318400572,2.507276264098417,1.4825984666359138,2.640625
0.046528332219233325,-2.3358898942439064,2.71546606997326,-2.6400273970925103,-0.5265284848280531,-0.12566178171916012,5.282013418646702,-0.3420516037139564,-3.01705223388646,3.9655165969338277,-2.014814592379709,-2.042830760183194,0.21969037979727085,0.8157152284046163,2.6484375
1.5645010611569221,-4.437502386474249,-1.0990331904631054,2.937859190201097,-0.14304479514530558,0.16811662566350835,-1.2601283183263627,2.3399593836181665,0.4879265025033587,-1.554045129122959,2.919697660814867,0.4026517056129428,-1.6838887035415688,-0.6402658683551643,2.65625
0.785321395417818,-1.5548923685979055,-2.488770791878386,4.911728305921995,0.3022599832370759,0.930378689387167,-4.546721178382071,-0.4567353266439369,7.400424337766839,-6.915525061695828,4.025641722823791,3.2089604266052727,-4.506933294440161,-1.091259583677748,2.6640625
-0.8103705341889322,2.1154088304715257,-0.5425353365030882,2.7532653189594467,0.3842915013501083,1.6245070624874391,-3.657280507618869,-4.430024782652327,9.95868832602599,-6.9047873389735726,3.4243787792791265,3.2161791815007548,-6.667592456230661,-0.46124014852064044,2.671875
-0.5535413402175348,2.3140181619297353,-0.0809451051747311,1.1853391716997044,0.29714568074415537,1.100747440366567,-3.668916431120845,-1.814991411114737,4.682866579683202,-0.8424399971920541,3.8532585130806347,-0.49704288407594166,-5.983108210226404,0.008117902531495105,2.6796875
0.9796372147307096,-0.46969588170965443,-0.7930390230822152,0.4725640734620411,0.1586531910141117,-0.17499442776456,-3.4521804220818377,4.019149703599866,-2.1695723985777753,6.356220639579544,2.692320883118307,-4.788879088019932,-3.0638500793976053,0.23231500699234564,2.6875
1.6106713321935933,-4.023271240951331,1.325342208330987,-1.3981351928537828,-0.22989093868412575,-0.42650075351152295,1.0411180968958327,3.728228318679622,-4.969143456106515,8.309786896881183,-1.0838327301326827,-5.298769925231759,0.6972826867136447,0.7153606155888342,2.6953125
1.0287412700389056,-5.68497069489267,4.470421488531844,-2.5670304938743747,-0.5742381143728063,0.5557662084668683,5.019349778447557,-1.9427606741018062,-4.608719077917373,3.110990157407306,-2.649647869757391,-1.2639791024101181,4.309670085615233,0.7946584015728074,2.703125
0.035043536310064696,-2.253873221554048,2.9985432628088584,-0.8369783572032579,-0.2394362808838612,0.9339719725949698,1.609676779448526,-4.128617397513963,-2.4489489867669456,-4.077607713744244,-0.09019245858013977,3.2812973141470936,5.341810312177323,-0.12703159150202442,2.7109375
-1.0608060007772433,5.034312698442398,-2.2554508052798843,1.1525002893244227,0.5701611887270114,-0.22840832544594655,-4.851603132401404,-0.56181334041903,1.4720707895023848,-6.201917923584115,1.2826017265049052,4.087652792973207,2.546016503688264,-0.9882732377118174,2.71875
-1.528809883223743,8.536408579600117,-4.1320074640870965,0.04314850155326664,0.9189329048260018,-1.4092387674143338,-5.8469507187281184,2.855394741609684,3.975699774170454,-2.1796019048128157,-1.4362145547431397,1.3129029199560474,-0.45444606473222504,-0.6580356407054618,2.7265625
-0.4195158372821094,3.4363360333066386,-0.4462065093491811,-2.1705512334318846,0.46213301151202324,-0.959515961870853,-1.7847208758912367,2.3465079599198133,1.8200445109510128,3.003849412497684,-3.7002103177839185,-1.8189654700205613,-0.07780512884441539,0.30625077316960064,2.734375
1.2110447805233235,-4.377491377984982,2.318630604127406,-1.2674415649743151,-0.26867527533726826,0.3271348909997724,2.5239322077181767,-0.13815003963465036,-2.074270284141284,5.0465124538329995,-2.4142131203042068,-3.0926117514115523,1.4004038258243998,0.8034434434812726,2.7421875
1.078272011181746,-5.803502365584996,-0.3041419142995841,1.7393831946146565,-0.7308079786686339,0.29533406519688227,6.148976783012281,-1.066110539244471,-3.045740954093437,3.2111180206706376,-0.8039416827839553,-1.8960647760232487,0.6049766704715701,0.5729346423527818,2.75
-0.6596451710346394,-1.0645832527208865,-3.3336893635519966,1.8299834621971987,-0.7998527442307788,-1.3242588377357205,8.06246587977016,1.2126695880420981,-1.9513309626763102,-1.7765477408518395,-0.7245899895050458,1.7328467737339501,-0.9647207797543561,-0.23291581125193683,2.7578125
-1.41120808931818,1.7982166871430718,-0.9740253946655563,-1.3329499246268524,-0.5671547921758279,-2.1677019070465073,5.0869333945449755,4.161696685461304,-1.6201614599720204,-7.521467709053834,0.8176279822006508,5.75100547368415,-0.772284695450739,-1.2378513864972882,2.765625
-0.340985004200893,-0.2294014703523251,3.560128116321061,-2.5218569760903344,-0.1730609795254315,-0.514954787378358,-1.2744875765355264,2.5968041116188756,-1.019653222324209,-9.153246396919622,4.0802336280619995,6.26933038823902,0.1946816314199489,-1.4627592302865617,2.7734375
0.507226279991485,-1.3769397325507835,3.8512165720845006,-0.2932569246793924,0.2683251708533776,1.8163656910998613,-5.145368689582273,-3.0609665588010824,1.4513510867453157,-4.08129666778551,4.142086116120102,2.103275058231607,0.21517782416779493,-0.39147370670478093,2.78125
-0.02323858699494885,1.909301101848134,0.6405427136033924,0.6324087902004605,0.6426827750363124,1.8439823396342165,-4.797322004393968,-4.950152521714901,4.020646454558501,3.4814331230653734,-0.4855950245357326,-3.0188233413606094,-0.7881883384514901,0.8914995830453771,2.7890625
-0.410652902962084,4.345548618314567,-1.243085372700647,-0.9116812548728499,0.7390623445047003,0.10062435159079117,-3.373763311367117,-0.4426879244356608,4.7682356370054215,7.2991687753722125,-4.0981719225635835,-5.277252895156474,-2.6441226681757346,1.1425157960721388,2.796875
0.39707009754609174,1.4311743325245565,-1.597186661395881,0.22048675544548307,0.45224032499553923,-0.15087593666620916,-2.559650529893149,1.9163909908312056,3.8143275256809557,6.648330887388515,-2.071356696919056,-5.05971292833591,-4.201619784837277,0.7499961955236922,2.8046875
0.970611750186891,-2.246560512888894,-2.715917535294241,4.6305444950072925,0.01715484322293633,1.5098825003729548,-1.331195697291415,-2.736075709721757,0.8836618092118272,4.827986557602928,2.5623768270620126,-4.169398550441108,-2.8603952934354098,0.6455280024579982,2.8125
0.19021284582262737,-1.5778561764388168,-2.960994215672625,5.213403281777624,-0.2920411966931357,1.8539665728838273,0.9898211818394533,-5.9350709495672005,-3.800291051622808,2.931909035760239,3.9097672472556098,-2.3058592143184238,1.1882183437251566,0.5865616655723634,2.8203125
-0.5879597224817598,0.10294002414989188,-0.09962792153403065,-0.2969142138348921,-0.4586504835946949,-0.274672261698598,3.5052626266493547,-0.9692647246072454,-6.502179369688652,0.0935276089103062,0.9745691596987675,0.7385406867301626,3.7506521781267113,0.021928966375983242,2.828125
-0.14963269871164284,-1.1267805199992635,2.7360814571744565,-4.333975487979162,-0.4515148461901965,-1.8920877183975149,4.174513832910227,4.764408725998693,-3.9699217465615506,-2.520287665794417,-2.1624438934814307,2.7954327699717423,2.689118429865895,-0.5512314448366141,2.8359375
0.2446755523511871,-1.5020332623862231,1.6128214187966452,-2.259171451554194,-0.1565294888576207,-1.1374372650831281,1.9769790513160685,3.1541463018456497,0.7139583234337711,-3.133371918673872,-2.368261321289409,2.534949956451749,0.8269907048533325,-0.5066170586563165,2.84375
-0.5992737252751634,2.0612536780022306,-1.027978190440527,0.43475769047423957,0.21644693643939159,-0.09584826184587539,-0.7571826823928252,-1.1311112267547212,2.1351842167847996,-3.0003493661306084,-1.0596192361476149,2.0522172150273974,1.0461529623869428,-0.2731004227318485,2.8515625
-1.2557183605512683,4.272436301283436,-0.5666275100815292,-0.9971905166684246,0.2851565872086294,-0.5320296187726247,-1.2764717825564247,-0.5981946291084447,0.3231574477800089,-4.033967969941211,-0.9291543521705224,3.1105075506541833,2.6754902488356573,-0.4716954399728367,2.859375
-0.09069205078274067,0.46561678489915165,1.6944838572963055,-2.5320645985827563,0.0838753367582365,-1.0685966171240278,-0.7174152530361712,2.8089548271363283,-0.8507700946797672,-4.7462758074057625,-1.2325374688721196,3.7458728666715717,3.283837157544203,-0.8349183197099671,2.8671875
1.8173941877278916,-5.181161083806218,1.487330527464248,0.10174918749476804,-0.08741593777673162,-0.33974662210604883,-1.248100137783798,3.730289814534489,-0.12998787707492082,-2.832271230812442,0.5237768409795827,1.7691065033470448,1.203211929158844,-0.8052141583865304,2.875
2.3743910023231303,-6.723550197628868,-0.4192300680498879,3.474039073140075,-0.1477613930230228,0.7356887300407121,-1.8279360831148266,2.0713991876973625,1.316208025143292,0.293416157806977,3.2022658476350485,-1.1673565267440644,-2.7931697515770533,-0.38210815538298404,2.8828125
1.2887121628615184,-3.8449920748288804,-0.2668147666116029,2.612312008324345,-0.08964024748547579,1.0076222052736923,-1.0481562593902736,0.07678146570783718,3.096994114391555,1.9047520523098957,2.7615027581450153,-2.3314000257426204,-5.3338476622926985,0.16909295536791444,2.890625
-0.3688883069035024,1.006452633354513,1.2828598279789027,-1.1784273230266629,0.12785658467392141,0.5660825184297434,0.1239268923234493,-1.5232243250776252,4.092865222220041,2.8924930001759885,-1.1512802959874526,-2.3499903051632813,-4.280636775163602,0.7571351469019403,2.8984375
-1.6237346869443927,5.170638000238178,0.9192643295808546,-3.2452720864796825,0.2457838333326735,-0.04093177584097843,1.2129961055198157,-2.2134439364634746,1.7365779021041472,5.596564248757899,-3.7693278038175486,-3.448971536314952,-1.8211455773009422,1.271671440890574,2.90625
-1.7949094989289698,5.494998457277029,-0.6232256259485633,-2.1679123962602387,0.0041695268048858765,-0.15132572506846018,2.4629182610189484,-2.2087795650488147,-3.128585906542062,8.197541744354064,-1.9783492398809623,-4.935195004699766,-0.6181396834411541,1.435708690027154,2.9140625
-1.0446531042051932,2.5041768956927153,-0.5849216507116802,-0.1939148489385338,-0.2312272445753372,0.465439208998025,2.1904775560782372,-2.8283150582162913,-5.255029255462814,6.083430210354709,1.2514864771536454,-3.7140454218293453,0.343897330302267,1.0066162565654868,2.921875
-0.666728278198693,1.4425322438039594,-0.14949487852580867,0.5523665299101922,-0.041276354116900754,0.5527935328304593,-0.09589150640821757,-2.8556656813351315,-2.53168447497784,-1.2650496123022408,1.631104096841559,1.061039386052129,2.3861972004155625,-0.021227584838969832,2.9296875
-1.1279741669026897,3.555649973636702,-1.8681041400932596,0.46387497221221335,0.2071859600788523,-0.9024187225023097,-1.145490681993203,0.2925016674356292,0.6228194839254636,-8.414373477497527,-0.0842561084574328,6.036486550010746,3.589329598336556,-1.223495180108854,2.9375
-0.960253077004457,3.1602642969666355,-3.883400540109492,1.4364548149694345,0.08082065671333921,-1.95591110818105,-0.1665615103430365,3.6432447087936524,0.9564324750387155,-9.995763892073988,0.046935096225279214,7.074535489728348,2.3411318265129357,-1.775602649132518,2.9453125
0.6220353642983824,-1.9160510932418258,-2.632756955799181,3.506408088321643,-0.05738753962614263,-0.2633795591363389,-0.9842002646651855,1.4121795695577788,1.300924744471147,-6.443455290467251,2.300824797835298,3.961293483896015,0.40407787593206373,-1.2084443268679663,2.953125
1.9502291326448924,-5.912552953578744,1.0411278843540066,3.760862724244154,0.11710000316380044,2.2772282482265123,-3.442744684082992,-3.8505854831793984,3.5456601293364676,-2.2521971084686325,2.702016602023761,0.45234290692900775,-0.2442647886945735,-0.14259902031096142,2.9609375
1.6229709187658616,-5.002884689329988,3.1700419114352694,0.6881720644641074,0.1558742046553875,1.9650639691778302,-2.341139023134426,-3.531903871827538,3.5739624518984936,0.37660134123167865,-0.06963590185641542,-0.9271491799841379,-0.0823140685739879,0.40479589415791173,2.96875
0.7470027920355955,-2.4585288260814355,2.1817079778175,-2.4124020592837456,-0.18712486574378873,-0.548298613242404,1.7824726704147877,2.70230159122974,-1.1908319851789544,3.4659974746116133,-1.9705148267199377,-2.0500766511424087,-0.4299236646897439,0.3722480794381886,2.9765625
0.7231737119586339,-1.6449785152219478,0.133879447087922,-2.073888657190595,-0.3873144128695191,-1.4974387243627678,2.6644933484392035,6.269718775547022,-5.593837765944074,8.032611158047409,-0.36832226664437356,-4.971286389994987,-1.7801066684358455,0.49632093725549503,2.984375
0.9842206816204556,-1.7609150935096123,-0.26244675858683003,-0.3716445329477743,-0.20539337690112117,-0.27029714412927774,0.5120093210912097,3.5585313076850698,-4.446917124295485,10.526199578482785,1.1393940944187324,-7.206018076843577,-3.1622235464020894,0.9645328169487385,2.9921875
0.40170082345747643,-1.0575995744812803,1.4162968550500616,-1.2681802006265348,-0.06389439574254152,0.4901544346915795,1.0520916857717744,-0.5105985287527114,-0.607646740650728,7.574870845030617,-1.2377021131594363,-5.17089032303065,-2.196582974106234,1.1737677566214726,3.0
-0.7589077396567325,0.9296432873411596,2.850653410807889,-3.69203273123847,-0.0577932308150468,-0.1356995666469894,3.3566583722627263,-2.0225222497613538,0.9261674875920174,1.2371209787722337,-4.864946806572602,-0.1313594205239164,1.6157586137056938,0.7422846222924515,3.0078125
-1.3325620242015328,3.000233137748332,1.8067640016040196,-3.5202571794524693,0.10826747727817915,-0.7408341833860324,2.2019339018010107,-1.544360751511054,0.953649331244761,-4.037604646977239,-5.01219715743506,3.692401078061446,4.49480195531685,-0.0745732498319431,3.015625
-0.804143181652101,2.6238132532895584,-0.8551022246728827,-0.35651531353819627,0.26359158246066994,-0.7487277297583508,-0.8125950834781579,-0.0524298313450846,1.9840274037916523,-6.874237300077446,-2.053164570662953,5.012046053829193,3.5384231553240664,-0.8665350756908984,3.0234375
0.06332314300652125,0.0830044351166531,-2.564534550524139,2.596243952834426,0.1316571957832521,-0.5507844749876052,-1.5720960049251602,1.2156696372085085,2.585182871269022,-8.163153871618617,0.933554450074706,5.28260370606813,1.30852544541354,-1.3454170518681494,3.03125
0.05732354090099065,0.006791758361178238,-2.5794351953918513,3.581881145954693,0.07314800526799768,0.0601992355294987,-2.6017672947308466,0.33504040464937407,1.5282721228791838,-7.832685210237568,4.024266769354389,4.741717501658111,-0.032641874473121925,-1.3547762328955106,3.0390625
-0.8726587405323863,3.6490817892610377,-1.85256034499696,3.0629723588563964,0.30530057611033995,0.9442964554071661,-5.812469172339143,-1.4536663168342505,1.1307018969497638,-5.533807748144262,7.789852623471657,2.739447179685916,-3.1034817767308978,-0.9873606567975997,3.046875
-1.4447175306048896,5.4251376875967905,-0.7633660687709982,1.380448064707073,0.313224695125422,1.005568880198977,-5.64703930905572,-1.1411942370747932,1.9531398594212914,-2.00136500677961,8.31820598343839,0.16374096237471875,-7.145027955274591,-0.4149642909184424,3.0546875
-0.9845198618654734,2.7309468451730496,0.4832399087897017,-0.8027389558267092,-0.005688357174257956,0.31268411325884726,-0.2184503208969222,-0.6774313536346542,1.025878191988292,1.8917349158732928,2.2833766197826786,-1.6395531673109869,-4.782312409752892,0.3822478789832055,3.0625
-0.2511366652438351,0.10537872887902983,0.8969277911930031,-1.5942791801172007,-0.03388029798632637,0.3124541721780081,3.273118090359666,-3.6116613813412175,-1.7481172354456398,5.0222725267246755,-5.382966740780036,-2.570783709045808,4.372844623927893,1.2074250366631623,3.0703125
0.25867195955232175,-0.9751764242371774,0.2617696924026353,-0.34843720214815704,0.07931710295991143,0.8063107038633875,2.589225283341471,-5.579255576815058,-2.948832897242891,5.534816052679232,-6.613685947822349,-2.7415625469447336,8.329926475856126,1.343162807453658,3.078125
0.9489470144791227,-4.159447045889932,-0.10003924244458999,0.7186719672325932,-0.4484605161216135,0.035134119982364605,4.13728320186628,-0.1359047438723056,-2.49220165642138,3.7658788841046507,-1.6670780359960566,-2.236376987062382,1.0701089020634054,0.5613175309686292,3.0859375
1.5947388024313938,-7.329485529829536,0.4439319793264553,-0.12326949875159657,-1.0756638065967232,-1.4443688064422733,7.098971316775981,7.352468181503474,-2.953545875170462,3.5699192917690845,1.831229424015941,-2.469212389218814,-6.4177397129796505,-0.07765231697081836,3.09375
1.4885161524634565,-4.754050883715907,0.7523543821979806,-1.1112630094777753,-0.5248830998897972,-1.0806420384064817,3.2668419257011183,6.211323863493081,-2.8036405891159197,6.570733112078849,0.08276435351409042,-4.430704737819639,-4.0376115021072705,0.3687438652076026,3.1015625
1.195624952343698,-0.41818493939038875,0.0612035994470842,-0.09955985365890331,0.6184009092917047,0.7520015226510771,-4.09996456705536,-0.8665139806994826,0.8304015036074087,8.1472917243763,-3.6449933996156383,-5.660809030797747,2.083466731690727,1.095605955561613,3.109375
1.4645565271090815,-1.868048464871029,-0.7347322298987421,1.3075711517982267,0.6434368852080419,0.7968136192104451,-3.3346429023661632,-1.8503686616980943,4.602313518943062,3.7848735108034193,-5.439951886315383,-2.8455068921413478,2.77900409991259,0.6885425030198093,3.1171875
0.979336910114254,-3.715733877172821,-0.636205388688417,0.20209431148014384,-0.1924412696624474,-1.2787828576042986,2.9852726385195987,3.5236623937685643,3.151521938991739,-3.935629458404549,-3.924296172091229,2.855769606367308,0.6417617253644078,-0.6573211930019354,3.125
-1.462902297197972,3.1531016653357598,0.27501021273346193,-2.530129086704712,-0.22096303711015336,-2.04674224334331,1.7819381269837766,4.13759232866327,-1.604016155601531,-9.120160007513206,0.8516676701045603,6.885155156135352,1.4132560719260268,-1.5089551257194815,3.1328125
-3.57740154941694,11.380302997423758,1.605119478692313,-3.451292062192171,0.4972222286860303,-0.24061270961540887,-5.807756379448083,-1.9575088410833341,-3.463142788365051,-9.988711398767075,6.067961402313226,7.2171409788069,3.0705939307979726,-1.3457725010660508,3.140625
-2.4274313282779914,7.578275351227705,3.0032628530841543,-1.8402147785989795,0.5143303001198981,1.4321412340277742,-6.896294129395762,-5.267027292981454,-1.307142292082383,-8.625089549787726,6.873723274706131,5.682789348710084,2.1730079206253183,-0.8868806282991184,3.1484375
0.4907989548254385,-3.3192278483556743,3.0896858721038485,0.42527263851021097,-0.1659952402327482,1.3100419035822446,-0.7799725586492755,-2.8742485518347545,1.2917656012846432,-6.464419212676634,3.1199678026416744,3.999722817593799,0.4977988690891829,-0.6142920748499512,3.15625
1.3796828090411788,-5.796244314344075,0.03416965070061427,2.9178244654346215,-0.2977957250497342,0.8689983473746459,1.5794747807164689,-1.5623672732311393,2.66754853515649,-3.4382180841017815,0.6003748862244391,1.8368422554196413,-0.46535305907620517,-0.3220891203332781,3.1640625
0.1596020234532124,0.5285973270588992,-4.920182657885857,5.644194605569526,0.2254377609503492,1.008914232301081,-1.9215902403262541,-2.913011981330981,3.544772212061394,0.5735742783460201,1.7768897649402076,-1.3136440546978425,-2.4952107536345487,0.09943134065971562,3.171875
-0.24282806921518377,3.3578347447480117,-6.571115262463433,5.504899020383841,0.4283025211814152,0.5696408283159827,-3.158156166535417,-1.1970119404640012,3.4721824698247046,5.286042803589662,1.8087771807763664,-4.6539208279062985,-5.138521834908477,0.5291134579182976,3.1796875
0.6259635006998687,-0.28536490994503855,-1.8897997247060812,0.003739216282477779,0.04163498754861264,-0.7253290070212314,0.9892899725465553,3.6374138844614596,1.4466975771464021,9.34110854751334,-2.429406983445303,-6.608317610017135,-5.161090772344904,1.0086908008682403,3.1875
0.7665891669551963,-2.944013176156115,4.3380225018084255,-6.256327080197993,-0.37106070483591785,-1.3811363845398998,5.581024460428747,4.906295318994088,-1.3364325644705624,10.226372581251859,-6.502756857281889,-6.11288705874553,-2.3555019554303187,1.437879551376731,3.1953125
0.09743957408504979,-2.178977249408179,4.663870497673471,-5.722219543987138,-0.4601508203324335,-0.7006725348587752,6.25788819646744,1.1781585952364884,-2.6952942958443136,7.047878458703856,-5.552641641551366,-3.7289791763585898,0.4747834981271252,1.3160673571355104,3.203125
0.14060666384858594,-1.4891166206510313,-0.7892910249032822,0.9406411541388907,-0.2867612892084181,0.2166341385244266,3.15058782876876,-1.924802568578072,-2.72269472060649,2.4332348278563614,-1.2766597735592595,-1.2447974825964594,2.354529342634098,0.4960873657671931,3.2109375
0.40469701736854335,-0.5802769635079025,-4.366333264620685,4.540979032135913,-0.020372986106062797,0.15999055044292484,-0.6176982874080634,-1.142176608763393,-3.2116133511342806,-0.8960111514075203,1.519263957059546,0.6361721951554514,3.9704969305254116,-0.3976097957848325,3.21875
-0.5795436735325029,2.549866683403819,-1.3559379167758339,0.05241259718175514,0.1080536461933289,-0.8234862477134611,-1.6007043137164074,1.3713926265085052,-4.041400232357666,-3.6661191577123162,1.1873855670264322,3.0063544505685806,4.636698101364854,-0.8425136711268937,3.2265625
-1.7849736385702493,4.4555187801870195,4.220396201315516,-6.170067398846412,-0.015588550721837352,-1.4838048138185609,0.14812473500011392,2.5711669809661672,-2.999628658053706,-6.916051043715343,0.04851491367732319,5.716312546682828,3.176750968090162,-0.9603861173031515,3.234375
-1.2108445429775858,1.4571631831760146,5.362530615153479,-5.228187837425644,-0.1816616613107935,-0.590167434568669,1.0908345501784875,0.898314574525398,0.28744914861880594,-7.856993785689903,0.7791256621228462,5.816176375767655,0.21131889861965203,-0.8282475143974395,3.2421875
0.47685360863036197,-2.6519785007939127,0.6009257419894037,2.2158525136397036,-0.09853823665496576,1.2783980486424955,-0.5505847556790602,-2.753170320271033,3.3197367323058806,-3.7225102369608236,2.6652093105456265,1.7879256121802387,-2.2935168235069017,-0.2724685518881729,3.25
1.2889670449397586,-2.6439061878919046,-4.781230714164182,7.437941006275547,0.23726153814984416,1.979139878461687,-3.0075172961283023,-4.201488065450539,4.236761277463584,2.159824979950215,2.5331558216222865,-2.82358506645881,-2.7473638373417595,0.32840822271438486,3.2578125
1.2424699503700092,-0.84642806223099,-5.277579452985413,5.763587267910916,0.4719216590298594,0.8168359033126766,-4.0471341949515,-0.8718121900669269,3.2629681547869467,3.9169942883179356,0.19170009541195107,-3.62299681901902,-1.2754307139927075,0.26908847858258544,3.265625
1.3098938209370279,-1.980163171245949,-1.5648166487430661,1.4705802836338593,0.2328041759073763,-0.34742677907370756,-2.355239450162585,2.8876608686977714,0.9758085998699627,1.6732230602965896,-0.8967755621199406,-1.431086412221742,0.20348155981042446,-0.18285974647950906,3.2734375
0.9905254425124715,-3.540054172822541,1.4147207112346398,-0.5647075639147694,-0.24271128491034027,-0.17179401462440363,1.237784397925866,1.768992788866859,-1.3090535708779147,0.5513159152112104,-0.2115788619454374,-0.27121780431874554,0.40836430564295967,-0.064404960837015,3.28125
-0.2736471741550344,-0.33368885998618425,2.0034640184581063,-1.7587845551148955,-0.17844147357530013,0.27990705458344334,2.143021582087066,-1.5755418759824755,-1.0749600387370852,1.746688805789001,-1.065168789238193,-0.860628480321034,0.41111308195053803,0.5338155794652807,3.2890625
-1.1708837277181439,4.598549868081707,2.903634434484512,-4.3520963173402905,0.48639410948633743,-0.04534642380328908,-2.2028619840425394,-1.0971069965289584,1.6343233532932462,1.1019738091245548,-2.8810905854547704,-0.39029488560986014,0.9341695705199633,0.4799835211745766,3.296875
-0.57713339963621,3.7851603230148245,4.351075170233363,-5.331827049947736,0.6714555699043545,-0.4975472462725246,-5.444732375850573,2.3705363230891723,2.9883160576790537,-2.8728457900373336,-1.3221115667098196,2.0140389744668674,0.2933686382716531,-0.42516079870396384,3.3046875
0.09614202149518801,-1.0666023226638166,2.8637650674013546,-2.0500917921939603,-0.12035005115582491,-0.4873443953997528,-0.8292693007684581,3.0472946422980582,1.1580550111794043,-5.780331221550686,2.4396761673707235,3.7379885417557617,-2.028565184169756,-0.974870662633828,3.3125
-0.9201070609056041,-0.8142793651347899,-1.3582251329315163,1.5987300112723422,-0.7928148457001355,-0.3577291372755056,6.128775241331222,-0.4961328451803001,-1.3456175687736547,-3.939039706841744,3.0676478393726248,2.737804306869427,-3.0885798263734245,-0.41294927944146803,3.3203125
-2.3646919158122586,4.503326897821047,-3.2713952183012127,1.561258283420148,-0.501320097155505,-0.06864712054389305,5.785505253485595,-4.040926507888292,-2.977196098444556,0.5070764392704581,1.4297138230539803,0.10818975785989278,-1.1391313838540136,0.4765116892767259,3.328125
-1.417769143798709,4.183054025599658,-1.8537033349722432,0.8477309400645651,-0.03188227705623292,0.49176314167708823,0.5373582996666899,-3.4908962531561887,-4.283081406503404,3.383741542382043,1.8131108805754603,-1.9925658032968638,1.2024146361800894,0.617060371758745,3.3359375
1.6002957143926184,-3.9044770296298132,-2.079450414327789,3.2575630461372485,-0.13089447554624747,0.40403270510727807,-0.6944074112758232,0.8033067256134337,-3.6179756795993816,4.044943858362216,1.6245451538424494,-2.9412825976811177,1.4945708038796703,0.13964537930851825,3.34375
2.925869635861588,-7.582951875930299,-5.040868432777422,5.439736849273341,-0.1999849902614446,-0.5915242819130213,1.8443444674374088,3.7852585164308135,0.15687239858733235,4.615474580420991,-2.991708032143812,-3.4135327541187026,0.9960896319495449,0.049838763366754524,3.3515625
0.892223828351399,-1.0155015069885316,-4.7233774482474535,2.532027951915125,0.1975729419594729,-0.8518185583369413,1.9074342216881512,1.2738465744244747,2.636416928101278,5.654001216453806,-6.721717052104672,-3.6839346489988647,1.1965155713131561,0.6951974760535758,3.359375
-1.2750853801390603,4.838266811406232,1.4473492394570473,-3.3211342645625033,0.4154313969964099,0.22817248952739136,-0.5831429052854195,-2.8233824044502738,0.5312097711801532,5.256757375811373,-4.034540103495739,-3.08530796796912,1.2107226771930575,1.1849935692709066,3.3671875
-0.6121053786894489,1.7916230344745459,7.014401190057931,-6.474389534252196,0.20195003462140912,0.6154486383624952,-1.9702670698861817,-1.1525953882721416,-1.2657051890107507,2.1176434544128266,-0.39849023757326063,-1.051128073182561,0.536987357844993,0.6408919456292779,3.375
0.8287359163733226,-2.1874263401089955,6.066979322187959,-5.270138681695485,0.13797007642471443,-0.49514601343544673,-2.1892075945044507,3.8771128662995733,1.2072098550344559,-2.5946091041234927,-1.0924235739811854,1.907961095359376,0.2787928651339889,-0.47759437963399215,3.3828125
0.001582557135566785,0.2246809084319899,1.3747904015753152,-1.5375419483966783,0.16637795136227118,-0.7983890420685745,-1.7817066820727296,2.769730344393184,2.56225543733583,-6.762409006443241,-0.1563685862634708,4.567837658609585,0.45746506691708333,-1.085504397255567,3.390625
-1.561635670305371,2.5734455113879897,-1.5046673417761436,2.656785998573842,-0.2577008280117769,0.5794018523730049,0.1738987348995967,-3.395816371660676,-0.9757547771473811,-9.219487492432426,6.240768692701218,6.0097690521630005,-0.1873303510394817,-1.124275439509618,3.3984375
-0.8132749578423152,-0.774609496066042,-1.8287569613101409,4.754454769178936,-0.6161734249496867,1.0756119350665294,1.284738000585769,-3.5334860086118307,-2.364687459047764,-9.721452785885566,9.231020000317228,6.034160378602288,-1.4075536145740148,-1.3115493807399494,3.40625
1.1051404108781484,-3.529142730759795,-1.2992413324118266,3.0901639320947396,-0.06982270065139151,-0.20619419507881065,-1.719132291485224,2.718265826113547,3.522307041237378,-8.15983470015004,3.143486857313541,4.763862791320659,-1.8551006128051073,-1.499735584217997,3.4140625
1.2449779315226914,-1.0956111724216542,-0.12379188848374961,0.3031920183128697,0.7033798998007962,-0.39046363996134204,-5.286825387113248,3.31959684524163,8.880001548315368,-4.097061419307143,-2.844965538555056,1.971020351230411,-1.8090028284889064,-0.773556498248478,3.421875
0.3006233592379425,0.4945288840321734,0.8544890558108396,0.48425155112260115,0.5179076122676556,1.533408979816811,-3.628799697997851,-3.6151006250873166,5.205376165246277,3.0440639543984416,-1.0494260244845734,-2.792082409060363,-2.146324484290067,0.7955707534531684,3.4296875
0.6826280365632402,-2.3365209457183163,-0.2533615024654652,2.2935295293600966,-0.22667019307413644,2.1724722208558824,1.2843573410228561,-5.397599679480375,-3.6631354361099384,11.894523175497207,1.5758427043360497,-8.384543431709195,-1.5848315300497058,1.9401403769308467,3.4375
1.518526672133227,-3.394577673700209,-2.0017482675796305,0.5176577408566932,-0.40361839972647484,-0.37295858227689843,3.851099406677554,2.353358339700013,-8.974673621476969,17.107059476999535,-2.5061531924510705,-10.934043309745,1.3239320928739464,1.9124135236809505,3.4453125
0.368569504592223,1.0945220764641983,-0.9936895565287203,-4.680015362536251,-0.10685804999797384,-2.9597288102029724,4.182426047443693,7.7411984482450995,-8.262703536535058,13.291819043428008,-7.961974001844091,-7.305643371043683,4.387370214870927,1.2032478436313845,3.453125
-1.8674989514327105,5.398815120185034,1.2195696615273186,-6.35425109502315,-0.050828517303471266,-2.4377748226513343,4.620855545625902,3.038717460321743,-3.909811599411647,2.7946888042812597,-6.8860295934449525,-0.17017245520520616,4.119066851684571,0.4860666905001687,3.4609375
-2.098063543136125,3.9605761520445086,0.3377180184893599,-1.242227179628406,-0.13528843261176857,-0.02935199961977047,3.3578585862569037,-4.098819096867437,1.1348158566657465,-5.154805930299021,-1.290449005260067,4.021139908423072,1.3055698581810087,-0.06810260284921674,3.46875
-0.18678680180890073,-0.6152628455609069,-1.8278833222480326,4.279725527251672,0.021290146087811327,1.5045264391863065,-0.7839334661645857,-5.302185354912946,3.6836948357617647,-5.962970141996213,2.6025243492077563,3.3423285128616507,-0.32127610485109,-0.4366597074241945,3.4765625
0.7112672424328225,-1.9504160118734202,-0.2949980444975907,3.375497574438893,0.18892885637713694,1.5195552252088413,-3.8684977724848157,-2.863615841060082,2.8657947003164113,-4.854892284309323,3.8704900164608786,2.3825826955681304,-0.46436750561880763,-0.620688734934861,3.484375
-0.9055182323250673,2.0333130433994206,2.60092030778932,-1.0683655606072908,0.11832998966753482,0.6980084809002325,-3.049835262122769,-1.4660198185614262,1.8498369350677526,-7.035506243421207,4.565184499369477,4.318057460133538,-1.8334413106236658,-0.8243521589600156,3.4921875
-2.472157681808015,6.0760847949296295,1.062108517851164,-1.8677024761430285,0.03002539121037618,-0.42332606312422644,-0.956419517108767,-0.2600247400496403,2.662992100940397,-9.492882002358606,4.320494660150051,6.2306363471113135,-3.771922617635623,-1.1329001726198198,3.5
-1.242697040437761,3.3839294288078774,-2.2097285624986127,0.8403872005947511,0.012477489880615597,-1.0777766229840755,-0.2995302565284664,2.2642740347712325,2.9944241670671383,-7.680148047111943,2.310845745113766,4.932727825171518,-2.986701109119132,-1.2361516811964424,3.5078125
1.359532345036704,-3.895497102406096,-0.6977110051782003,1.2837922358693856,-0.11415758133358768,-0.7624070685753479,-0.16701978754112404,4.082684735856796,1.2871766250822736,-3.3751868842738206,0.1760613937984876,2.047174963236504,-0.32893224727772485,-0.8911162986277368,3.515625
1.9169288294112243,-5.947036321204167,2.936549957931451,-1.4430960757052476,-0.19932764529943284,-0.3218125473526026,0.38885318110283584,3.66450944800647,-0.47496818383124617,0.1788501841088083,-1.0249579410829759,-0.08202453553774301,0.6584312331731079,-0.25056918230932584,3.5234375
0.5721447065475521,-1.0703932078085476,1.899407529387874,-2.722531528239227,0.021674411638863463,-0.5741048038813071,0.5545635634527586,2.3904598417438154,-1.291067350653578,4.282081430269206,-2.8764391924826795,-2.499223852859166,0.8248142873720625,0.48452241117972195,3.53125
0.6377415819785747,0.1736793614891038,-1.6765125211186818,-0.46848825178917525,0.19527187644742217,-0.5314567747212972,0.5740476718157703,1.2073454239701853,-2.6851952356040987,9.861259577161508,-4.950381068967532,-6.144873579655718,2.6028803506999365,1.1979139419040206,3.5390625
2.5936582841927738,-6.5793419882425965,-1.7319134318912044,2.888582314175238,-0.1639731278532617,0.861405294257928,1.6236802990844708,-0.7397972459024582,-4.538716663701026,12.878279557430611,-3.1796093230693674,-8.599794077981734,3.0903999528853636,1.5899410802531662,3.546875
2.9890999051683314,-9.953258391251989,0.011320178993696453,4.552214461364208,-0.5769743302701258,2.295501042132072,2.2314268524057,-3.2353789405659557,-4.39003275710318,10.229779282434592,2.174909265888379,-7.4833562128198485,-0.24266663750532014,1.3912727518633219,3.5546875
0.4146742174766397,-1.6293790707420504,-0.8192396812525014,3.1397297662084975,-0.13763207474099376,1.8218851932485702,-0.42401880873476466,-4.230791231491853,-1.2334877663404957,4.484492852008875,3.597000346750559,-3.6667025471017367,-2.102600734423573,0.7830404885140521,3.5625
-2.002524882627528,8.471093069023711,-2.010143810364365,-0.5201589102038601,0.8221368040666877,0.008577590809865926,-4.590088879577634,-2.696119975515732,3.0525422110637894,-1.1074026012267455,-1.5665320751477445,0.7645769838844171,1.2957584859768736,0.08095359757298817,3.5703125
-1.790312340548925,7.759980103475897,-0.37280258818614986,-2.607248051452707,0.9319765288385073,-0.9290689427569827,-4.701925812383654,-0.2305018705331446,5.546945207109525,-6.408063528470591,-4.30377255812493,4.642596310308306,3.1450302512971846,-0.6747793594926016,3.578125
-0.7215647110920711,0.6045012582915702,1.7820413258318732,-1.0351841150297911,-0.025193352130095752,-0.3441400077537307,-0.2842492570341331,0.5688574239780304,4.75380207181815,-10.785705104593502,1.4918885790169354,7.052445421183624,-1.726002658560467,-1.3220614889589226,3.5859375
-1.2709933631832342,-0.23025269188137565,2.177178797644709,0.21766579178761314,-0.6122701646042197,0.38775914779760495,2.2316837807406102,-1.029081168008839,2.2562734025360913,-11.739708345358297,7.3674525406407625,7.360760808421038,-5.725577358283444,-1.3835157325398055,3.59375
-2.688375754720468,5.919998613449053,1.8121358226389677,-2.168389186163939,-0.10026629904563986,0.020952528857525698,0.24832077358568239,-2.4160120105838385,0.5979284003495422,-8.662786060668019,4.280169226219547,5.948381043650758,-1.9690057958548186,-0.8184547983184073,3.6015625
-2.5497079739623834,8.131041400977807,0.37348322052238364,-3.992830663880732,0.3391196157404704,-1.2696010632985897,-0.4054354588737765,-0.05201506786240042,-0.8927414120837969,-3.2840972691740435,-2.281817255184047,3.142357652555922,3.010341037801385,-0.26712375452592013,3.609375
-0.35542234125913963,1.749358228261854,-2.420558982853236,-1.3990421673689701,-0.16919035590520132,-2.2767764890109596,3.093179820807282,5.340357304722208,-4.029930631284883,3.025713235379625,-3.14446868063935,-1.1424158083728955,1.7777419975038262,-0.052860729477097294,3.6171875
1.9271493510836137,-5.445196372297798,-2.6190927583326924,1.0221271520944852,-0.6485369157865403,-1.8515972104407987,4.587755764605067,7.937529530592041,-6.16514751265371,8.600657056826945,-0.797750611293068,-5.45996468452631,-1.3911180180314509,0.29459175013681044,3.625
2.414667139714932,-6.187775317239176,1.4328499288978753,-0.8573548260320871,-0.22983882222661503,-0.14221024409908006,1.1235904691011145,3.921752376264376,-3.739689302309729,10.76041129442058,-1.9768994468842669,-7.195023750268717,-0.3845302332061577,1.0510637978968054,3.6328125
1.5687112541655786,-3.7358567679709296,3.5781289240469127,-2.025553159311145,0.23748630443265487,1.319470709514544,-0.7329574716606272,-2.6469531762728478,0.13451831496807834,8.899660714599575,-4.795735440342189,-5.887658896225422,2.4950737672445307,1.5849256031042742,3.640625
1.1924812801948084,-4.074470329249429,-0.07562868681221396,1.926442600161806,-0.03312260978970287,1.4448316855711634,1.8875549050687435,-4.974984737542173,0.5215143751409262,4.943248470916805,-3.839813965782197,-3.2807730580073016,3.195547714303929,1.1633920064894983,3.6484375
1.404088766196287,-5.175731703054923,-3.5371870722779692,5.685890824374381,-0.2952393090152449,0.9002298505194851,2.1273835069992515,-2.765970078692536,-0.03133380534627554,-0.3805493881049095,0.148614938066999,-0.05105382661003083,1.9829382605266408,-0.011269103403861665,3.65625
0.529329398874751,-1.8282140058548044,-1.5764401915622712,3.802753469196244,0.05798567148942049,0.7575122524772782,-2.332186067650479,-1.3520434689145575,2.9577938669084713,-6.96870461113295,3.3637673033763513,3.978699538358771,-0.36412591997410826,-1.0192651876149554,3.6640625
-1.4963102430735296,3.7651306334246493,1.6226524451000461,-0.050652794672912324,0.30689706142836026,0.8163423544774825,-4.167213271072957,-2.520208780407851,6.009520263512878,-11.487376334332277,4.95815909613691,6.951309312902848,-3.4160872132792868,-1.2817222720611054,3.671875
-2.331143301781481,5.319318712523787,1.3745306882853883,-0.889222427225007,0.04555047642247577,0.3857417177580438,-1.5688594739035457,-2.2559726636898656,4.044712152490075,-10.008924135623715,5.426480795475372,6.232880665098853,-4.727981287214398,-1.0382512396832024,3.6796875
-0.9477683580679216,2.94491829394161,-0.12054089579662282,-0.17957743282052763,0.040178820642368496,-0.25165770759533074,-2.0373822263017765,1.4066756681150854,0.3783618881347126,-3.813519891116827,4.368520166564538,2.208154491998412,-3.261223655169957,-0.7311788355275739,3.6875
0.7319336113890114,1.3388913956694874,-0.48454309545068697,-0.24863050397571232,0.5376562486663979,-0.4035875318879649,-6.292794875506804,4.38357835754483,-0.035603820154432475,2.527792704365262,1.8515267808254048,-2.2023756144322637,-1.3925255642062895,-0.3129512086535812,3.6953125
1.0672140970140758,0.8607404633857259,-1.2415491129605611,0.07123704626452328,0.6345980605540802,-0.2057403829536472,-5.4378381998514485,3.069169317951505,0.10595132780944226,6.885820695263671,-1.3847671980013767,-4.965922212068943,0.0917684702242227,0.4425482654059709,3.703125
0.6822149385363782,-0.9316614875567096,-2.082958116168873,0.6739192378756457,0.013832821324274795,-0.17321801456488112,2.023750238270138,-0.2511335165376724,-2.686435934320258,9.213918931463295,-4.464210953596272,-5.7653094165646666,2.495850009333289,1.2419627940484872,3.7109375
0.37232720184950896,-2.5815256756010396,-0.31494633796859867,-0.7105552890359341,-0.47400882634537356,-0.19849626378990431,6.881658652333823,-1.8475692245259792,-4.834876206016605,8.608419324623465,-5.729335414686595,-4.751008180357555,4.070940699277942,1.5013481640619448,3.71875
-0.19194621055560424,-1.3727368475021928,2.776617405827721,-3.215232069937591,-0.381403833928871,-0.08489671685449438,5.376333385256599,-1.7162485543868289,-2.8900358651334765,4.494234296864156,-4.315764284874845,-2.1018268577073917,2.549184946583546,1.0711958827997803,3.7265625
-1.080732531074156,1.3750286188134,3.0718344166612046,-3.7898940597274398,-0.20578156334786402,-0.376088845690192,3.2742850994245387,-0.9603119010388579,-0.4041809186488517,-1.419959918890854,-2.200263144683062,1.6361841983310408,0.8609053501274817,0.22118296365864337,3.734375
-1.6061238086901541,3.0917585671910706,0.7268099912408355,-2.598367705433579,-0.21092373370943657,-1.2814259101374572,3.0932168467565018,0.7951454814236263,-0.9347226015917995,-6.086596539729289,-1.1442796476850146,4.917249795810789,1.9263939390918847,-0.6833901023777149,3.7421875
-1.2774283271793425,3.03194794938759,-0.7732472522053244,-1.2563932963545763,-0.13157201927998824,-1.5491984387430153,1.4612871822496438,2.3662196458830187,-1.7921481365112164,-6.903067498355143,0.21435066673589828,5.331191937943558,2.4004305940617425,-1.1172360643182728,3.75
-0.05252628252201737,0.23481653510299977,-0.9258261080802122,1.10005307533101,-0.01201495490412846,-0.27287684917198346,-1.1724988205777358,1.3079138259741576,0.04062914411291757,-3.8954123537321705,2.4148491439042163,2.429316555610971,-0.4211335696630077,-0.7714606157098347,3.7578125
1.462704710932243,-4.623743351396588,-1.3501675370480086,4.183167940183146,-0.1143070926133647,1.0912062239695008,-1.0529407182884796,-0.8582742828921308,2.4534318643343846,-1.1295694479991267,2.9175213941341167,-0.17099282815825875,-2.5449193981924196,-0.26045468508998576,3.765625
1.7518334517299199,-5.905880717674961,-1.0527955465394603,4.094719549380431,-0.17919173804348418,0.9345431404242274,-0.18413957822511098,-0.6460201543419395,2.8196105494276122,-2.464072174933946,1.7769344270988296,0.868549016875086,-1.4023454646447724,-0.4081450240451639,3.7734375
0.2622453870121156,-0.643365115476809,1.4611672090270684,0.18199374149636197,0.1624127953750017,0.47028099336783963,-3.156957644185031,0.18415833074571009,2.6692102489757534,-5.255118575991352,2.742365517219217,3.0064657151243863,-1.3028429625943698,-0.7777475736315033,3.78125
-0.9223597297742887,3.9187494918688643,3.425241553968317,-1.8615004592297453,0.5475712615155359,1.3165972852864944,-6.830785423228212,-1.8304382436822835,3.971216522597156,-3.3606492683949147,5.038081945914413,1.3379227607217283,-4.4376212144177964,-0.3120173834669088,3.7890625
-0.01790561810478114,1.2394112617732014,1.037650359091813,0.8326034316783546,0.4048262383472756,1.8505624237589238,-4.466149821154802,-3.2548967365465487,4.5153159019408,3.4041342820914107,2.994134244281048,-3.465850234066998,-5.798674140042708,0.7172763113935734,3.796875
1.2108764984342038,-2.5565550269712976,-3.5539084540735253,3.014000130061657,-0.03383337440319953,0.09969730175334125,1.7976153304733893,0.39831797238998856,0.9838823507310459,8.902210315530692,-2.9308280996808445,-6.329081956464724,-2.133803146000875,1.1207237291712149,3.8046875
0.4998774980786526,0.04947730343844849,-4.303949625406411,0.45049265055428706,-0.13534486338192198,-1.873755543996899,3.732447591590957,4.262119811008505,-5.080200475245931,9.37799296825129,-5.328989859816908,-5.427771828572796,2.9564672455711887,0.8144053545587256,3.8125
-0.8187103633950966,3.859426190637106,-0.4962833971252202,-2.953471591503119,0.051884369344827826,-1.3047120617939614,0.8430565040847177,1.9693314469587238,-8.192294829357962,6.23900421345534,-2.5518604434231746,-2.93374786801406,5.714525687817567,0.5719385060830753,3.8203125
-0.6030896097408289,1.6856535661793934,1.9361524246223296,-2.392910059177287,-0.0006279194264071699,0.12954294209824443,0.1599141503482485,-1.895674155537967,-5.692532500320503,1.5276325764034284,-0.6605200793395207,-0.1590170109164073,5.629155965194201,0.3357538121764135,3.828125
0.0032868576127658413,-1.5642647202028708,-0.13844501552846297,0.28249578822648075,-0.2775015879451266,-0.33537743456462427,3.0262347523183717,-0.46042697382150993,-0.38845550852423294,-3.2367765322930238,-1.3858753726714013,2.5753964234903424,2.2090125810300996,-0.30803737694226574,3.8359375
-0.7216980126652541,0.5810661713865668,-2.2302221407623892,1.0737398147999428,-0.2766105186679138,-1.1606570862678076,3.416297621281434,1.9187761944712198,3.638793168613527,-5.868917683362375,-0.3833348634203084,3.8907629397869066,-3.0736390401227487,-0.7973334849955407,3.84375
-1.3388915757446678,3.0169339061573925,-0.12448433092597234,0.21370569262436817,0.04872153738784108,0.13016563866457842,-0.4331760055206726,-1.2173927005433185,4.59148855178082,-6.094525853130512,2.367092341449821,3.625957943360742,-4.181295328403517,-0.5923852223138328,3.8515625
-0.056138319842297106,-0.5324900913655702,3.0938918805833002,-0.015848926566030264,0.22362781546541297,1.7208919302408272,-3.22149637738701,-4.733369307160739,2.757552603998039,-5.810902390632175,2.286425302740399,3.4912864249236,1.1611699734733607,-0.3549131358439119,3.859375
1.669303291010756,-5.1007248198208055,2.745963188483096,0.2961886023026618,0.10136829510020953,0.9446160005307761,-2.192232329123979,-1.4441750459580094,0.23266815539704963,-4.058537611064202,-0.6054055755501995,2.7349809066486643,5.168008681962262,-0.4901528891832884,3.8671875
1.6047447937694599,-3.7715470574073793,0.4238773235694116,-0.3833493578997012,0.018080843194528365,-0.6821639228931404,-0.40842671214762877,3.8808980486769995,-0.3559875312804855,1.71027620014466,-2.185476577376366,-1.0663881422886365,1.3531072655176617,-0.14249591983427773,3.875
0.25126503664244787,0.4670343773377411,0.41221836400419204,-1.941673152592403,0.04788041138488666,-0.6072027711798779,0.25728484853688066,3.3476143888216634,0.34497694430978026,7.609669488354602,-1.4131691295530493,-5.265705021937682,-4.355979974101235,0.8387269408280457,3.8828125
-0.53976117575766,1.3052551374286199,1.8897090119816662,-2.432261929418158,-0.11622416086147715,0.2147826643595357,1.3410134872745545,-0.22451915839853645,-0.9260436976559209,6.261774400081055,0.14895651293722137,-4.223664538019402,-3.726742951175647,1.021192783269798,3.890625
-0.38069096383845635,-0.4675984654403366,0.8391718976824606,-0.6362344010889155,-0.3985903502285009,-0.0964899104961236,2.628939529350728,-0.2729425930128336,-3.482234905407783,-0.4394387118680248,1.5989578727725242,0.6445656150840084,0.48760106869760655,-0.03087407935149657,3.8984375
-0.12873151523275234,-0.273616440019473,-2.4207463051170004,1.893075627042854,-0.27665907049406974,-0.6879834596373785,1.6706565363174548,1.256197936968374,-2.7166094335418896,-2.895671165604236,1.5039129834704286,2.1887372038309505,1.5444982585901958,-0.6621937095755657,3.90625
-0.20673685433045225,1.9112285283310373,-3.5025869902432807,2.4945761550096015,0.255743169384411,-0.09499377924123846,-1.2755067370443387,-0.5300913360610067,1.2429032330094492,0.49194439765783127,-0.5949343765410222,-0.5187473087346356,0.34533021507626105,-0.020942231798440375,3.9140625
-0.26805058787984265,2.2891274398745733,-1.0283944609641096,1.1105818071568365,0.48413813346494206,0.926793049053381,-3.0042967623160677,-3.2742583693422054,2.8039033800936166,1.73512664560589,-1.057649715424838,-1.5124704476265745,0.30950048530296154,0.4873365420156186,3.921875
-0.18354597115735516,0.4263671002168335,1.3925632377502548,0.01600396615484581,0.11293708163127696,0.9130994646122331,-2.0735906531061614,-2.1766811686280927,0.6404150761672674,-1.8269356417354603,2.262519018927314,0.9336213069801529,-0.33213792263534603,-0.09910264123100067,3.9296875
-0.4986608574558954,0.45573375230273894,0.7349715125879381,-0.12149563848864998,-0.22296568661168653,-0.11437204504182921,-0.13888724923892581,1.099157493483459,-0.5466464904153016,-4.271155542631655,4.271788025947098,2.645601205620042,-2.558919117914724,-0.7263440563923446,3.9375
-1.2005034010186462,3.1971560991226746,-1.3563217157242091,-0.459244659071496,-0.06181988763846168,-1.0577579962641417,1.0813362245427514,1.9068970898015871,1.0687751554909608,-3.303725938157628,0.6688580432211083,2.308079305929424,-2.240926263573531,-0.5426563893117786,3.9453125
-0.9339638067099544,2.758197204776688,-1.5206017306287678,-0.6477052953549061,0.13205460203268762,-1.0206480549919605,1.5736087269281225,0.3009959248618559,2.2458169612594725,-2.719861952775339,-3.7630245127901065,2.2855265857911817,1.532546465774125,-0.21662049162819247,3.953125
0.836141958201955,-3.2547502893768923,0.2908999283553613,0.4210867917370211,-0.08458091696062262,-0.10045009595658372,1.7418078126167489,-0.43494668974584594,1.1739040392913984,-2.4525575481004016,-3.2124137345416615,1.9387064037807769,3.3323864532580947,-0.1939404478512593,3.9609375
2.044463351777319,-6.691277411080249,1.0712304731037268,1.3812656238893928,-0.27376129079287614,0.5825880113321906,0.9624522353501541,0.5121799235122171,-0.8158583957313955,1.651470607447992,-0.1804359255802244,-1.3031442900307397,0.9417432450667119,0.11192923757883136,3.96875
0.9324803751044514,-1.255749359752226,-0.254517878341385,0.3628908150941571,0.058533173003261725,0.36475714666047354,-1.347128792599291,1.1035852219249795,-2.404876927742721,8.077663875308275,0.5912308842781411,-5.687500748914008,-1.3865577118914736,0.8371925975199366,3.9765625
-0.7865126666238128,5.429190735194597,-0.9862686548593022,-1.356229979744598,0.4940104856714137,0.1467239367529587,-3.448161449084308,-0.11467902301573364,-2.736023991719037,10.336208801745041,-0.1812592602128082,-6.961271675383464,-1.1097352040537087,1.2684463110716595,3.984375
-0.6144065484624471,3.577283924429425,0.6922766862423901,-1.5861469826412578,0.365826794338359,0.6430477011688327,-2.4954387570745826,-1.9287138570724458,-1.787420562015509,7.0966832260068005,-0.3597842520376951,-4.7332699898582815,0.03895728163280693,1.0886280872244694,3.9921875
0.8038580106684827,-3.118441739221498,2.3188967140854038,-0.677998228234636,-0.14723430478383318,0.8069548801455676,0.8668740052671934,-1.6276538558835132,-1.2039884679030342,2.5723529458968666,-0.588926990511279,-1.6654534491911848,1.1159153935526205,0.5424390550357433,4.0
1.3937646979973615,-5.543004924931961,1.2459097190004798,0.3869922665973385,-0.36309477329181766,-0.0961284509524702,2.3338744226710997,1.161853239699454,-0.7330328610902679,-2.0959564682144554,-0.8513583053679287,1.574258868942262,1.9368791832925023,-0.353538877514845,4.0078125
0.9913571982386712,-3.7768464548703298,-0.8866554974682016,1.9201359562208877,-0.1634365856858859,-0.749564156416185,0.37018892020487476,2.8866210244086816,2.582119337597815,-8.809932101679292,0.40972091016481493,5.769387109396197,0.9423477887990597,-1.4852553625168048,4.015625
0.364932508148146,-2.29312051783649,-1.1058660753746652,3.010194098940837,-0.0015334992825977638,-0.20248448879932243,-1.2623628088378043,0.9428552860053373,6.850693743903085,-14.251912934618511,2.2233677676570878,8.912214800276566,-1.1682392384165796,-2.0154579871775793,4.0234375
-0.6173680322981333,-0.09902566337743797,0.28915688457416666,1.2710206918957125,-0.06661892815272716,0.27751779317354575,0.11642530767127886,-1.8600905706963864,5.101524908538366,-11.275261191224127,1.9013760393685262,7.223791625144419,-1.0089826817906493,-1.2501860102792375,4.03125
-1.800889485396839,4.124893604375994,1.2849131452227625,-2.7100726126158428,-0.12115446737036299,-0.3039478763661479,2.1546285598542063,-1.7217581872385166,-2.115428182566203,-0.8699694079197888,-0.21964593153235806,1.228109011953967,0.8719958730089632,0.20072060192720584,4.0390625
-2.0665748681345866,6.06624927085196,1.4743038791520358,-4.823924921559279,-0.08346302746281195,-0.8863780380827998,2.4449544803824392,0.20349451997319606,-5.478062522003667,6.237553067187751,-1.3357303736838484,-3.197884458837853,0.4571351078998988,0.9922470718128685,4.046875
-1.1252815878392346,3.0347619079286816,1.2773270472609908,-3.1525549028801314,-0.13617427384000133,-0.5700933886262235,2.02358359421148,0.7803343345522169,-2.7324603207101203,4.455956689257076,-0.5091977792753197,-2.5286320092238825,-1.4924385423472253,0.6803206740684116,4.0546875
-0.10775754519120122,-0.4192068626529027,0.5142966226966121,-0.4932375782896639,-0.21577314588361046,-0.04869864005114778,1.5750857644620682,0.16023850558715844,-1.4469701823652918,1.2315203298159685,0.5962096048479693,-0.7240324096218717,-0.8018616782491176,0.18313606719030154,4.0625
0.08652294540644015,0.5204022710138795,-0.8962809389453491,0.3500500778066443,0.009614269586299727,0.008177255829152338,-0.3335587364309525,0.09735953454820329,-3.2968819153721456,3.9153062798251375,0.3298606905791078,-2.4623400732709895,1.294533872167303,0.3754660271387343,4.0703125
-0.23270058314248795,3.884368548278186,-2.6746157244631785,0.4263968578542929,0.48610299658064604,-0.16103534409925196,-3.2308459145182056,0.6439270308877203,-1.943512922466337,7.988818723864317,-1.0081893013094023,-5.39212909154717,0.39298459171002353,0.8163962536121286,4.078125
-0.11657779703814562,3.963180655647143,-4.105599486764093,1.9489116725109896,0.647103775239476,-0.09061566120771691,-4.100876491608746,0.8097387867222401,2.6064094448955424,6.672730755067428,-1.2718234048758557,-5.058618461142252,-2.5723030611562963,0.6643276513241428,4.0859375
0.8999429674444647,-1.2410743164877287,-3.426374256786163,4.251445732530198,0.2283553659724049,0.7362855279673887,-2.2122468148957415,-0.5138610940531129,4.058037377417893,2.6404146947418243,0.9488373236029765,-2.7864936634653366,-3.8214660459687773,0.23355847279126776,4.09375
1.9590009188184918,-6.998392763462201,-0.18152173897872156,4.81554935555527,-0.2556973018524797,2.1363944149072993,-0.32130043815757625,-3.390865598943625,2.658084290221316,0.4092722621434274,3.4649479713639635,-1.4301916040757665,-3.066758316329072,0.1970135411143936,4.1015625
1.813564268411767,-7.167510076017596,1.9761013791919364,3.1224029876617987,-0.2259555215341671,2.177626496774792,-0.39227993788281934,-4.133993137398187,2.8436027412448905,-2.8700193869536648,2.5632641515216292,1.080936368304887,-0.7125831417353239,-0.07531586144669485,4.109375
0.8485146448414304,-2.6689688284764266,0.23907242437028384,0.8743314555606714,0.13555168351616362,-0.3313134985768048,-1.3272590775445463,0.9050829499093953,2.957343055348532,-8.82843710606185,-1.3872048726937845,5.987831858873846,3.8769449142889267,-1.2761712780366938,4.1171875
0.42015922651474413,-0.14912323489496598,-1.0498631061336965,-1.2250524582547948,0.22760716788024063,-2.620561824101986,-1.100643522752876,6.585154302537728,0.37522278915559615,-10.811823707494373,-3.8648274705573535,8.154939781799014,7.127024482181641,-2.0630627920273543,4.125
0.2494060276004337,-1.1926772004448414,3.0002174751354724,-3.8829614058698794,-0.06441345700536592,-1.502710625997817,0.9248896403926765,4.020795950074736,-1.2147821583725928,-5.262172194435471,-2.9033236422491147,4.401757339679735,4.3202049183393685,-0.8949054993700679,4.1328125
-0.78273670004301,-0.746276637627,7.608277396868769,-6.197229206259586,-0.3405644735983671,0.8298368103606122,3.7106934350439245,-3.3668036430004045,-0.24507623453751506,0.8556088244111718,-1.6503903774424202,-0.019436254837909374,-0.5804079534732343,0.9198413332910457,4.140625
-1.8041455661866916,2.429934397440313,4.970121587972454,-5.662597469258072,-0.3908757093219502,0.1537158694553308,5.345032487012868,-3.28655635553859,-2.086199660402613,2.421782615195684,-2.1850386906442494,-0.7324931603238337,-0.26619814509123296,1.0907877226283462,4.1484375
-1.341065642089679,3.848245707671542,-2.130184676303667,-2.076996173911256,-0.34190006883400703,-2.125003858528059,4.347209351874641,3.6790507065865734,-7.27507994874592,3.721441517178091,-1.594995410817528,-1.2849228467856664,2.4084490408500354,0.16684393048130455,4.15625
-0.3996026991434293,2.6985823819157573,-4.890518310756626,1.7225284296485928,-0.21910811304105213,-1.4556981907450435,1.0380998409467985,4.28746531212968,-7.826092106874933,6.560607747194927,2.3091350073280013,-4.018684483182616,0.06474817975837203,0.13091019418214647,4.1640625
-0.5377295971129985,2.3399448566817274,-2.841131624726682,3.6495748635142697,0.027458363281165025,1.4040271710500227,-2.232349802783586,-2.986872986101929,-1.4723976180744893,4.915968094044677,5.972274021460655,-4.188341012544253,-4.6512030214764115,0.6029617266040127,4.171875
-0.73387628181411,2.107345445232749,-1.6567407585623628,3.8149085311199045,0.19547679380339664,1.979138536191312,-3.107896092994305,-5.33250786052681,3.9661746921465153,-1.594774973433294,5.356677607016858,-0.12441494727065087,-4.964334673405454,0.09744814801519723,4.1796875
0.23251945576693994,-0.3762892876993244,-1.320297713580299,2.4056591112139443,0.1462799807082917,0.420921582660779,-2.1757735361148365,-0.073252994740581,4.384673727681872,-3.5844172669703798,2.2601911717978305,1.5971433954562153,-3.3651745608363863,-0.550013112293261,4.1875
0.8852713056382439,-1.8873033072636511,1.3878131839380619,-0.20213499021799428,0.16603033882471982,0.4749922767876383,-2.128240559784581,1.2234205632903428,4.099067845365617,1.6085201064179595,0.5232433809294077,-1.8409491393475819,-4.482908469322697,0.17263746938499952,4.1953125
-0.00729756863313543,0.41864117653672495,3.5128542546706303,-1.665948152134523,0.3543696883754232,1.7783884878419236,-2.689183316202201,-3.933784899975379,4.764826803870125,3.7853399912995065,-0.15359443930373584,-3.2589761903069427,-3.96805297280387,1.0600073492379802,4.203125
-0.5862621849943668,1.3820373886241282,0.6208541894939316,-0.032941037720935755,0.23120436864316943,0.8259057269698575,-0.5165607792197594,-4.269780727851033,2.6427681358545527,-2.3017822045985232,-1.7505338933906307,1.5955037579624975,1.972668651538574,0.18664865769955796,4.2109375
0.83701956196261,-3.03070757815099,-3.722830542536404,2.5026493196852586,-0.2460695300129337,-1.8276493821292275,3.0995307512209314,3.3846563027661722,-1.6910466914328748,-7.110114062074923,-3.4460009065496275,5.601792251826101,7.018428043774325,-1.3668290167245647,4.21875
2.502177755686713,-6.308684731314717,-3.3823467603749005,2.1297639248930116,-0.18720700636234852,-2.3760240261262378,1.5900151008157233,8.0768713543769,-2.4943212344676797,-2.5653518435867655,-4.111262654144328,2.3479707229731153,6.045122552602431,-1.2655440616195481,4.2265625
1.8369257906211298,-1.7179774908065095,-0.05868766361186563,-0.8126186503287928,0.6418637067088457,-0.5478902392886692,-4.543651333220105,3.643971358045124,0.835348236355722,4.721336612151319,-4.838472685244235,-3.1097261254493573,3.729584248967319,0.2155296009905539,4.234375
-0.8093444146582758,5.630514148963811,0.7045064179464124,-2.677689267707477,0.9178470933267068,0.43052209205061404,-4.626353744288424,-2.8964470456277693,1.8488909520822796,5.390209534143415,-5.191482934682664,-3.3308958688984505,3.5240179046016724,1.0784968256733145,4.2421875
-2.8585768858079903,6.811808613886822,-0.5265562396396244,-2.441273501313163,-0.172654538883525,-0.4396148657570779,4.718956706169567,-3.90430193057391,-2.6630643069226956,1.440414983714795,-2.2146786103595457,0.029497144398720462,1.421059221848106,0.7948844681365547,4.25
-2.4996973892464482,2.018238986109586,0.5895602802920085,-2.1901684544055766,-1.2772035677989582,-1.0797057933142997,10.775936340538387,-0.25612837957583645,-7.0979321639045505,-0.6197986883790957,3.4280806899843776,1.3935639319348492,-3.372135763848025,0.18768858216446352,4.2578125
-0.19177639807191463,-2.6524054773230263,3.4214906798493203,-2.0766112049673797,-0.9009297040402283,-0.31129690595144865,4.04695981014586,2.93308613837809,-4.798666100868684,-1.3229235584489847,6.3293166528936755,0.9024586233796469,-4.9766901213513455,-0.39985362126077356,4.265625
1.9773510388939786,-4.797589335040334,3.5595893877486064,0.06981231753371395,0.2149991713405269,0.9050532204974843,-6.0844279130540855,2.5678764731351142,2.3276437073917053,-3.9774349530480486,4.600084403747486,1.6822093018604978,-2.0884334268867146,-0.9532604481494953,4.2734375
2.2704612734729195,-5.308488020979363,0.7638777073157256,3.6040643545960793,0.45915813155399227,1.5896669934414218,-6.9468928203073315,-0.572928199777645,6.232762227581091,-6.365993980395106,2.9930023142227644,2.9447470483097757,-0.6057010510876462,-1.0518369859341783,4.28125
0.8896809012245345,-3.7764110317612056,-0.8039122456462513,4.611299436953396,-0.10510735158746054,1.742806885497243,-1.4474370372500351,-3.476794456720592,3.774700709098827,-4.731804105532963,4.425050325556903,2.0940416467945733,-2.696921753816043,-0.4928983491075392,4.2890625
-0.5630398811623694,-0.21613240107554982,0.4202755587111132,1.8050814857622974,-0.29658336033091204,1.5461556447779408,0.9352981069893801,-4.420697816841929,-0.0030641005753064858,-0.3670578956488941,4.633347103585077,-0.30424291700176503,-3.4658669461960616,0.29896770047183324,4.296875
-0.8839965761409617,2.4095889095461724,1.424050453023009,-1.5098129855276319,0.0781812990395698,0.8030215040609998,0.19942313514682208,-3.4518084327633733,-0.830886825523292,3.672103148757181,-0.3682652743185869,-2.3308840374966726,-0.11230746174260262,0.8992018407154007,4.3046875
-0.23509491804680263,2.1276043088323924,-0.19785683512925628,-2.4691583476536314,0.276083934312162,-0.6873591169871575,1.16391419487596,0.04189688186039515,-1.151833459230901,6.986160620602265,-6.5851830538955785,-3.9047812775240263,3.5209347186037716,1.1103533844344056,4.3125
0.16505055924696316,1.5851427947051484,-3.026627714225701,-1.6964520605745796,0.07512508986162984,-2.2928677816733445,2.891604889294219,5.142660150787959,-3.629517848365345,8.680564781576761,-7.163648825617058,-4.7810679013735085,3.269841255962978,0.7765368111908586,4.3203125
-0.6042557056399499,3.5945679395684835,-4.462192333465472,-0.5995945799787482,-0.08645860324912708,-2.635932385578773,2.3467480564643757,6.648791334459855,-5.013578082004639,5.900993648281123,-2.3481213915460732,-3.191629631997603,0.3488871937111655,0.09938669829333105,4.328125
-1.6386717695382602,5.509802996033839,-3.673600298780761,0.49756228267926433,0.021812487687016505,-1.3259007235839095,0.5940028141342594,2.03403780552687,-1.4996131594349655,-0.6062900981438053,1.0607896798152447,0.6452595014492701,-1.2696029052480629,-0.3508322730341027,4.3359375
-1.1217627197792654,3.1854250687368224,-1.3462229469542935,0.9860759120563313,0.2636049864051369,0.20051867535068243,-0.8532681239080566,-2.6311202874075947,4.429400618171308,-5.1913987492302365,-0.5177357729925451,3.2991472530707497,-0.3224665944854683,-0.3809855312601951,4.34375
0.5994667599243216,-1.2702404821131932,1.2149557684861758,0.3128382036923823,0.47684363198900276,0.7756010817906708,-2.721167003755657,-2.4302721267972247,7.082818758760626,-4.865291904043633,-3.1555308984891037,2.886169462921055,1.3723437871510222,-0.2799955641337168,4.3515625
1.0699139631591192,-2.364093301225608,2.661819243345444,-0.3815948437012472,0.46342363682218013,1.1243502967312942,-3.788897750138665,-2.3085115722349694,4.586300056654249,-2.974487777495572,-2.0676639312824325,1.6659737705603774,2.437005235120303,-0.12532147157212434,4.359375
-0.17100556162787495,-0.7026947073933734,3.02008713325435,-0.16182163420729023,0.052431803577648574,1.8476750550634167,-1.354422240499391,-5.904321190160336,-0.007907373028380868,-2.844923407175591,1.6633465389000825,1.8335928576748919,2.5841555807492838,0.14609531073970575,4.3671875
-0.6095102100893481,-1.5789710110866357,3.5912216756655586,-0.5322749875491772,-0.49590146403083635,1.651710143549887,2.547303081579554,-5.743063152518283,-2.7155800984392906,-3.080822829705954,3.663918935843121,2.20610677034191,0.9413684555519355,0.15865860681249638,4.375
0.8114713856329192,-4.580385991730218,3.792817660689382,-2.2509049214273844,-0.6091296778443724,-0.39493755676017017,2.7347976784907746,3.4160448334888547,-2.380955512097897,-1.6458932839711595,2.5367964667012624,1.1941222510673508,-2.189863780405749,-0.4270982418542547,4.3828125
1.8317547042786348,-3.9525523488620586,0.7643651237702137,-2.2917338096107467,-0.19540868432653122,-2.5982878732677097,-0.5478140629278831,12.21042858931381,-1.1369409821141756,0.43736368510694196,0.4685031510057688,-0.349451259006001,-3.559813931206282,-1.0742627690387865,4.390625
0.9859191580919886,0.23933349180414124,-4.878580652940798,1.512963862903197,0.14889481722715317,-2.5717341453519715,-1.8135041809767058,9.795577337040974,-1.1296007624826379,1.9122186546951105,-0.29827014543750213,-1.3775763663276661,-1.633219536391306,-0.8903792711884486,4.3984375
-0.0583341835593189,1.4080317609057706,-6.828103730604503,5.363317186841014,0.0003631420475027684,-0.2608569828446861,0.3686546854666474,-0.1500487459572208,-1.7586596636650558,3.2302035127252604,0.9463498304330328,-2.3906818000223398,0.019099398771266422,0.10748675256000306,4.40625
0.12952305165143546,-1.7797527808771363,-1.6504365538689956,4.19932335472056,-0.29149779755842475,2.0941665138869214,1.4730922734989247,-6.393070354869088,-1.6226462676282065,3.8435195062909844,3.239200303754703,-3.0916862705696717,-1.0624354352813072,0.9063960045158235,4.4140625
0.3790145958715672,-2.797720076636892,4.400487385788988,-0.49236779486178683,-0.20629292451153716,2.3745877093203154,-0.5529061282124076,-5.302596559506843,-1.0530299649673176,2.190144039016975,3.846588955752716,-1.9471484401232086,-1.619858679210683,0.775477820587813,4.421875
-0.5172384817252904,1.3987855383421437,3.6956464255281576,-2.7435304171155823,0.15850541528306009,0.8053239429597674,-1.9744500919002694,-2.1556613384074175,-0.4547804843425412,-0.4642184703729921,1.0758042557358753,0.37223294178760785,0.595672598609421,0.2052916082614041,4.4296875
-1.555260165329214,5.118607317472574,-1.1809335424932659,-0.7765797403908354,0.3180524881461168,-0.22813228454780174,-0.2600231003001058,-2.409766362694318,1.0457297901468499,-1.1034335409785558,-2.422898639721711,1.146404201188527,2.146680079015121,0.1612346495564156,4.4375
-1.3083879493625759,3.331627650466853,-2.0869946011841924,1.1859939963602784,0.15602542148213888,0.5008686746312371,1.738706809847607,-5.014081725232589,2.9670475907559455,-0.15925719557479623,-2.94873119700434,0.23873222310177333,0.8177359530190412,0.5809676678571504,4.4453125
-0.213355287934453,-0.5273166818094871,1.4168253334841299,-0.2846491672550367,0.00029340904005279307,0.9418546582409557,1.2449985938806896,-3.834618060171495,2.914271635469667,-0.257378572170322,-1.6431777196187982,0.08465793758383988,-0.351770147298144,0.5101133057264222,4.453125
0.20956358148912088,-0.5868576944648257,2.6038437304965676,-3.1968758637601478,0.02660862619241419,-0.7853668912133902,0.2507933980725672,2.750388248821488,0.5748553192872448,-0.7798523366503687,-2.1540806337895555,0.8524850470387786,0.40074313802326667,-0.16404910954656762,4.4609375
-0.3816586110463406,2.315230021716366,-0.4395106455650199,-3.693506114483769,0.0433633262022671,-2.765438299626404,1.505971731316239,7.400570794963821,-1.2436659166979098,0.28039764755543334,-4.164279305281995,0.6656689142266291,0.9412555302016125,-0.46144235435527964,4.46875
-0.7515918463527881,2.9122212544432475,-2.761321970385628,-1.64916355155455,-0.03612491624619262,-2.509010458828779,3.288670689353056,5.14480689592728,-0.7077406196725345,1.181975524237797,-4.842121213825425,0.03357581100275416,0.8405858759674885,-0.14311484870205546,4.4765625
-0.009084712704586233,0.31715173227919785,-1.8743903499575378,-0.0003592425962253119,0.013599655071922963,-1.1770571821737985,1.8716156799470451,2.0582421396247828,0.7933956603053443,-0.36754301976964376,-3.6813437890426495,0.6556056785945042,1.5425650280501573,-0.14229216336498984,4.484375
1.0082623237735535,-1.6523910868429588,-0.4046187261740014,0.4299399011201407,0.20359024276140597,-0.5669488258102726,-2.35960466941311,3.079093085110643,0.8557997767454502,-2.0957055257469817,-0.5960583044050243,1.3113539700190218,1.4513142383560456,-0.6637119357838728,4.4921875
0.9999262044638848,-1.6597687078565386,0.3714859701523253,1.5184975946981638,0.13596655278973038,0.5662951831104913,-4.847804252439971,1.8232865409766854,-1.0484412518591406,-1.5157874162468525,5.343540108178968,0.31177410802820266,-1.2961135720621906,-0.7022093854613796,4.5
0.1586170131208563,-1.723733183766375,1.6000752010464003,3.2202091832776465,-0.23901248784141424,2.8288483940652007,-3.313171542651579,-5.355058054594177,-2.617775252713117,-0.778036350808228,10.470911216257592,-0.6114877034184062,-3.631639394126574,-0.00947704230261367,4.5078125
-0.18320512374886133,-2.032468884916167,2.093519049169848,3.2075926419676057,-0.32218864312317497,3.343601571555655,-1.0276768775331362,-8.733834170476475,-1.1449161390631966,-1.570687102256993,8.263267278905955,0.12262809527841077,-2.3762460061980315,0.3589549780863071,4.515625
0.526181834334542,-1.4931484571366356,-0.044553961486146536,1.7488540155230035,0.11172372536118884,0.959776251080209,-1.5946200765144898,-2.1047701335593336,2.008993951418494,-1.1555533553575243,0.964870808086651,0.3186202060043185,-0.20872614323925154,-0.037851443049273355,4.5234375
1.40707258235321,-1.4421461722275573,-2.325520355576907,1.3782063035906407,0.37748093731250665,-0.879937708891421,-3.075443965327214,4.646151237290177,2.291933516741241,1.5837519439053667,-1.965063684016715,-1.410523660888645,-0.24485728095587522,-0.3402911326915834,4.53125
1.2466947207610584,-2.443007862787177,-1.323072217998514,1.3415832523340696,0.04242968729173917,-0.2911375645482905,-0.9674798387382205,2.590540620887439,-0.7059117506661047,2.8625143690389017,-0.3961748720243616,-2.100673570650048,0.13763469065603393,0.00523114538556798,4.5390625
-0.12891550181062275,-1.3286252273770922,0.9948120236846525,-1.0856315589798093,-0.2964128464623299,-0.01731689422780707,4.224119694008958,-2.1474205654747784,-2.00831242923996,0.9462834555390808,-3.3064607375008706,0.10273090066941581,3.5511873175906397,0.49823372355397066,4.546875
-1.4963056072419592,2.4253958179519897,1.0985795288551483,-4.160742217783668,-0.15579978193962427,-1.2995265197514927,7.0018224562043745,-2.0391382361189736,-0.008648286790047357,-0.5277078894190618,-9.358999808203713,1.9591826216154562,5.915089512065592,0.6474881998124701,4.5546875
-1.5841864403758839,3.7987927570618356,0.5605674747190079,-3.9856518401057066,-0.024031011468307807,-1.4331914471797795,4.727410058684838,-0.010902971468786504,0.6601732537615458,0.6437976488332072,-6.854641519581669,0.6924949992620248,2.285828621585872,0.5262272674195653,4.5625
-0.796734993357749,1.3121379322474764,1.8278841903363667,-1.7142506724106001,-0.27814858456872943,0.14069638652465158,0.9970453997188465,0.3743494694328476,-1.6695068213728221,1.6309248708606425,3.5469052276441198,-1.2466226710235757,-4.363548465350937,0.23998534581240533,4.5703125
-0.4932833767746772,0.3036490049706385,1.9192337883951205,-0.6619545818652319,-0.3815105665817654,0.4406212532838714,-0.30885101206988985,1.2627803846536798,-2.0466739836386387,0.3281880346142113,7.348784687623519,-0.832553196420424,-6.7209674995526125,-0.158510153403427,4.578125
-0.6302185678376226,2.4177814255290206,-1.8456309849639332,0.38390470910092234,0.04834234078000378,-0.7825525611524621,-0.364543904333009,2.4300690220648686,1.6059168550973348,-0.8033984504998521,1.187299828439446,0.2740377152824549,-3.5862356042634995,-0.33615107696759994,4.5859375
-0.026930619660068236,2.2826131899748296,-4.69759873369155,2.813924579670668,0.4591099136109237,-0.5510169816102523,-1.8126625558556717,0.7572366043817226,4.152839297928552,0.6435399380105149,-2.7500457759167225,-0.7522400438977176,-0.4665089496311852,-0.05464732179920708,4.59375
1.0642097522044915,-1.5052884573295142,-1.485905732738725,2.7142212568292376,0.3515797809552618,0.9735466320149325,-3.211637436362084,-1.5116727724567685,2.358318028378187,2.282096361316516,-0.22455516039657236,-2.1505663361565843,0.06322769083135212,0.2778162361354896,4.6015625
1.1210129405575537,-3.1637276926046196,3.554012645075477,-1.5861107272905997,0.0781635311674183,0.6818338598670212,-1.9197803805900562,-0.08337932956303101,-0.29325009026560916,0.13894301798632544,0.0030099633568786877,-0.15474601044289735,1.5832919404044703,0.03707288312514917,4.609375
0.15532577049820073,-0.4109411124771828,2.957477644351897,-3.690953079278956,0.09754278458468414,-1.0895825563492114,-0.23587259563357124,2.5726147336967733,-1.1215410302949613,-4.478938238091105,-3.112460826834965,3.8412679476251226,5.212177758011961,-0.694541915110749,4.6171875
-0.23785463450137823,1.9368799057860404,-1.8057508673182363,0.4446692427138748,0.25265477518891455,-1.0106048038843987,-2.129254715536517,1.7357452607882078,-2.025026209048372,-5.384129068761135,-0.5653951719354697,4.149721667655392,5.718804458797391,-1.0748031072832995,4.625
0.32919172916949474,0.6490877086186746,-3.2451574545738278,4.6269329010702025,0.1911957423697886,1.0230568335563248,-4.841713408428158,-1.461440999353086,-3.2197391095662344,-0.6493087869632554,6.145991022382875,-0.17670089007341697,1.145423567145482,-0.5116263495514166,4.6328125
0.6648878336708236,-2.0247849951317383,-0.22780038405496986,3.105222214642113,-0.09348574826675865,1.9047538903953858,-2.040174356007958,-3.3941120719565716,-1.723903214592334,3.310419305481279,5.295892251952265,-3.0263574149622556,-2.207553278449627,0.46023428597092986,4.640625
0.2828497694409502,-3.1141119926557055,1.421201482744811,-0.11474668758305545,-0.3573235017838733,0.6735260364204922,4.3619077640375785,-2.880719973838682,1.8128162877875025,1.3633708863483045,-2.3181613677139175,-0.8658457842983253,-0.9706940591325229,0.7084817288262701,4.6484375
-0.18406845240986627,-1.73847352650925,-0.32440615980304366,-0.17915843482085278,-0.393971998083301,-0.6400284565996878,5.6152904276668805,-0.09229173168683087,2.713556010796037,-1.8141233585106462,-3.5280864991736056,1.5170490752610961,-1.035121728930775,0.08505945386557379,4.65625
-0.5077431361255075,1.1406733052751075,-0.9909310359058476,0.18685280248527514,-0.21840518881461216,-0.6056366273701856,0.9669483228772036,2.544885961665279,0.07398512469323368,0.18613712098721716,2.7528465586201474,-0.4269359187960792,-4.893086412885059,-0.2117525746755515,4.6640625
-0.8672337740464169,2.616448849261746,1.431893028062979,-1.9067242256277133,-0.09600458066011872,0.13523297892909253,-0.4902571366956456,0.7702842575609037,-1.9919588844411573,4.02400234200577,3.5629216009249114,-2.9311885542883735,-4.7330048506548055,0.4708894877883865,4.671875
-0.9027249468852642,0.8829024275102829,2.8973622143230053,-3.3158402899552653,-0.1782337796475107,0.271159466300681,3.9651262135006773,-3.5067880388149035,-1.0884159001477534,2.330926036431526,-3.841855195464598,-0.7807414085828991,2.2988671210592138,0.9645935405778631,4.6796875
-0.3457030805117318,-0.9486887891378264,1.1199942336041822,-1.9529935284442452,-0.14240916962921651,-0.5534564471533061,5.155518285872056,-2.4340909506637933,1.326663256474193,-2.9673105154895745,-7.426751680218235,3.0744297708206245,5.8868142382808095,0.20681374282757023,4.6875
0.2403146942156189,0.7150290126053043,-0.4484502666815354,-0.9101284236786444,0.3365179496943597,-1.1638854928632145,-1.9296066621236887,3.667593182217301,3.355267668702542,-3.412418093782428,-2.4947793256747937,2.316765980172598,0.4476201893791875,-0.7206999336993379,4.6953125
0.5552524695383193,2.84110491057521,0.14873466183689413,-1.1141950093414523,0.8408673916945348,-0.4339157496072356,-8.735257540425058,5.288579459688293,3.5163118646387552,1.6422273981895588,1.8882282596793039,-1.999999911864523,-3.9974784568272757,-0.44239286454101673,4.703125
1.1404339527264877,0.11179703992182233,-0.2570694466422699,0.8339573554179446,0.6353282952928404,0.63398645957489,-6.830125763446576,1.2215330277883787,0.8199197220907727,3.869113212401112,1.134121695852052,-3.264003754301696,-0.18631964546267407,0.13665678301070677,4.7109375
1.8123367705021873,-5.105771347201135,-2.47428683512502,4.284036056525625,-0.16229484533424002,0.42261392708682977,-0.34480227172414835,0.11262277874652268,-2.6814509202692847,0.003949518495403172,1.1514429913772155,-0.15724359223048537,3.491677824515516,-0.3502340496187629,4.71875
1.1975693905899893,-5.2247156347287325,-2.2881638035812792,3.8209562201534686,-0.6494155977504479,-0.2907511226048418,2.85348047524851,2.1801306427987535,-3.3916171726106312,-2.848188147155084,3.7518139404638053,1.774212503997334,-0.045398139365671934,-0.8367840447962563,4.7265625
-0.909285356250913,0.6290135417106522,0.6983449958584407,-0.4789687519012305,-0.4669670960381925,0.14549409521397338,3.1771912739407897,-0.8542637020489618,-1.7829655498489259,0.3299659197295365,2.9692020667037493,-0.22752227036047995,-3.424040197706753,0.1945256688346902,4.734375
-2.468206491360544,5.161466441953527,1.1153763968378512,-2.2006422051538648,-0.1687460162665211,0.8843125302219352,4.425204373049946,-7.07889967778323,-1.3239931567729961,3.7776330956422,-1.8396734598515032,-1.907680514743985,0.1731539606251115,1.4480087303155074,4.7421875
-1.8907914976410856,3.9346681259793055,-1.4821913214437177,-0.12200703637162298,-0.12168310595509646,0.2727823340717132,4.68352291202696,-6.253339367598316,-1.9744936045032948,1.171558765346708,-3.876447716047742,0.16354977775143978,4.598857706361107,0.8951027191671427,4.75
-0.2843464139360863,0.7120901422692805,-1.0480308325064407,0.06529591150971158,-0.01958869579821575,-0.7863222867856959,0.7578470161545285,0.9127382750924545,-1.0290648471407973,-3.4334590686594435,-1.1293238026922494,2.7628813058808084,3.0865892356081566,-0.5653389590125439,4.7578125
0.3734885903441376,0.2827934524401436,2.4821364110597592,-2.4980389805420073,0.2753648680807285,-0.6604542248605069,-4.081700865391385,4.393412827598881,1.02712680864267,-3.3203540699868284,1.5991654546188043,2.032720771970725,-1.0354093855515634,-0.8674970631656095,4.765625
0.010357385873725993,1.632234273187246,2.0395361108862455,-1.8594313956755917,0.38090350677321977,0.030033171668339662,-4.768068701394663,2.310297882264409,1.9987281944689927,-0.823713048552253,2.3230681062712764,0.04168660891029267,-2.9597243418258947,-0.35340511957602777,4.7734375
0.013008820990346373,0.9436145092931045,-2.329083568847062,2.5384315239234283,0.17625237902491284,0.1531349649774369,-2.5683525133917406,0.7220553533018623,2.579738456523464,-1.5626959137329202,2.8238795320677057,0.3173468749652495,-3.364368381139903,-0.4407619125017154,4.78125
0.8838289530659371,-2.1743241031334137,-2.381796283749438,3.5737238348801346,0.05213194534839081,0.18027352614414036,-1.7163564077042714,1.1839114330421554,3.675979246196323,-3.1582369786278948,2.138663749773815,1.2965658146567052,-2.8680540449954375,-0.6856308520545649,4.7890625
1.6644374645985531,-4.542908691882173,2.6522625556370762,-0.5706890395118296,0.14010391667155425,0.550715787907743,-1.812854252809857,0.8170405543974111,3.2020699722653805,-0.20708842028257538,-1.36068408707489,-0.25591592823878007,-0.255031382221343,-0.022820247011497954,4.796875
1.4409403305055841,-4.027044760177052,4.185710317669458,-2.8786367202748133,0.10237167075952246,0.5965996560087141,-0.008616578836588108,-0.5650802780614949,0.2386667194521651,4.748537444344734,-4.349262378997127,-2.9300518884809925,2.554086046064121,0.890171899687921,4.8046875
0.4584413644318843,-1.7498083419243198,0.024413528788453008,-0.2849878391614118,-0.170058896853667,0.07693863794618332,2.8074677850106724,-1.0888752055779278,-2.4114494258700074,5.170980946953024,-3.125484675948622,-3.0042178310545204,2.435607306672887,0.8600875232931383,4.8125
-0.523321072258816,0.3762601011444827,-2.62375254348856,1.5092528058490375,-0.3799662737770201,-0.5143711281268125,3.9831598469476206,-0.35715950353972825,-2.901332545271814,1.0987077273464168,-0.20511812271659266,-0.3392731332270867,0.7291920555001186,0.14585205456566938,4.8203125
-1.295717236316524,2.1078883352600988,-0.9363405359818638,-0.6580991261623246,-0.386191321551304,-0.9266799683731625,4.072003644454052,0.2825646841879449,-2.50023166792122,-2.184112632366017,0.13000781621886975,2.0750470011455784,0.44863212861501356,-0.23180801750265337,4.828125
-1.83811292673812,3.4899370093329325,0.43786881666560523,-2.3938954583779073,-0.303525354612248,-0.8361842621444732,4.412586761836132,-0.9736404341628463,-1.9529468177937805,-1.9522241518847574,-1.3709438872204758,2.15214677082964,1.0724080369776414,0.05486046474552388,4.8359375
-1.4750151196593109,3.250687241622908,-0.22175515353550243,-1.0370208062874968,-0.0974900104979635,0.0158509509883242,2.8583908520791703,-3.0566822168542633,-0.8299288675679904,0.9078865477650885,-1.6335342859829531,-0.10891494059277512,0.8689523191328168,0.5591490083926061,4.84375
0.13600801958153977,0.9989557566684416,-0.3096811334756707,0.47800522813344204,0.30400610342865825,0.7419326460829622,-2.3969717268190807,-1.7332923407143368,0.10507531749063329,4.023117308886557,-0.20987058999600244,-2.9336074359726125,0.18823687829697877,0.6084419080801216,4.8515625
1.6193631992524893,-1.1264176009491014,-0.07178197627980751,1.0533936859165047,0.5952433637501905,0.5516368833967698,-7.399936497944276,2.553552020013878,0.40500928615628073,3.689621776702238,2.0681297469633866,-3.2692796748642334,-0.6006879357331466,-0.06875459008817697,4.859375
1.4882859678887983,-1.7030937394293095,-1.191408559154814,2.7821446770709803,0.40548022032043723,0.3893790620511501,-6.919187041097834,3.1181920519836095,1.3915905522994287,-1.5410855041942975,4.6457040365249656,-0.00973080630285554,-1.9656100659618894,-0.8902254020813976,4.8671875
0.5609288397164168,-2.042719055571685,-1.6482116263844226,4.110449608508593,-0.049218689120541545,0.773356043300585,-2.429597712397868,-0.4224613635212488,2.672109681031051,-6.457455606850454,5.38683995916665,3.377956030865881,-2.7486064908556163,-1.080045688797392,4.875
0.3113977038615744,-2.2390093099263035,0.270938906786091,1.3132519772002342,-0.22097617254196109,0.24347748488002507,0.5535146431117252,-0.05117465431318198,1.6095297772017687,-4.891831070672876,2.2587961203099978,2.950396577995937,-1.4394785359888143,-0.6654187787658012,4.8828125
-0.00265406658858374,0.08120206466165,1.8750685472786532,-3.431325776347813,-0.07023286593637644,-1.2963413066559941,1.265132401679405,3.934822237527947,-1.0583077702928871,0.5259745438217138,-2.281874318550589,0.17969240892225308,0.38881881179823946,-0.10953938493161683,4.890625
-1.356192670307307,3.829385405716846,1.349600901287325,-4.438165412036871,-0.013681710968916962,-1.3779645500370372,2.6960110912118678,1.8187308991714222,-1.0717197625787704,2.0320783561507016,-3.8154016832286963,-0.5067912932373478,0.4396682448856598,0.41298942490779406,4.8984375
-1.919871930373961,3.6293088318723856,0.6773709554123822,-1.5823586916755448,-0.11650697799132127,0.3226467476576773,3.886626265105733,-4.857458181017036,1.6458727401881508,-0.7634488037863589,-2.458702758469311,0.9666030281762554,-0.09507327738209392,0.664273258397477,4.90625
-0.08175050014758788,-1.2285411470418988,0.3818829202369113,0.8649460279695101,-0.10097163416860999,0.8839925475169605,2.0023714996166646,-4.061959641923908,2.0403582283486,-1.1497770994717287,-1.5010942051639842,0.7694855908434044,0.8351668668199499,0.3455241706495412,4.9140625
1.647519203368614,-4.017232943736466,-1.1377144849232115,1.5344208409305673,-0.047363078923788104,-0.32208332134032935,-0.13701328436948665,2.50111292073857,-1.3995893183710335,2.2071676792162935,-1.2440337991984542,-1.4769168927291778,1.9647022808546335,-0.0743690912798753,4.921875
0.38091741921150174,-0.7948496693050817,-2.2261913807260725,1.264904866855718,-0.19473373461486995,-0.6116506844152071,1.4808094486206778,1.7105577593161496,-4.036429775910808,3.1040098808859513,-0.12096084951101611,-1.7679515451518357,1.7110819503894104,0.10010161956516343,4.9296875
-1.8431163768879995,3.5109796187785185,-0.1254100618260578,-0.44669259147692997,-0.2537863260207501,0.4284478449677791,3.243000721329484,-4.694022923044329,-2.867167574207938,-0.5324297558389506,0.5800679124857924,0.9203608805771049,1.6568018491411083,0.42620385959285295,4.9375
-1.3326979703766424,2.989889408974317,2.412882424595144,-2.4533796752381907,0.07982548040247742,0.4279913148800223,0.21331700602673928,-3.455170814983165,-0.38596970540436704,-2.6873976864135405,-0.5280511534332734,2.263860602852284,2.356859028540844,0.10209903058959183,4.9453125
1.1492518122800814,-1.3519432739058517,1.1611008450375178,-1.1716286146452748,0.3390126471277894,-0.4988509566961462,-3.775243494628531,3.9279748165639714,0.8971535163391634,0.059718659932462274,-0.6356413784790194,-0.21265821466832535,0.5275824621599772,-0.4163355181299876,4.953125
2.2436138673290285,-4.586268784861785,-1.4094786686497487,2.673555692522249,0.11086317656453566,-0.048838735405358484,-3.486352550992983,4.9527354841782225,1.9100099629953684,2.794468934276631,2.3323088298762533,-2.908819603470841,-4.262468337079633,-0.3200806718555433,4.9609375
1.4468506308922857,-4.122325819289551,-0.5283700468921343,3.51923044356703,-0.056802686219667574,1.3179883196168813,-2.2278246706743103,-0.11757152641873223,3.3659835442593775,1.1867360086385992,4.399257371474952,-2.121901594445037,-6.064727174199892,1.0404630924529143e-05,4.96875
0.4629081302051974,-0.9255797857071797,1.8714684845639917,0.29523017576953975,0.26820540541837984,1.2396158897338938,-3.4797080636404774,-1.88139507679166,3.489181982761918,-1.3673947022818695,1.812168836146118,0.21030762645624207,-1.964459396236034,-0.030291438565413845,4.9765625
-0.2956634435192063,2.4207313228557523,1.0180507975657975,-1.7884823321605559,0.45868671591216303,-0.052282776602081964,-2.964244867320053,-0.18873040520810766,1.2419936915927325,-0.1028979697153188,-1.9081680627037747,0.2070736684615436,1.9115463236020422,0.04354246557411851,4.984375
-0.9936157172172323,3.5335005231180294,-1.7078523098069118,-0.719506268863887,0.07376520039798348,-0.6976919593797791,1.2484724260798776,0.09484916978914275,-1.5371739416075711,3.145768803860876,-2.0644973287161545,-1.6548396778028185,0.8229842907667061,0.45523804449287286,4.9921875
-0.8782263321846077,1.9243777164011926,-1.8041633927758662,-0.17295034995664954,-0.2822824479377297,-0.7624626208340832,3.610968513356826,0.44049565355128,-2.894584324076421,3.088777356986628,-0.8146086504629642,-1.5973320396897397,-0.2778437430498113,0.41785581219198153,5.0
