AF3,AF4,F3,F4,F7,F8,FC5,FC6,O1,O2,P7,P8,T7,T8,time
0.000636741721310175,0.00030012227983789396,0.00021553398976414736,0.0005983482504404071,4.7467231738705785e-05,4.586700079301135e-05,0.0002750450029958047,-0.0004026030765254268,-0.0007657981763169528,7.496190428681092e-05,-0.0007698949838111494,2.1557427875119084e-05,-0.0002723426377019425,-5.005934683231371e-06,0.0
0.0006367417213083668,0.0003001222798360497,0.00021553398976214785,0.0005983482504384339,4.746723173670626e-05,4.586700079106223e-05,0.00027504500299383377,-0.00040260307652735983,-0.0007657981763189586,7.496190428489618e-05,-0.0007698949838129998,2.1557427873270798e-05,-0.000272342637703954,-5.005934684864089e-06,0.0078125
0.000636741721306396,0.0003001222798342011,0.00021553398976021314,0.0005983482504365081,4.746723173477155e-05,4.5867000789224995e-05,0.0002750450029918757,-0.0004026030765292945,-0.0007657981763209814,7.496190428286604e-05,-0.0007698949838149591,2.1557427871301968e-05,-0.0002723426377058208,-5.005934687204318e-06,0.015625
0.0006367417213080296,0.00030012227983567655,0.00021553398976179781,0.0005983482504380779,4.746723173635623e-05,4.586700079081629e-05,0.00027504500299352483,-0.0004026030765276752,-0.0007657981763193605,7.496190428449044e-05,-0.0007698949838132992,2.1557427872892912e-05,-0.000272342637704155,-5.0059346854083285e-06,0.0234375
0.0006367417213105948,0.0003001222798383188,0.00021553398976454993,0.0005983482504407924,4.746723173910835e-05,4.586700079338424e-05,0.00027504500299623967,-0.0004026030765250713,-0.000765798176316548,7.496190428714431e-05,-0.0007698949838105916,2.1557427875541483e-05,-0.0002723426377014384,-5.005934682680328e-06,0.03125
0.0006367417213114116,0.00030012227983935796,0.0002155339897655132,0.0005983482504416573,4.7467231740071656e-05,4.586700079434465e-05,0.0002750450029972064,-0.0004026030765242116,-0.0007657981763155568,7.496190428806305e-05,-0.0007698949838095712,2.1557427876414476e-05,-0.00027234263770048033,-5.0059346816530765e-06,0.0390625
0.0006367417213113425,0.00030012227983921733,0.0002155339897655389,0.0005983482504416418,4.746723174009733e-05,4.586700079417833e-05,0.0002750450029971132,-0.0004026030765243412,-0.0007657981763156965,7.496190428799797e-05,-0.0007698949838097617,2.1557427876326747e-05,-0.0002723426377005171,-5.005934681802742e-06,0.046875
0.0006367417213102445,0.00030012227983798167,0.00021553398976429755,0.0005983482504404203,4.746723173885598e-05,4.586700079299424e-05,0.0002750450029959016,-0.0004026030765254822,-0.0007657981763167543,7.496190428682813e-05,-0.0007698949838109317,2.15574278752572e-05,-0.0002723426377016955,-5.005934682904827e-06,0.0546875
0.0006367417213098594,0.0003001222798376292,0.00021553398976389336,0.000598348250440093,4.7467231738451784e-05,4.5867000792687774e-05,0.00027504500299558205,-0.0004026030765257842,-0.0007657981763171781,7.496190428643716e-05,-0.0007698949838112311,2.1557427874825604e-05,-0.0002723426377021951,-5.005934683394642e-06,0.0625
0.0006367417213098536,0.0003001222798376766,0.0002155339897638736,0.0005983482504401537,4.7467231738432e-05,4.58670007926705e-05,0.0002750450029956319,-0.0004026030765257715,-0.000765798176317211,7.496190428646133e-05,-0.0007698949838112515,2.1557427874861817e-05,-0.0002723426377021725,-5.005934683340219e-06,0.0703125
0.0006367417213103185,0.00030012227983810494,0.0002155339897643388,0.000598348250440592,4.746723173889723e-05,4.58670007930833e-05,0.0002750450029961371,-0.0004026030765252715,-0.0007657981763167834,7.496190428693855e-05,-0.0007698949838107957,2.1557427875319428e-05,-0.00027234263770168764,-5.005934682877615e-06,0.078125
0.0006367417213101079,0.0003001222798378739,0.00021553398976413804,0.0005983482504403739,4.746723173869646e-05,4.586700079290822e-05,0.0002750450029959535,-0.0004026030765255833,-0.0007657981763169251,7.496190428668101e-05,-0.0007698949838110406,2.155742787511409e-05,-0.00027234263770187944,-5.005934683068099e-06,0.0859375
0.0006367417213094088,0.0003001222798371408,0.00021553398976330667,0.0005983482504396008,4.7467231737865095e-05,4.586700079202394e-05,0.00027504500299510473,-0.00040260307652618114,-0.0007657981763176929,7.49619042858247e-05,-0.000769894983811857,2.1557427874382505e-05,-0.00027234263770254297,-5.00593468391167e-06,0.09375
0.000636741721308633,0.00030012227983641874,0.00021553398976268754,0.0005983482504388661,4.7467231737245954e-05,4.586700079154381e-05,0.00027504500299429965,-0.0004026030765269724,-0.0007657981763182386,7.496190428519604e-05,-0.0007698949838124828,2.1557427873554516e-05,-0.00027234263770342535,-5.005934684605575e-06,0.1015625
0.0006367417213094872,0.0003001222798373541,0.00021553398976350657,0.0005983482504398269,4.746723173806499e-05,4.5867000792346155e-05,0.0002750450029951523,-0.00040260307652615767,-0.000765798176317505,7.496190428615987e-05,-0.0007698949838116393,2.1557427874568394e-05,-0.0002723426377024251,-5.005934683721186e-06,0.109375
0.0006367417213103546,0.0003001222798381191,0.00021553398976419303,0.0005983482504405365,4.7467231738751464e-05,4.586700079301067e-05,0.00027504500299606625,-0.00040260307652535096,-0.0007657981763167591,7.496190428693227e-05,-0.0007698949838109317,2.155742787527062e-05,-0.00027234263770165484,-5.005934682904827e-06,0.1171875
0.0006367417213091213,0.0003001222798368567,0.00021553398976318055,0.0005983482504394184,4.7467231737738975e-05,4.586700079200251e-05,0.0002750450029946642,-0.0004026030765265397,-0.0007657981763179596,7.496190428572807e-05,-0.0007698949838120203,2.1557427874243916e-05,-0.00027234263770289924,-5.005934684102154e-06,0.125
0.0006367417213081523,0.0003001222798357697,0.00021553398976212733,0.0005983482504382536,4.746723173668573e-05,4.586700079103442e-05,0.0002750450029936676,-0.0004026030765275763,-0.0007657981763191366,7.496190428472313e-05,-0.0007698949838129998,2.1557427873065158e-05,-0.0002723426377041324,-5.005934685027361e-06,0.1328125
0.0006367417213089772,0.0003001222798368331,0.00021553398976314981,0.0005983482504394465,4.7467231737708244e-05,4.5867000791859694e-05,0.0002750450029948272,-0.00040260307652658793,-0.0007657981763180331,7.496190428562349e-05,-0.0007698949838120203,2.155742787412184e-05,-0.00027234263770307575,-5.005934683993306e-06,0.140625
0.0006367417213109199,0.00030012227983872587,0.0002155339897649652,0.0005983482504412708,4.746723173952363e-05,4.586700079379881e-05,0.0002750450029967767,-0.00040260307652468787,-0.0007657981763161853,7.496190428763693e-05,-0.0007698949838101154,2.1557427876015845e-05,-0.00027234263770116815,-5.005934682197316e-06,0.1484375
0.000636741721311319,0.00030012227983923376,0.0002155339897652864,0.0005983482504415412,4.7467231739844834e-05,4.5867000794087486e-05,0.0002750450029971277,-0.00040260307652423505,-0.0007657981763157935,7.49619042880351e-05,-0.0007698949838097889,2.1557427876314302e-05,-0.0002723426377006928,-5.00593468197962e-06,0.15625
0.0006367417213105672,0.00030012227983842354,0.000215533989764616,0.0005983482504408438,4.746723173917442e-05,4.5867000793319735e-05,0.0002750450029962838,-0.00040260307652502256,-0.0007657981763164683,7.496190428719018e-05,-0.0007698949838104963,2.1557427875433964e-05,-0.00027234263770150593,-5.005934682795979e-06,0.1640625
0.0006367417213109126,0.0003001222798386854,0.00021553398976504478,0.0005983482504410834,4.74672317396032e-05,4.586700079378774e-05,0.0002750450029967037,-0.00040260307652471063,-0.0007657981763161,7.496190428752651e-05,-0.0007698949838102243,2.1557427875952792e-05,-0.0002723426377010543,-5.005934682306164e-06,0.171875
0.0006367417213108022,0.0003001222798385668,0.0002155339897647806,0.0005983482504409647,4.7467231739339006e-05,4.586700079357253e-05,0.0002750450029965413,-0.00040260307652490395,-0.000765798176316353,7.496190428732483e-05,-0.0007698949838103875,2.1557427875767485e-05,-0.00027234263770121244,-5.00593468245583e-06,0.1796875
0.0006367417213101298,0.00030012227983796226,0.00021553398976412847,0.0005983482504403737,4.746723173868688e-05,4.586700079293398e-05,0.0002750450029958686,-0.0004026030765255153,-0.0007657981763169098,7.496190428676788e-05,-0.0007698949838109862,2.1557427875128927e-05,-0.0002723426377018237,-5.005934683122523e-06,0.1875
0.0006367417213084611,0.00030012227983615755,0.00021553398976236228,0.0005983482504388025,4.7467231736920694e-05,4.5867000791240364e-05,0.00027504500299413187,-0.00040260307652729505,-0.0007657981763186285,7.496190428502891e-05,-0.0007698949838127498,2.1557427873526012e-05,-0.0002723426377034267,-5.0059346848181684e-06,0.1953125
0.0006367417213081601,0.00030012227983584666,0.00021553398976222822,0.000598348250438366,4.746723173678666e-05,4.5867000790973705e-05,0.0002750450029939645,-0.0004026030765276435,-0.0007657981763187561,7.496190428472501e-05,-0.0007698949838130474,2.1557427873170983e-05,-0.0002723426377037817,-5.005934685122602e-06,0.203125
0.0006367417213097959,0.000300122279837588,0.00021553398976387355,0.0005983482504401025,4.7467231738431956e-05,4.586700079272145e-05,0.0002750450029955906,-0.0004026030765257885,-0.0007657981763171701,7.496190428646795e-05,-0.0007698949838113127,2.1557427874905927e-05,-0.00027234263770210116,-5.005934683340219e-06,0.2109375
0.000636741721310099,0.0003001222798375623,0.0002155339897641265,0.0005983482504404958,4.746723173868491e-05,4.586700079283506e-05,0.0002750450029957235,-0.0004026030765257434,-0.0007657981763172858,7.496190428661959e-05,-0.0007698949838110406,2.155742787523067e-05,-0.0002723426377018853,-5.005934683340219e-06,0.21875
0.000636741721310212,0.00030012227983812245,0.00021553398976425472,0.0005983482504404215,4.7467231738813155e-05,4.586700079304322e-05,0.00027504500299554524,-0.00040260307652536506,-0.0007657981763167016,7.496190428700963e-05,-0.0007698949838108229,2.155742787543539e-05,-0.0002723426377017894,-5.005934683013675e-06,0.2265625
0.0006367417213097619,0.0003001222798375422,0.00021553398976376385,0.0005983482504401076,4.746723173832225e-05,4.586700079250763e-05,0.000275045002995385,-0.000402603076525858,-0.0007657981763174997,7.496190428627778e-05,-0.000769894983811476,2.155742787472877e-05,-0.00027234263770230553,-5.005934683557915e-06,0.234375
0.0006367417213100911,0.00030012227983789103,0.00021553398976420203,0.0005983482504403554,4.7467231738760456e-05,4.586700079288754e-05,0.00027504500299593626,-0.00040260307652557144,-0.0007657981763169879,7.496190428669276e-05,-0.0007698949838110678,2.1557427875128148e-05,-0.0002723426377018245,-5.005934683040887e-06,0.2421875
0.0006367417213094741,0.00030012227983719036,0.0002155339897634655,0.0005983482504395674,4.746723173802393e-05,4.586700079218255e-05,0.000275045002995218,-0.00040260307652625286,-0.0007657981763175448,7.496190428605015e-05,-0.0007698949838117481,2.1557427874282118e-05,-0.0002723426377025889,-5.005934683748398e-06,0.25
0.0006367417213094533,0.000300122279837376,0.00021553398976337584,0.0005983482504396334,4.746723173793426e-05,4.586700079244311e-05,0.0002750450029949356,-0.00040260307652617897,-0.0007657981763178611,7.496190428604823e-05,-0.0007698949838115848,2.1557427874270337e-05,-0.0002723426377026755,-5.005934683666763e-06,0.2578125
0.000636741721309512,0.0003001222798373537,0.00021553398976348914,0.0005983482504399713,4.746723173804756e-05,4.5867000792330455e-05,0.0002750450029954552,-0.0004026030765261259,-0.0007657981763175568,7.496190428634329e-05,-0.0007698949838112583,2.1557427874556153e-05,-0.0002723426377026142,-5.005934683340219e-06,0.265625
0.0006367417213097277,0.00030012227983767224,0.00021553398976390575,0.0005983482504399902,4.7467231738464184e-05,4.586700079248035e-05,0.00027504500299570754,-0.0004026030765258343,-0.0007657981763172049,7.496190428646573e-05,-0.0007698949838111494,2.155742787477126e-05,-0.0002723426377022358,-5.005934683231371e-06,0.2734375
0.0006367417213101452,0.0003001222798379754,0.00021553398976425245,0.0005983482504403749,4.7467231738810885e-05,4.586700079299575e-05,0.0002750450029959994,-0.00040260307652550384,-0.0007657981763169777,7.496190428679053e-05,-0.0007698949838109317,2.1557427875134223e-05,-0.0002723426377018729,-5.005934683122523e-06,0.28125
0.0006367417213094421,0.00030012227983713523,0.00021553398976337625,0.000598348250439761,4.7467231737934694e-05,4.5867000792328076e-05,0.0002750450029951302,-0.00040260307652618927,-0.0007657981763177711,7.4961904286077e-05,-0.0007698949838117889,2.1557427874475414e-05,-0.00027234263770258607,-5.005934683857246e-06,0.2890625
0.0006367417213091184,0.0003001222798369645,0.00021553398976296593,0.000598348250439373,4.7467231737524343e-05,4.586700079187426e-05,0.0002750450029947486,-0.0004026030765265236,-0.0007657981763180679,7.496190428562356e-05,-0.0007698949838120203,2.1557427874125162e-05,-0.00027234263770293637,-5.005934684265425e-06,0.296875
0.0006367417213097834,0.0003001222798374663,0.00021553398976372702,0.0005983482504401245,4.7467231738285426e-05,4.5867000792476795e-05,0.00027504500299553104,-0.0004026030765258856,-0.0007657981763174351,7.496190428636706e-05,-0.0007698949838112583,2.1557427874793268e-05,-0.00027234263770220025,-5.005934683340219e-06,0.3046875
0.0006367417213104836,0.0003001222798382034,0.00021553398976442034,0.0005983482504406444,4.7467231738978746e-05,4.586700079322089e-05,0.00027504500299612914,-0.0004026030765251949,-0.0007657981763166809,7.496190428700274e-05,-0.000769894983810714,2.1557427875433107e-05,-0.00027234263770153314,-5.005934682687132e-06,0.3125
0.000636741721310253,0.0003001222798380655,0.00021553398976419534,0.0005983482504404795,4.7467231738753734e-05,4.5867000793093875e-05,0.0002750450029958368,-0.0004026030765253193,-0.0007657981763168844,7.496190428684868e-05,-0.0007698949838108365,2.155742787527078e-05,-0.0002723426377018451,-5.005934683108917e-06,0.3203125
0.0006367417213094776,0.00030012227983738503,0.00021553398976336075,0.0005983482504398034,4.746723173791915e-05,4.586700079239078e-05,0.0002750450029951284,-0.000402603076526113,-0.0007657981763175553,7.496190428614992e-05,-0.0007698949838115848,2.155742787472181e-05,-0.00027234263770250296,-5.005934683830034e-06,0.328125
0.0006367417213091814,0.0003001222798370161,0.00021553398976326192,0.0005983482504395754,4.746723173782033e-05,4.586700079215688e-05,0.0002750450029950765,-0.00040260307652637803,-0.0007657981763178564,7.496190428583931e-05,-0.0007698949838116937,2.1557427874217763e-05,-0.0002723426377028165,-5.005934683993306e-06,0.3359375
0.0006367417213106372,0.000300122279838446,0.00021553398976476107,0.0005983482504409818,4.7467231739319484e-05,4.586700079349896e-05,0.0002750450029964546,-0.00040260307652492466,-0.0007657981763163228,7.496190428726679e-05,-0.0007698949838105507,2.1557427875681074e-05,-0.0002723426377012172,-5.005934682523859e-06,0.34375
0.0006367417213106859,0.0003001222798384264,0.00021553398976476877,0.0005983482504408398,4.74672317393272e-05,4.5867000793520265e-05,0.0002750450029965163,-0.0004026030765249033,-0.0007657981763162604,7.496190428727438e-05,-0.0007698949838104691,2.1557427875620697e-05,-0.00027234263770122317,-5.0059346824150114e-06,0.3515625
0.0006367417213101323,0.00030012227983752706,0.00021553398976415484,0.000598348250439975,4.7467231738713286e-05,4.5867000792722794e-05,0.00027504500299566006,-0.0004026030765258373,-0.0007657981763170936,7.496190428656599e-05,-0.0007698949838113127,2.155742787472824e-05,-0.0002723426377020067,-5.005934683340219e-06,0.359375
0.0006367417213102386,0.0003001222798378609,0.00021553398976441998,0.0005983482504402901,4.7467231738978414e-05,4.5867000792995064e-05,0.0002750450029961225,-0.0004026030765255392,-0.0007657981763166964,7.496190428676513e-05,-0.0007698949838110406,2.1557427874960384e-05,-0.000272342637701829,-5.005934682904827e-06,0.3671875
0.00063674172131041,0.00030012227983819986,0.00021553398976463707,0.0005983482504406618,4.746723173919549e-05,4.5867000793218674e-05,0.00027504500299636137,-0.00040260307652523284,-0.0007657981763166666,7.496190428691257e-05,-0.0007698949838107957,2.1557427875414753e-05,-0.00027234263770148354,-5.005934682578284e-06,0.375
0.0006367417213102878,0.000300122279838066,0.00021553398976427906,0.0005983482504405034,4.746723173883747e-05,4.586700079304076e-05,0.0002750450029959593,-0.0004026030765253965,-0.0007657981763167913,7.496190428684608e-05,-0.0007698949838109317,2.1557427875270534e-05,-0.0002723426377016821,-5.005934683068099e-06,0.3828125
0.0006367417213091046,0.00030012227983679273,0.00021553398976305416,0.0005983482504392809,4.7467231737612564e-05,4.586700079180018e-05,0.0002750450029947813,-0.000402603076526622,-0.0007657981763181036,7.49619042858026e-05,-0.0007698949838120747,2.1557427874172058e-05,-0.00027234263770283505,-5.005934684211002e-06,0.390625
0.0006367417213091876,0.0003001222798367983,0.00021553398976321324,0.000598348250439472,4.7467231737771664e-05,4.5867000792044185e-05,0.00027504500299480527,-0.0004026030765264108,-0.0007657981763180461,7.496190428577297e-05,-0.0007698949838119522,2.155742787407182e-05,-0.0002723426377030985,-5.00593468411576e-06,0.3984375
0.000636741721309461,0.00030012227983725666,0.0002155339897634628,0.0005983482504397519,4.7467231738021206e-05,4.5867000792268764e-05,0.00027504500299513026,-0.0004026030765260734,-0.0007657981763176489,7.49619042860777e-05,-0.0007698949838116393,2.1557427874478213e-05,-0.00027234263770266494,-5.005934683666763e-06,0.40625
0.0006367417213093337,0.00030012227983711013,0.00021553398976309075,0.0005983482504395162,4.746723173764917e-05,4.586700079211833e-05,0.0002750450029947003,-0.00040260307652637554,-0.0007657981763180134,7.496190428586516e-05,-0.0007698949838118026,2.1557427874335586e-05,-0.0002723426377028892,-5.005934684102154e-06,0.4140625
0.0006367417213087159,0.0003001222798364547,0.00021553398976237109,0.0005983482504386947,4.746723173692952e-05,4.586700079143079e-05,0.0002750450029938608,-0.00040260307652708265,-0.0007657981763185742,7.496190428512045e-05,-0.0007698949838125644,2.1557427873494557e-05,-0.0002723426377035125,-5.005934684864089e-06,0.421875
0.0006367417213089641,0.0003001222798367535,0.00021553398976279168,0.0005983482504389067,4.74672317373501e-05,4.586700079179046e-05,0.00027504500299464156,-0.00040260307652658826,-0.0007657981763181302,7.496190428544771e-05,-0.0007698949838121291,2.155742787373242e-05,-0.00027234263770322027,-5.0059346845375456e-06,0.4296875
0.0006367417213100792,0.00030012227983792426,0.0002155339897643159,0.0005983482504404183,4.746723173887431e-05,4.586700079308352e-05,0.0002750450029959375,-0.0004026030765255951,-0.000765798176316635,7.496190428682316e-05,-0.0007698949838108229,2.155742787510742e-05,-0.000272342637701818,-5.005934683013675e-06,0.4375
0.0006367417213112788,0.0003001222798391033,0.00021553398976532228,0.0005983482504416462,4.746723173988071e-05,4.5867000794106513e-05,0.00027504500299726224,-0.00040260307652433913,-0.0007657981763156611,7.496190428799716e-05,-0.0007698949838097344,2.1557427876354086e-05,-0.0002723426377005442,-5.005934681816349e-06,0.4453125
0.0006367417213106476,0.0003001222798384761,0.000215533989764749,0.0005983482504410018,4.746723173930743e-05,4.586700079348758e-05,0.0002750450029966466,-0.00040260307652497957,-0.0007657981763163702,7.496190428731323e-05,-0.0007698949838104963,2.1557427875521395e-05,-0.00027234263770114554,-5.005934682795979e-06,0.453125
0.0006367417213102559,0.0003001222798377461,0.00021553398976417737,0.0005983482504403317,4.74672317387358e-05,4.58670007928708e-05,0.00027504500299617885,-0.000402603076525375,-0.0007657981763168354,7.49619042866884e-05,-0.0007698949838109317,2.1557427875072823e-05,-0.00027234263770182544,-5.005934683013675e-06,0.4609375
0.0006367417213099827,0.0003001222798377868,0.0002155339897642571,0.0005983482504403291,4.746723173881552e-05,4.58670007929854e-05,0.0002750450029960854,-0.0004026030765256175,-0.0007657981763169565,7.496190428665085e-05,-0.0007698949838108501,2.1557427875039487e-05,-0.00027234263770185873,-5.0059346828231915e-06,0.46875
0.0006367417213096594,0.0003001222798373583,0.00021553398976373108,0.000598348250439818,4.746723173828949e-05,4.586700079250816e-05,0.00027504500299555543,-0.0004026030765259634,-0.0007657981763173061,7.496190428630869e-05,-0.0007698949838115848,2.1557427874659816e-05,-0.0002723426377022384,-5.00593468350349e-06,0.4765625
0.0006367417213102278,0.00030012227983788176,0.00021553398976397576,0.0005983482504403852,4.746723173853418e-05,4.586700079294665e-05,0.0002750450029958187,-0.00040260307652554493,-0.0007657981763167269,7.496190428673652e-05,-0.0007698949838108773,2.1557427875104925e-05,-0.0002723426377018477,-5.005934683231371e-06,0.484375
0.0006367417213103215,0.0003001222798380131,0.00021553398976429072,0.0005983482504403841,4.746723173884915e-05,4.5867000793006536e-05,0.00027504500299592346,-0.0004026030765254376,-0.0007657981763168274,7.49619042868272e-05,-0.0007698949838108773,2.1557427875253322e-05,-0.0002723426377017538,-5.005934683013675e-06,0.4921875
0.0006367417213110485,0.00030012227983888356,0.00021553398976505066,0.0005983482504412315,4.7467231739609095e-05,4.5867000793767314e-05,0.000275045002996564,-0.0004026030765246529,-0.0007657981763162407,7.496190428756492e-05,-0.0007698949838101699,2.1557427876124607e-05,-0.00027234263770082803,-5.00593468225174e-06,0.5
0.0006367417213113887,0.0003001222798389626,0.00021553398976537218,0.0005983482504416431,4.746723173993062e-05,4.586700079409004e-05,0.0002750450029970729,-0.00040260307652438944,-0.0007657981763157703,7.496190428786646e-05,-0.0007698949838098433,2.1557427876368112e-05,-0.000272342637700639,-5.005934681816349e-06,0.5078125
0.0006367417213111285,0.00030012227983888747,0.00021553398976504278,0.0005983482504413397,4.74672317396012e-05,4.586700079385375e-05,0.0002750450029967285,-0.00040260307652456286,-0.0007657981763160472,7.496190428771486e-05,-0.0007698949838100882,2.1557427876018755e-05,-0.0002723426377009339,-5.005934682197316e-06,0.515625
0.0006367417213090947,0.00030012227983693156,0.00021553398976265084,0.0005983482504393106,4.746723173720926e-05,4.586700079189074e-05,0.0002750450029945882,-0.0004026030765266905,-0.0007657981763182255,7.49619042856651e-05,-0.0007698949838120203,2.1557427873933967e-05,-0.00027234263770329085,-5.00593468431985e-06,0.5234375
0.0006367417213070316,0.0003001222798348788,0.00021553398976088296,0.0005983482504372938,4.746723173544138e-05,4.586700078991236e-05,0.0002750450029925561,-0.00040260307652872484,-0.0007657981763202702,7.496190428358664e-05,-0.0007698949838140884,2.1557427872051616e-05,-0.00027234263770506433,-5.005934686387959e-06,0.53125
0.0006367417213065107,0.00030012227983405106,0.00021553398976017484,0.0005983482504366297,4.7467231734733255e-05,4.5867000789212466e-05,0.0002750450029918901,-0.00040260307652926716,-0.0007657981763209002,7.496190428284627e-05,-0.0007698949838148502,2.155742787128654e-05,-0.00027234263770610154,-5.00593468682335e-06,0.5390625
0.0006367417213079278,0.00030012227983584514,0.0002155339897618428,0.0005983482504382627,4.746723173640123e-05,4.5867000790861855e-05,0.00027504500299360815,-0.0004026030765275435,-0.0007657981763191044,7.496190428451157e-05,-0.0007698949838131087,2.1557427872953187e-05,-0.00027234263770421714,-5.0059346852994805e-06,0.546875
0.0006367417213101503,0.00030012227983782235,0.00021553398976389873,0.0005983482504403155,4.7467231738457164e-05,4.586700079287845e-05,0.00027504500299569356,-0.0004026030765255872,-0.0007657981763171208,7.4961904286658e-05,-0.0007698949838110542,2.155742787499994e-05,-0.0002723426377020616,-5.005934683176947e-06,0.5546875
0.0006367417213108865,0.0003001222798384618,0.00021553398976468968,0.0005983482504410116,4.746723173924811e-05,4.586700079364807e-05,0.00027504500299652075,-0.00040260307652493637,-0.0007657981763163325,7.496190428737544e-05,-0.0007698949838103875,2.1557427875890196e-05,-0.00027234263770122577,-5.005934682578284e-06,0.5625
0.00063674172131101,0.00030012227983899274,0.00021553398976519053,0.0005983482504414135,4.746723173974895e-05,4.586700079390542e-05,0.0002750450029969275,-0.00040260307652471194,-0.000765798176315903,7.496190428798004e-05,-0.0007698949838098433,2.155742787624563e-05,-0.0002723426377007887,-5.005934682142892e-06,0.5703125
0.0006367417213105368,0.0003001222798384556,0.0002155339897646918,0.00059834825044093,4.7467231739250204e-05,4.586700079334665e-05,0.000275045002996371,-0.0004026030765251122,-0.0007657981763164433,7.496190428716193e-05,-0.0007698949838106052,2.1557427875566792e-05,-0.0002723426377013859,-5.005934682687132e-06,0.578125
0.0006367417213111743,0.00030012227983900906,0.00021553398976524279,0.0005983482504413809,4.746723173980119e-05,4.5867000793980516e-05,0.00027504500299704225,-0.00040260307652449694,-0.0007657981763158121,7.496190428785647e-05,-0.0007698949838100066,2.155742787610792e-05,-0.0002723426377007359,-5.00593468197962e-06,0.5859375
0.0006367417213117893,0.0003001222798396572,0.00021553398976590778,0.0005983482504420414,4.746723174046618e-05,4.586700079469153e-05,0.0002750450029977569,-0.00040260307652391564,-0.0007657981763152097,7.496190428830778e-05,-0.0007698949838093059,2.1557427876747702e-05,-0.0002723426377000417,-5.005934681292518e-06,0.59375
0.0006367417213111046,0.00030012227983887456,0.00021553398976520736,0.0005983482504413254,4.746723173976577e-05,4.586700079389558e-05,0.0002750450029971051,-0.00040260307652454714,-0.000765798176315852,7.496190428768724e-05,-0.0007698949838102243,2.1557427876087236e-05,-0.0002723426377007022,-5.005934682142892e-06,0.6015625
0.0006367417213105017,0.0003001222798383676,0.0002155339897645596,0.0005983482504408505,4.746723173911803e-05,4.586700079337945e-05,0.00027504500299639536,-0.00040260307652515424,-0.0007657981763165551,7.49619042871216e-05,-0.0007698949838105644,2.155742787548054e-05,-0.00027234263770144494,-5.0059346826191015e-06,0.609375
0.0006367417213086695,0.00030012227983671944,0.00021553398976282976,0.0005983482504390052,4.7467231737388195e-05,4.58670007915884e-05,0.0002750450029944483,-0.0004026030765268093,-0.0007657981763183941,7.49619042853511e-05,-0.0007698949838123876,2.1557427873839214e-05,-0.00027234263770324954,-5.005934684428698e-06,0.6171875
0.0006367417213094228,0.0003001222798371084,0.00021553398976339642,0.0005983482504396576,4.746723173795483e-05,4.586700079220227e-05,0.0002750450029951158,-0.0004026030765262483,-0.0007657981763175777,7.496190428603779e-05,-0.0007698949838118026,2.155742787438425e-05,-0.0002723426377026229,-5.005934683802822e-06,0.625
0.0006367417213091186,0.0003001222798370398,0.00021553398976315304,0.0005983482504393525,4.7467231737711456e-05,4.586700079194425e-05,0.00027504500299459325,-0.0004026030765267199,-0.0007657981763179176,7.496190428572019e-05,-0.0007698949838120203,2.1557427874015316e-05,-0.0002723426377029918,-5.005934684074942e-06,0.6328125
0.0006367417213088938,0.00030012227983683957,0.00021553398976296097,0.0005983482504392611,4.7467231737519404e-05,4.586700079182294e-05,0.0002750450029946051,-0.00040260307652666155,-0.0007657981763180332,7.496190428572127e-05,-0.0007698949838120203,2.1557427874008275e-05,-0.00027234263770305325,-5.005934684211002e-06,0.640625
0.0006367417213085027,0.0003001222798362724,0.00021553398976232105,0.0005983482504386444,4.746723173687947e-05,4.5867000791232985e-05,0.0002750450029940123,-0.0004026030765271793,-0.0007657981763187015,7.496190428510908e-05,-0.0007698949838126733,2.1557427873436643e-05,-0.0002723426377036249,-5.005934684864089e-06,0.6484375
0.0006367417213084027,0.0003001222798362893,0.00021553398976234818,0.0005983482504388533,4.7467231736906606e-05,4.586700079130942e-05,0.0002750450029942089,-0.0004026030765270279,-0.000765798176318504,7.496190428515986e-05,-0.0007698949838126461,2.1557427873557227e-05,-0.00027234263770361313,-5.005934684836877e-06,0.65625
0.0006367417213097623,0.0003001222798374157,0.00021553398976350226,0.0005983482504397746,4.746723173806069e-05,4.586700079244968e-05,0.00027504500299535876,-0.0004026030765257507,-0.0007657981763171025,7.496190428625825e-05,-0.0007698949838114216,2.1557427874710682e-05,-0.0002723426377022012,-5.005934683612338e-06,0.6640625
0.0006367417213104083,0.0003001222798381988,0.00021553398976412492,0.000598348250440673,4.746723173868332e-05,4.586700079305729e-05,0.00027504500299619793,-0.00040260307652540957,-0.00076579817631649,7.496190428684514e-05,-0.0007698949838108501,2.1557427875274634e-05,-0.00027234263770165083,-5.0059346829320395e-06,0.671875
0.000636741721310184,0.00030012227983793765,0.0002155339897640382,0.0005983482504402614,4.746723173859665e-05,4.5867000792951404e-05,0.0002750450029958767,-0.0004026030765254522,-0.0007657981763168632,7.49619042866568e-05,-0.000769894983811027,2.155742787513032e-05,-0.0002723426377019312,-5.005934683231371e-06,0.6796875
0.0006367417213091258,0.00030012227983701955,0.00021553398976293633,0.000598348250439279,4.746723173749473e-05,4.586700079194819e-05,0.0002750450029948442,-0.0004026030765265645,-0.0007657981763180067,7.496190428576621e-05,-0.0007698949838120203,2.155742787407964e-05,-0.0002723426377029547,-5.005934684265425e-06,0.6875
0.0006367417213095768,0.0003001222798372998,0.0002155339897634949,0.0005983482504397004,4.746723173805329e-05,4.58670007923472e-05,0.00027504500299532737,-0.0004026030765260988,-0.0007657981763174928,7.496190428611577e-05,-0.0007698949838116665,2.1557427874540493e-05,-0.0002723426377024938,-5.00593468363955e-06,0.6953125
0.0006367417213110966,0.0003001222798388843,0.0002155339897652071,0.0005983482504413601,4.746723173976551e-05,4.5867000793791465e-05,0.00027504500299685083,-0.0004026030765245351,-0.0007657981763160754,7.496190428760808e-05,-0.0007698949838100746,2.1557427875993097e-05,-0.0002723426377009868,-5.005934682034044e-06,0.703125
0.0006367417213117048,0.00030012227983942225,0.0002155339897658514,0.0005983482504420131,4.746723174040982e-05,4.5867000794600307e-05,0.00027504500299760197,-0.0004026030765236497,-0.0007657981763156639,7.496190428858649e-05,-0.0007698949838093262,2.155742787685888e-05,-0.0002723426377002571,-5.005934681299321e-06,0.7109375
0.0006367417213103991,0.00030012227983816766,0.00021553398976442213,0.0005983482504407733,4.7467231738980556e-05,4.5867000793299176e-05,0.00027504500299616383,-0.0004026030765253681,-0.0007657981763166579,7.496190428712327e-05,-0.0007698949838105507,2.155742787547386e-05,-0.0002723426377015332,-5.005934682632707e-06,0.71875
0.0006367417213095153,0.0003001222798373248,0.000215533989763608,0.0005983482504398249,4.746723173816642e-05,4.5867000792409486e-05,0.0002750450029954168,-0.0004026030765260644,-0.0007657981763175721,7.496190428618231e-05,-0.0007698949838115329,2.1557427874623533e-05,-0.00027234263770246523,-5.005934683568119e-06,0.7265625
0.0006367417213098012,0.0003001222798377063,0.00021553398976392665,0.000598348250440149,4.7467231738485055e-05,4.5867000792674486e-05,0.00027504500299569003,-0.0004026030765257277,-0.0007657981763171678,7.496190428645126e-05,-0.0007698949838112855,2.155742787489692e-05,-0.00027234263770215103,-5.005934683231371e-06,0.734375
0.0006367417213104199,0.0003001222798381233,0.00021553398976457448,0.0005983482504407239,4.74672317391329e-05,4.586700079320694e-05,0.0002750450029959416,-0.00040260307652517587,-0.0007657981763166999,7.496190428713466e-05,-0.000769894983810714,2.1557427875327837e-05,-0.0002723426377016657,-5.005934682795979e-06,0.7421875
0.0006367417213098607,0.0003001222798377888,0.0002155339897639534,0.0005983482504404695,4.746723173851183e-05,4.586700079280736e-05,0.00027504500299554627,-0.0004026030765256723,-0.0007657981763170265,7.496190428666567e-05,-0.0007698949838112583,2.1557427875003898e-05,-0.0002723426377018399,-5.005934683122523e-06,0.75
0.0006367417213094576,0.000300122279837282,0.00021553398976350893,0.0005983482504397116,4.746723173806736e-05,4.58670007923181e-05,0.00027504500299515845,-0.00040260307652611847,-0.0007657981763174505,7.496190428606132e-05,-0.0007698949838116937,2.1557427874479486e-05,-0.0002723426377025004,-5.005934683653156e-06,0.7578125
0.0006367417213093528,0.0003001222798369518,0.00021553398976323487,0.0005983482504393499,4.7467231737793287e-05,4.5867000792206456e-05,0.0002750450029950306,-0.00040260307652644444,-0.0007657981763177959,7.496190428583655e-05,-0.0007698949838120203,2.1557427874230076e-05,-0.0002723426377028587,-5.00593468404773e-06,0.765625
0.0006367417213096728,0.0003001222798372459,0.00021553398976334272,0.0005983482504395448,4.7467231737901144e-05,4.586700079227816e-05,0.0002750450029950685,-0.0004026030765259968,-0.0007657981763174856,7.49619042861629e-05,-0.0007698949838116937,2.155742787432472e-05,-0.00027234263770254633,-5.005934683884458e-06,0.7734375
0.0006367417213091565,0.0003001222798371946,0.00021553398976335893,0.0005983482504394405,4.746723173791736e-05,4.5867000791913694e-05,0.0002750450029950633,-0.0004026030765261039,-0.000765798176317677,7.496190428579988e-05,-0.0007698949838117481,2.1557427874382616e-05,-0.00027234263770259723,-5.005934683993306e-06,0.78125
0.0006367417213086638,0.0003001222798365021,0.00021553398976266848,0.0005983482504389605,4.7467231737226906e-05,4.5867000791358264e-05,0.00027504500299448814,-0.00040260307652692734,-0.0007657981763180828,7.49619042853753e-05,-0.0007698949838123467,2.1557427873825103e-05,-0.000272342637703182,-5.005934684483121e-06,0.7890625
0.0006367417213092558,0.00030012227983711664,0.00021553398976314502,0.0005983482504394849,4.746723173770343e-05,4.5867000791958235e-05,0.00027504500299493,-0.00040260307652638567,-0.0007657981763178359,7.496190428583056e-05,-0.0007698949838119386,2.1557427874399845e-05,-0.0002723426377028249,-5.005934683966094e-06,0.796875
0.0006367417213099544,0.00030012227983769376,0.00021553398976372496,0.0005983482504401639,4.746723173828338e-05,4.586700079275448e-05,0.00027504500299542777,-0.0004026030765257472,-0.0007657981763172393,7.49619042864566e-05,-0.0007698949838112583,2.155742787481235e-05,-0.0002723426377021948,-5.005934683394642e-06,0.8046875
0.0006367417213106976,0.00030012227983853456,0.00021553398976471033,0.0005983482504410648,4.746723173926875e-05,4.5867000793517866e-05,0.00027504500299635454,-0.000402603076524885,-0.0007657981763163657,7.496190428741623e-05,-0.0007698949838103875,2.1557427875866483e-05,-0.00027234263770124946,-5.005934682578284e-06,0.8125
0.0006367417213105293,0.00030012227983834054,0.00021553398976436333,0.0005983482504407093,4.746723173892176e-05,4.586700079317936e-05,0.0002750450029961569,-0.00040260307652505335,-0.0007657981763166716,7.496190428710654e-05,-0.000769894983810714,2.155742787556536e-05,-0.00027234263770149617,-5.005934682768767e-06,0.8203125
0.0006367417213102725,0.0003001222798379859,0.0002155339897642617,0.000598348250440511,4.746723173882011e-05,4.5867000793019215e-05,0.00027504500299610295,-0.0004026030765254829,-0.0007657981763167311,7.496190428680356e-05,-0.0007698949838109182,2.1557427875322227e-05,-0.0002723426377016848,-5.005934683040887e-06,0.828125
0.0006367417213108967,0.0003001222798386628,0.00021553398976505088,0.0005983482504412748,4.746723173960929e-05,4.5867000793575403e-05,0.0002750450029967223,-0.00040260307652481114,-0.000765798176316221,7.496190428747378e-05,-0.0007698949838102786,2.1557427875983895e-05,-0.00027234263770118647,-5.005934682306164e-06,0.8359375
0.0006367417213109066,0.00030012227983865377,0.00021553398976510046,0.0005983482504409829,4.746723173965887e-05,4.586700079394941e-05,0.00027504500299683837,-0.0004026030765247552,-0.0007657981763161461,7.496190428761948e-05,-0.0007698949838102786,2.155742787586384e-05,-0.00027234263770098,-5.00593468197962e-06,0.84375
0.0006367417213102916,0.0003001222798383347,0.00021553398976453117,0.0005983482504403778,4.746723173908959e-05,4.586700079300181e-05,0.00027504500299613163,-0.0004026030765258495,-0.0007657981763167472,7.496190428668514e-05,-0.0007698949838108229,2.1557427875629063e-05,-0.0002723426377013236,-5.005934682741555e-06,0.8515625
0.0006367417213098128,0.000300122279837627,0.0002155339897637111,0.0005983482504401961,4.7467231738269536e-05,4.586700079261894e-05,0.00027504500299518404,-0.00040260307652596733,-0.0007657981763173166,7.496190428631121e-05,-0.0007698949838113127,2.1557427874977643e-05,-0.0002723426377020022,-5.005934683394642e-06,0.859375
0.0006367417213090695,0.00030012227983670226,0.00021553398976292037,0.0005983482504392219,4.74672317374788e-05,4.586700079188363e-05,0.00027504500299465825,-0.00040260307652662506,-0.0007657981763182282,7.496190428568975e-05,-0.0007698949838121563,2.1557427874026632e-05,-0.0002723426377030893,-5.00593468431985e-06,0.8671875
0.0006367417213085866,0.0003001222798366663,0.00021553398976283954,0.0005983482504389174,4.746723173739796e-05,4.586700079166197e-05,0.0002750450029941966,-0.00040260307652674606,-0.0007657981763182519,7.496190428525383e-05,-0.0007698949838125644,2.1557427873604986e-05,-0.0002723426377033477,-5.0059346845375456e-06,0.875
0.0006367417213083372,0.0003001222798367001,0.0002155339897622117,0.0005983482504388091,4.7467231736770125e-05,4.586700079120166e-05,0.0002750450029941027,-0.0004026030765270873,-0.0007657981763184953,7.496190428497804e-05,-0.0007698949838125644,2.15574278734525e-05,-0.000272342637703609,-5.005934684864089e-06,0.8828125
0.0006367417213087304,0.0003001222798364959,0.00021553398976244565,0.0005983482504386386,4.746723173700408e-05,4.586700079131177e-05,0.00027504500299447215,-0.0004026030765272165,-0.0007657981763183807,7.496190428523085e-05,-0.0007698949838123467,2.155742787369589e-05,-0.00027234263770325675,-5.005934684755241e-06,0.890625
0.0006367417213093606,0.0003001222798368483,0.0002155339897627479,0.0005983482504393479,4.746723173730633e-05,4.586700079167992e-05,0.00027504500299489515,-0.0004026030765266494,-0.0007657981763179713,7.49619042854115e-05,-0.0007698949838120747,2.1557427874005368e-05,-0.000272342637702784,-5.005934684265425e-06,0.8984375
0.0006367417213091809,0.0003001222798370808,0.00021553398976327284,0.0005983482504395161,4.7467231737831274e-05,4.586700079215391e-05,0.0002750450029950268,-0.00040260307652648856,-0.0007657981763177873,7.49619042856307e-05,-0.0007698949838118026,2.1557427874350226e-05,-0.0002723426377027657,-5.005934683938882e-06,0.90625
0.000636741721310236,0.00030012227983793386,0.00021553398976424936,0.0005983482504404413,4.746723173880779e-05,4.586700079304146e-05,0.0002750450029960474,-0.0004026030765254357,-0.0007657981763167774,7.496190428678098e-05,-0.0007698949838110406,2.1557427875277568e-05,-0.0002723426377016887,-5.005934683068099e-06,0.9140625
0.0006367417213119307,0.0003001222798399282,0.0002155339897662391,0.0005983482504423588,4.746723174079754e-05,4.586700079493146e-05,0.0002750450029976203,-0.00040260307652363646,-0.0007657981763151144,7.496190428848513e-05,-0.0007698949838090813,2.1557427876981656e-05,-0.000272342637699971,-5.005934681163261e-06,0.921875
0.0006367417213124935,0.00030012227984026885,0.00021553398976670925,0.0005983482504426138,4.746723174126767e-05,4.586700079528923e-05,0.0002750450029979657,-0.00040260307652370005,-0.0007657981763147382,7.4961904288975e-05,-0.0007698949838087548,2.1557427877699757e-05,-0.0002723426376993074,-5.005934681054413e-06,0.9296875
0.0006367417213105248,0.00030012227983841215,0.00021553398976429855,0.0005983482504408495,4.746723173885698e-05,4.586700079308751e-05,0.00027504500299638756,-0.00040260307652513217,-0.0007657981763168538,7.496190428754605e-05,-0.0007698949838104963,2.155742787550782e-05,-0.00027234263770160817,-5.005934682687132e-06,0.9375
0.0006367417213088089,0.00030012227983647896,0.00021553398976266163,0.0005983482504388561,4.7467231737220035e-05,4.586700079153377e-05,0.000275045002994496,-0.0004026030765268826,-0.0007657981763184006,7.496190428541504e-05,-0.0007698949838124011,2.1557427873875552e-05,-0.0002723426377032948,-5.005934684428698e-06,0.9453125
0.0006367417213098374,0.00030012227983780007,0.00021553398976389046,0.000598348250440122,4.7467231738448904e-05,4.586700079278153e-05,0.0002750450029954633,-0.0004026030765257649,-0.000765798176317344,7.496190428649878e-05,-0.0007698949838112039,2.1557427874997837e-05,-0.00027234263770219976,-5.005934683462673e-06,0.953125
0.0006367417213106767,0.00030012227983850154,0.0002155339897646891,0.0005983482504409888,4.746723173924751e-05,4.5867000793558775e-05,0.00027504500299624276,-0.000402603076525011,-0.0007657981763164796,7.496190428738688e-05,-0.0007698949838104963,2.1557427875677926e-05,-0.000272342637701438,-5.0059346827143436e-06,0.9609375
0.0006367417213100812,0.0003001222798377862,0.00021553398976401552,0.0005983482504402372,4.746723173857394e-05,4.5867000792741876e-05,0.00027504500299569605,-0.000402603076525554,-0.0007657981763170115,7.496190428661529e-05,-0.0007698949838110406,2.1557427874982553e-05,-0.0002723426377020245,-5.005934683231371e-06,0.96875
0.000636741721308794,0.00030012227983658646,0.00021553398976328317,0.0005983482504390528,4.746723173784158e-05,4.586700079184388e-05,0.0002750450029948075,-0.00040260307652641527,-0.0007657981763180692,7.496190428565106e-05,-0.0007698949838121291,2.1557427873807708e-05,-0.0002723426377030905,-5.005934684211002e-06,0.9765625
0.0006367417213093123,0.00030012227983726805,0.00021553398976361402,0.0005983482504394411,4.746723173817244e-05,4.586700079243173e-05,0.0002750450029952169,-0.0004026030765259302,-0.0007657981763174208,7.496190428605443e-05,-0.0007698949838118026,2.1557427874392527e-05,-0.00027234263770272343,-5.005934683666763e-06,0.984375
0.0006367417213091501,0.00030012227983702963,0.0002155339897633018,0.000598348250439251,4.7467231737860216e-05,4.586700079196591e-05,0.00027504500299509806,-0.00040260307652638025,-0.0007657981763179035,7.496190428563696e-05,-0.0007698949838119658,2.1557427874109323e-05,-0.0002723426377028978,-5.005934683993306e-06,0.9921875
0.0006367417213090377,0.0003001222798368895,0.00021553398976308918,0.0005983482504393192,4.746723173764759e-05,4.58670007917623e-05,0.00027504500299479367,-0.0004026030765265111,-0.0007657981763178978,7.496190428564172e-05,-0.0007698949838121699,2.1557427874087015e-05,-0.0002723426377028112,-5.005934684088548e-06,1.0
0.0006367417213083756,0.00030012227983624456,0.00021553398976234973,0.0005983482504387201,4.746723173690814e-05,4.5867000791206164e-05,0.00027504500299423737,-0.00040260307652720186,-0.0007657981763185513,7.496190428502253e-05,-0.0007698949838126733,2.1557427873407695e-05,-0.0002723426377035994,-5.005934684646393e-06,1.0078125
0.0006367417213087529,0.00030012227983643836,0.00021553398976255106,0.0005983482504388407,4.746723173710949e-05,4.586700079156704e-05,0.0002750450029942141,-0.00040260307652694843,-0.0007657981763183729,7.496190428536465e-05,-0.0007698949838125644,2.1557427873761067e-05,-0.0002723426377033549,-5.005934684646393e-06,1.015625
0.0006367417213099619,0.00030012227983771664,0.00021553398976368996,0.0005983482504403041,4.746723173824839e-05,4.586700079266677e-05,0.00027504500299559007,-0.0004026030765257329,-0.0007657981763171314,7.496190428654066e-05,-0.0007698949838112583,2.1557427875000158e-05,-0.00027234263770206137,-5.005934683340219e-06,1.0234375
0.000636741721310476,0.00030012227983819417,0.00021553398976435103,0.0005983482504407312,4.7467231738909446e-05,4.586700079320886e-05,0.0002750450029961032,-0.00040260307652520476,-0.0007657981763167299,7.49619042870866e-05,-0.0007698949838106052,2.1557427875522018e-05,-0.0002723426377015939,-5.005934683013675e-06,1.03125
0.0006367417213110551,0.00030012227983891213,0.00021553398976508043,0.0005983482504413388,4.746723173963886e-05,4.5867000793932546e-05,0.00027504500299679977,-0.00040260307652448534,-0.0007657981763159863,7.496190428775443e-05,-0.000769894983810061,2.1557427876179834e-05,-0.00027234263770093607,-5.005934682034044e-06,1.0390625
0.0006367417213124939,0.00030012227984026104,0.00021553398976651282,0.0005983482504426558,4.746723174107122e-05,4.586700079528236e-05,0.0002750450029981593,-0.00040260307652315903,-0.0007657981763146245,7.496190428901802e-05,-0.0007698949838086731,2.15574278775278e-05,-0.0002723426376995337,-5.005934680836718e-06,1.046875
0.0006367417213120632,0.0003001222798398733,0.0002155339897660611,0.0005983482504423463,4.7467231740619503e-05,4.5867000794780975e-05,0.0002750450029977756,-0.0004026030765236795,-0.0007657981763149428,7.496190428870372e-05,-0.0007698949838091357,2.155742787709037e-05,-0.0002723426376998623,-5.005934681054413e-06,1.0546875
0.0006367417213118667,0.00030012227983973157,0.00021553398976592833,0.0005983482504421004,4.7467231740486756e-05,4.586700079472536e-05,0.0002750450029977297,-0.0004026030765236899,-0.0007657981763150624,7.496190428851674e-05,-0.0007698949838091902,2.155742787687608e-05,-0.000272342637700131,-5.005934681299321e-06,1.0625
0.0006367417213101231,0.0003001222798380482,0.00021553398976421648,0.0005983482504403251,4.7467231738774896e-05,4.5867000793068586e-05,0.00027504500299598353,-0.0004026030765255874,-0.0007657981763167754,7.49619042866932e-05,-0.0007698949838110406,2.1557427874928106e-05,-0.000272342637702079,-5.005934682904827e-06,1.0703125
0.0006367417213086502,0.0003001222798364266,0.000215533989762572,0.000598348250438754,4.746723173713042e-05,4.586700079136072e-05,0.00027504500299424804,-0.0004026030765270077,-0.0007657981763184279,7.496190428513778e-05,-0.0007698949838125644,2.1557427873630888e-05,-0.00027234263770353946,-5.005934684646393e-06,1.078125
0.0006367417213077026,0.0003001222798354833,0.0002155339897616807,0.0005983482504378372,4.7467231736239096e-05,4.586700079051824e-05,0.00027504500299329953,-0.00040260307652797755,-0.0007657981763194563,7.496190428432181e-05,-0.0007698949838133808,2.1557427872627578e-05,-0.0002723426377044339,-5.005934685462752e-06,1.0859375
0.0006367417213084635,0.0003001222798362191,0.00021553398976247945,0.0005983482504385379,4.746723173703787e-05,4.58670007912719e-05,0.00027504500299409403,-0.0004026030765272883,-0.0007657981763187149,7.49619042850404e-05,-0.0007698949838127277,2.1557427873399865e-05,-0.0002723426377036072,-5.005934684809665e-06,1.09375
0.0006367417213089568,0.0003001222798366871,0.0002155339897629758,0.0005983482504392278,4.746723173753422e-05,4.586700079180172e-05,0.00027504500299457954,-0.00040260307652670193,-0.0007657981763181848,7.496190428556071e-05,-0.0007698949838122108,2.1557427873928603e-05,-0.0002723426377030241,-5.005934684265425e-06,1.1015625
0.0006367417213080818,0.00030012227983585864,0.0002155339897620024,0.0005983482504383737,4.7467231736560806e-05,4.5867000790839534e-05,0.0002750450029938034,-0.0004026030765274913,-0.0007657981763189392,7.496190428469545e-05,-0.0007698949838131087,2.1557427872975254e-05,-0.00027234263770378693,-5.0059346852994805e-06,1.109375
0.0006367417213087244,0.0003001222798364457,0.00021553398976271372,0.000598348250439004,4.7467231737272144e-05,4.58670007915704e-05,0.0002750450029944563,-0.0004026030765269746,-0.0007657981763183942,7.496190428530628e-05,-0.0007698949838125644,2.155742787381321e-05,-0.000272342637703085,-5.005934684428698e-06,1.1171875
0.0006367417213100541,0.0003001222798377323,0.00021553398976393394,0.0005983482504402388,4.746723173849235e-05,4.586700079287823e-05,0.0002750450029954797,-0.0004026030765258539,-0.0007657981763171486,7.496190428661677e-05,-0.0007698949838111494,2.1557427875037742e-05,-0.0002723426377020238,-5.0059346832585826e-06,1.125
0.000636741721312026,0.0003001222798398085,0.00021553398976590342,0.0005983482504422315,4.7467231740461827e-05,4.586700079487385e-05,0.00027504500299773755,-0.00040260307652379963,-0.0007657981763153349,7.496190428842001e-05,-0.0007698949838092446,2.1557427876922404e-05,-0.00027234263770019356,-5.0059346813265335e-06,1.1328125
0.0006367417213123714,0.0003001222798401868,0.00021553398976623735,0.0005983482504423362,4.746723174079577e-05,4.586700079495782e-05,0.0002750450029978819,-0.00040260307652364107,-0.000765798176315209,7.496190428866579e-05,-0.000769894983808918,2.1557427877105106e-05,-0.00027234263769973873,-5.005934681081626e-06,1.140625
0.0006367417213126456,0.0003001222798406352,0.0002155339897667196,0.0005983482504431355,4.746723174127803e-05,4.586700079539596e-05,0.00027504500299854295,-0.0004026030765228359,-0.0007657981763144693,7.496190428918264e-05,-0.0007698949838083193,2.1557427877835966e-05,-0.00027234263769895345,-5.005934680510174e-06,1.1484375
0.0006367417213118963,0.0003001222798394956,0.00021553398976596307,0.0005983482504419907,4.746723174052148e-05,4.586700079458395e-05,0.0002750450029976567,-0.00040260307652380706,-0.0007657981763151589,7.496190428841984e-05,-0.0007698949838095167,2.1557427876858602e-05,-0.0002723426377000941,-5.005934681380957e-06,1.15625
0.0006367417213090313,0.00030012227983673944,0.00021553398976312523,0.0005983482504393977,4.7467231737683674e-05,4.5867000791991045e-05,0.0002750450029949822,-0.0004026030765265088,-0.0007657981763178606,7.496190428566367e-05,-0.000769894983811993,2.1557427874156848e-05,-0.0002723426377027958,-5.0059346840205175e-06,1.1640625
0.0006367417213074124,0.0003001222798351313,0.0002155339897613741,0.0005983482504375824,4.746723173593253e-05,4.586700078999166e-05,0.0002750450029931507,-0.00040260307652805946,-0.0007657981763197623,7.496190428389251e-05,-0.0007698949838137618,2.1557427872164393e-05,-0.00027234263770467944,-5.0059346857348715e-06,1.171875
0.0006367417213075696,0.00030012227983573043,0.0002155339897614533,0.0005983482504379781,4.746723173601172e-05,4.586700079046009e-05,0.0002750450029934635,-0.0004026030765278691,-0.0007657981763187757,7.496190428459282e-05,-0.0007698949838132175,2.155742787269021e-05,-0.00027234263770393595,-5.0059346855171764e-06,1.1796875
0.0006367417213096271,0.0003001222798377044,0.000215533989763727,0.0005983482504400598,4.746723173828539e-05,4.586700079267915e-05,0.0002750450029951345,-0.0004026030765257308,-0.0007657981763173431,7.496190428637547e-05,-0.0007698949838112583,2.1557427874527883e-05,-0.0002723426377024792,-5.005934683557915e-06,1.1875
0.0006367417213107579,0.00030012227983857625,0.00021553398976462013,0.000598348250440933,4.746723173917853e-05,4.5867000793616075e-05,0.0002750450029961416,-0.0004026030765247514,-0.0007657981763164312,7.496190428753137e-05,-0.0007698949838103875,2.155742787555241e-05,-0.00027234263770145465,-5.005934682578284e-06,1.1953125
0.000636741721311512,0.00030012227983913754,0.00021553398976547822,0.0005983482504416774,4.7467231740036636e-05,4.5867000794271346e-05,0.0002750450029970792,-0.0004026030765241555,-0.0007657981763157514,7.496190428804325e-05,-0.0007698949838097344,2.1557427876455096e-05,-0.00027234263770066085,-5.005934681734713e-06,1.203125
0.0006367417213114719,0.0003001222798392827,0.00021553398976547944,0.0005983482504418559,4.746723174003786e-05,4.5867000794290116e-05,0.0002750450029971048,-0.00040260307652404363,-0.0007657981763156071,7.496190428809534e-05,-0.0007698949838097344,2.15574278763729e-05,-0.0002723426377004165,-5.005934681598653e-06,1.2109375
0.0006367417213110492,0.00030012227983882594,0.00021553398976550793,0.0005983482504413289,4.7467231740066364e-05,4.5867000793858285e-05,0.00027504500299696094,-0.00040260307652443015,-0.0007657981763158506,7.496190428770203e-05,-0.0007698949838099521,2.1557427876136083e-05,-0.00027234263770043566,-5.005934682034044e-06,1.21875
0.0006367417213093533,0.00030012227983688446,0.0002155339897636815,0.0005983482504398072,4.746723173823995e-05,4.586700079213761e-05,0.0002750450029951812,-0.0004026030765265738,-0.0007657981763175309,7.496190428585697e-05,-0.0007698949838118026,2.155742787408264e-05,-0.0002723426377027068,-5.005934683557915e-06,1.2265625
0.0006367417213071087,0.0003001222798347691,0.00021553398976088435,0.0005983482504374372,4.746723173544277e-05,4.58670007897902e-05,0.0002750450029928894,-0.000402603076528761,-0.0007657981763200653,7.496190428369032e-05,-0.0007698949838140884,2.155742787230824e-05,-0.00027234263770502536,-5.0059346860614154e-06,1.234375
0.0006367417213086171,0.0003001222798360596,0.00021553398976250143,0.0005983482504386187,4.7467231737059844e-05,4.586700079129839e-05,0.0002750450029943967,-0.00040260307652725265,-0.0007657981763185565,7.496190428508944e-05,-0.0007698949838126325,2.1557427873489793e-05,-0.0002723426377035173,-5.005934684918513e-06,1.2421875
0.0006367417213110343,0.00030012227983879997,0.00021553398976521834,0.0005983482504413088,4.746723173977675e-05,4.5867000793809334e-05,0.000275045002996804,-0.00040260307652457094,-0.0007657981763160893,7.496190428755018e-05,-0.000769894983810129,2.1557427876024197e-05,-0.0002723426377012006,-5.00593468204765e-06,1.25
0.0006367417213117644,0.0003001222798396527,0.0002155339897661738,0.0005983482504422176,4.746723174073223e-05,4.586700079491752e-05,0.0002750450029974393,-0.00040260307652371984,-0.0007657981763151974,7.496190428822457e-05,-0.0007698949838094079,2.1557427877056825e-05,-0.00027234263770011354,-5.005934681380957e-06,1.2578125
0.0006367417213107882,0.0003001222798388108,0.0002155339897649121,0.0005983482504412689,4.746723173947053e-05,4.586700079374329e-05,0.0002750450029965123,-0.0004026030765248358,-0.00076579817631623,7.496190428748778e-05,-0.0007698949838102786,2.1557427876003153e-05,-0.0002723426377011672,-5.005934682469436e-06,1.265625
0.000636741721310864,0.0003001222798387073,0.00021553398976473354,0.0005983482504411624,4.746723173929195e-05,4.5867000793683885e-05,0.00027504500299643114,-0.0004026030765247188,-0.0007657981763163146,7.496190428747994e-05,-0.0007698949838103875,2.155742787596437e-05,-0.00027234263770115156,-5.005934682306164e-06,1.2734375
0.0006367417213104619,0.00030012227983831094,0.00021553398976427543,0.0005983482504406484,4.746723173883383e-05,4.586700079320221e-05,0.00027504500299582854,-0.00040260307652510626,-0.0007657981763165991,7.496190428698935e-05,-0.0007698949838104963,2.1557427875217893e-05,-0.0002723426377015715,-5.005934682795979e-06,1.28125
0.0006367417213086112,0.00030012227983676763,0.00021553398976267586,0.0005983482504389736,4.7467231737234285e-05,4.586700079168521e-05,0.0002750450029942472,-0.0004026030765271711,-0.0007657981763184271,7.496190428566739e-05,-0.0007698949838123467,2.1557427873212894e-05,-0.00027234263770368534,-5.005934684646393e-06,1.2890625
0.0006367417213074408,0.00030012227983556563,0.00021553398976143252,0.0005983482504382015,4.746723173599092e-05,4.5867000790789065e-05,0.0002750450029933084,-0.00040260307652782343,-0.0007657981763191566,7.496190428454806e-05,-0.0007698949838134353,2.1557427872793494e-05,-0.00027234263770443127,-5.0059346855171764e-06,1.296875
0.000636741721307748,0.00030012227983539514,0.0002155339897614831,0.0005983482504378865,4.7467231736041494e-05,4.5867000790429774e-05,0.00027504500299337976,-0.00040260307652784945,-0.0007657981763193579,7.496190428442526e-05,-0.0007698949838132175,2.1557427872485252e-05,-0.00027234263770397764,-5.0059346855171764e-06,1.3046875
0.0006367417213099921,0.00030012227983779307,0.00021553398976390125,0.0005983482504401522,4.746723173845967e-05,4.586700079270177e-05,0.0002750450029953779,-0.00040260307652553696,-0.0007657981763169817,7.496190428661945e-05,-0.0007698949838112583,2.1557427874791442e-05,-0.00027234263770178023,-5.005934683449067e-06,1.3125
0.0006367417213116543,0.00030012227983940387,0.00021553398976558396,0.0005983482504417465,4.746723174014238e-05,4.5867000794185254e-05,0.00027504500299748444,-0.0004026030765241274,-0.000765798176315303,7.496190428808646e-05,-0.0007698949838097889,2.1557427876638418e-05,-0.000272342637700151,-5.005934681489805e-06,1.3203125
0.0006367417213111518,0.00030012227983869307,0.00021553398976595955,0.000598348250441694,4.746723174051798e-05,4.586700079412652e-05,0.00027504500299788104,-0.0004026030765246257,-0.0007657981763158107,7.496190428781527e-05,-0.0007698949838097344,2.1557427876799476e-05,-0.000272342637700643,-5.005934681598653e-06,1.328125
0.0006367417213122178,0.0003001222798397576,0.00021553398976604474,0.0005983482504428666,4.746723174060315e-05,4.586700079432038e-05,0.00027504500299747333,-0.00040260307652426795,-0.0007657981763154515,7.496190428849818e-05,-0.0007698949838086459,2.1557427876612058e-05,-0.00027234263770017735,-5.00593468072787e-06,1.3359375
0.0006367417213122301,0.0003001222798399905,0.00021553398976610773,0.0005983482504422182,4.746723174066615e-05,4.586700079479489e-05,0.00027504500299776617,-0.0004026030765236435,-0.0007657981763148299,7.496190428923425e-05,-0.0007698949838086459,2.1557427876766685e-05,-0.0002723426376999139,-5.00593468072787e-06,1.34375
0.0006367417213121332,0.0003001222798400393,0.0002155339897661483,0.0005983482504422603,4.7467231740706734e-05,4.5867000795084504e-05,0.0002750450029978072,-0.000402603076523724,-0.0007657981763148657,7.496190428880968e-05,-0.0007698949838090813,2.1557427877309363e-05,-0.0002723426376998066,-5.005934681054413e-06,1.3515625
0.0006367417213104872,0.00030012227983837794,0.00021553398976458828,0.0005983482504408271,4.7467231739146696e-05,4.586700079333944e-05,0.00027504500299627854,-0.0004026030765250931,-0.0007657981763165085,7.496190428713961e-05,-0.000769894983810578,2.1557427875558305e-05,-0.0002723426377014216,-5.005934682659919e-06,1.359375
0.0006367417213092994,0.00030012227983752717,0.0002155339897634075,0.0005983482504397758,4.746723173796592e-05,4.586700079226753e-05,0.0002750450029948497,-0.0004026030765262092,-0.0007657981763176725,7.496190428618343e-05,-0.0007698949838119114,2.1557427874258523e-05,-0.00027234263770266695,-5.00593468377561e-06,1.3671875
0.0006367417213084597,0.0003001222798357079,0.00021553398976229573,0.0005983482504385824,4.746723173685416e-05,4.586700079126463e-05,0.0002750450029940376,-0.0004026030765272122,-0.0007657981763185939,7.496190428493569e-05,-0.0007698949838127821,2.1557427873582194e-05,-0.0002723426377041324,-5.0059346850817846e-06,1.375
0.0006367417213079698,0.0003001222798350401,0.0002155339897614135,0.0005983482504380699,4.7467231735971915e-05,4.58670007904352e-05,0.00027504500299339527,-0.0004026030765277631,-0.0007657981763194024,7.496190428469688e-05,-0.0007698949838134353,2.1557427873076092e-05,-0.00027234263770431195,-5.0059346857348715e-06,1.3828125
0.0006367417213072606,0.00030012227983545483,0.00021553398976143325,0.0005983482504375124,4.746723173599169e-05,4.586700078999932e-05,0.00027504500299279207,-0.0004026030765283628,-0.0007657981763196837,7.496190428407803e-05,-0.000769894983813653,2.1557427872245918e-05,-0.00027234263770448906,-5.0059346859525675e-06,1.390625
0.0006367417213074702,0.00030012227983503296,0.00021553398976131805,0.0005983482504377119,4.746723173587647e-05,4.586700079023422e-05,0.00027504500299323,-0.000402603076528195,-0.0007657981763194559,7.496190428419951e-05,-0.0007698949838137074,2.1557427872459946e-05,-0.00027234263770451996,-5.005934685898144e-06,1.3984375
0.0006367417213085602,0.0003001222798363463,0.00021553398976249108,0.0005983482504388181,4.74672317370495e-05,4.5867000791395764e-05,0.0002750450029941462,-0.0004026030765271235,-0.0007657981763185807,7.49619042852084e-05,-0.0007698949838125509,2.155742787358492e-05,-0.0002723426377035038,-5.005934684755241e-06,1.40625
0.0006367417213103614,0.0003001222798380659,0.00021553398976419553,0.0005983482504404532,4.7467231738753964e-05,4.586700079314863e-05,0.00027504500299594786,-0.00040260307652529215,-0.0007657981763168582,7.496190428676788e-05,-0.0007698949838108773,2.1557427875244106e-05,-0.000272342637701763,-5.005934683068099e-06,1.4140625
0.0006367417213119621,0.0003001222798396733,0.00021553398976578933,0.0005983482504422848,4.7467231740347755e-05,4.586700079491247e-05,0.0002750450029976228,-0.0004026030765233649,-0.0007657981763149376,7.496190428908261e-05,-0.0007698949838088636,2.155742787699428e-05,-0.0002723426377001217,-5.005934681163261e-06,1.421875
0.0006367417213130805,0.00030012227984087806,0.00021553398976676931,0.0005983482504434599,4.746723174132773e-05,4.586700079600485e-05,0.0002750450029990684,-0.0004026030765225589,-0.0007657981763142248,7.496190429003631e-05,-0.0007698949838079929,2.1557427878093773e-05,-0.00027234263769913104,-5.005934680074782e-06,1.4296875
0.0006367417213131951,0.00030012227984066496,0.00021553398976738495,0.0005983482504435356,4.746723174194336e-05,4.586700079596121e-05,0.00027504500299911134,-0.00040260307652257785,-0.0007657981763140179,7.496190428946514e-05,-0.0007698949838079929,2.1557427878255458e-05,-0.0002723426376985884,-5.005934679857087e-06,1.4375
0.0006367417213120533,0.00030012227984006534,0.00021553398976627785,0.0005983482504425177,4.7467231740836256e-05,4.586700079489016e-05,0.0002750450029980725,-0.0004026030765234666,-0.0007657981763147959,7.496190428884654e-05,-0.000769894983808918,2.1557427877365395e-05,-0.00027234263769958727,-5.005934680836718e-06,1.4453125
0.0006367417213096259,0.00030012227983745057,0.00021553398976369864,0.0005983482504397594,4.746723173825706e-05,4.586700079248365e-05,0.0002750450029954909,-0.0004026030765260196,-0.0007657981763173791,7.496190428632379e-05,-0.000769894983811476,2.1557427874651153e-05,-0.0002723426377023015,-5.00593468350349e-06,1.453125
0.000636741721308017,0.00030012227983585316,0.0002155339897620412,0.0005983482504382167,4.746723173659962e-05,4.5867000790869824e-05,0.0002750450029937805,-0.0004026030765277262,-0.0007657981763188796,7.496190428446539e-05,-0.0007698949838130543,2.1557427873070112e-05,-0.00027234263770404584,-5.005934685136208e-06,1.4609375
0.000636741721308225,0.00030012227983612416,0.00021553398976234357,0.0005983482504388584,4.7467231736902e-05,4.586700079114291e-05,0.0002750450029942863,-0.0004026030765271999,-0.0007657981763186884,7.496190428521796e-05,-0.0007698949838127821,2.1557427873611186e-05,-0.00027234263770350476,-5.005934684646393e-06,1.46875
0.0006367417213086308,0.00030012227983604707,0.00021553398976227706,0.0005983482504382106,4.74672317368355e-05,4.586700079090786e-05,0.0002750450029941686,-0.0004026030765275227,-0.0007657981763185826,7.496190428484765e-05,-0.000769894983812891,2.1557427873419997e-05,-0.00027234263770347826,-5.005934684864089e-06,1.4765625
0.0006367417213080489,0.0003001222798360246,0.00021553398976191857,0.0005983482504384702,4.746723173647698e-05,4.586700079099625e-05,0.0002750450029938568,-0.0004026030765275552,-0.0007657981763192291,7.496190428456504e-05,-0.0007698949838129998,2.155742787317767e-05,-0.0002723426377037614,-5.0059346851906325e-06,1.484375
0.0006367417213086095,0.0003001222798363609,0.0002155339897625043,0.000598348250438768,4.746723173706271e-05,4.5867000791341635e-05,0.00027504500299428187,-0.0004026030765270988,-0.0007657981763184939,7.496190428522571e-05,-0.0007698949838125916,2.155742787369542e-05,-0.00027234263770347495,-5.005934684673605e-06,1.4921875
0.0006367417213105158,0.0003001222798383163,0.00021553398976443974,0.0005983482504408142,4.746723173899817e-05,4.58670007933279e-05,0.00027504500299625393,-0.0004026030765251797,-0.0007657981763166239,7.496190428708508e-05,-0.0007698949838106596,2.1557427875511196e-05,-0.00027234263770141426,-5.005934682741555e-06,1.5
0.0006367417213117265,0.00030012227983941493,0.00021553398976553002,0.0005983482504419203,4.7467231740088434e-05,4.586700079446316e-05,0.00027504500299731905,-0.00040260307652378906,-0.0007657981763154479,7.496190428825486e-05,-0.0007698949838095984,2.1557427876654826e-05,-0.00027234263770029786,-5.0059346815442285e-06,1.5078125
0.0006367417213105396,0.00030012227983825765,0.00021553398976449008,0.0005983482504408095,4.74672317390485e-05,4.5867000793296506e-05,0.000275045002996248,-0.0004026030765251291,-0.0007657981763165182,7.496190428716207e-05,-0.0007698949838105507,2.1557427875479622e-05,-0.00027234263770152745,-5.005934682687132e-06,1.515625
0.000636741721309387,0.00030012227983715816,0.00021553398976329418,0.0005983482504396248,4.746723173785258e-05,4.586700079214882e-05,0.00027504500299503713,-0.00040260307652636084,-0.0007657981763176942,7.496190428598343e-05,-0.0007698949838118026,2.1557427874373973e-05,-0.0002723426377026059,-5.005934683938882e-06,1.5234375
0.0006367417213096338,0.0003001222798374299,0.00021553398976354972,0.0005983482504398961,4.746723173810816e-05,4.5867000792405665e-05,0.00027504500299529094,-0.00040260307652600707,-0.0007657981763175285,7.496190428626705e-05,-0.000769894983811476,2.1557427874640165e-05,-0.00027234263770236695,-5.005934683666763e-06,1.53125
0.0006367417213105377,0.0003001222798382482,0.00021553398976446875,0.0005983482504407416,4.746723173902716e-05,4.5867000793233514e-05,0.0002750450029962236,-0.0004026030765250935,-0.0007657981763164886,7.496190428712213e-05,-0.0007698949838106868,2.1557427875551024e-05,-0.00027234263770155136,-5.005934682768767e-06,1.5390625
0.0006367417213105035,0.00030012227983839676,0.0002155339897645661,0.0005983482504408073,4.746723173912453e-05,4.586700079334967e-05,0.00027504500299630223,-0.00040260307652503893,-0.0007657981763166576,7.496190428720979e-05,-0.0007698949838105235,2.1557427875514276e-05,-0.00027234263770160166,-5.005934682673526e-06,1.546875
0.0006367417213087379,0.0003001222798365225,0.0002155339897627288,0.0005983482504389663,4.7467231737287235e-05,4.586700079142245e-05,0.00027504500299423785,-0.0004026030765268105,-0.0007657981763184565,7.496190428534314e-05,-0.0007698949838123467,2.155742787371333e-05,-0.00027234263770304886,-5.005934684211002e-06,1.5546875
0.0006367417213094795,0.00030012227983724474,0.00021553398976362697,0.00059834825043998,4.746723173818537e-05,4.586700079258979e-05,0.0002750450029955743,-0.0004026030765262438,-0.0007657981763174351,7.496190428620336e-05,-0.0007698949838115848,2.155742787481361e-05,-0.00027234263770211184,-5.005934683449067e-06,1.5625
0.000636741721310617,0.0003001222798383571,0.00021553398976481932,0.0005983482504409315,4.746723173937773e-05,4.586700079353975e-05,0.0002750450029965004,-0.0004026030765251066,-0.0007657981763164597,7.496190428728831e-05,-0.0007698949838104691,2.1557427875516875e-05,-0.00027234263770140857,-5.005934682496648e-06,1.5703125
0.0006367417213102589,0.0003001222798382975,0.00021553398976452222,0.000598348250440583,4.746723173908065e-05,4.586700079337333e-05,0.00027504500299635736,-0.0004026030765250677,-0.0007657981763165323,7.496190428721738e-05,-0.0007698949838106052,2.1557427875237615e-05,-0.00027234263770176944,-5.005934682904827e-06,1.578125
0.0006367417213092536,0.0003001222798368887,0.00021553398976306698,0.0005983482504394128,4.746723173762539e-05,4.5867000792036534e-05,0.00027504500299483585,-0.000402603076526511,-0.0007657981763178715,7.496190428602387e-05,-0.0007698949838119114,2.1557427874069712e-05,-0.00027234263770280133,-5.005934684211002e-06,1.5859375
0.0006367417213089487,0.00030012227983680217,0.00021553398976270518,0.0005983482504390757,4.7467231737263606e-05,4.5867000791771576e-05,0.0002750450029947099,-0.00040260307652655096,-0.000765798176317885,7.496190428565801e-05,-0.0007698949838122379,2.155742787401202e-05,-0.0002723426377033216,-5.005934684428698e-06,1.59375
0.0006367417213084773,0.00030012227983627584,0.00021553398976245712,0.0005983482504387243,4.7467231737015534e-05,4.586700079122109e-05,0.00027504500299418245,-0.000402603076527198,-0.0007657981763186404,7.496190428511931e-05,-0.0007698949838126461,2.1557427873455366e-05,-0.0002723426377035517,-5.005934684728029e-06,1.6015625
0.0006367417213096079,0.0003001222798371726,0.00021553398976361746,0.0005983482504396966,4.7467231738175895e-05,4.586700079216799e-05,0.0002750450029951554,-0.0004026030765261592,-0.0007657981763175308,7.496190428597854e-05,-0.0007698949838115848,2.155742787435631e-05,-0.00027234263770259637,-5.005934683666763e-06,1.609375
0.0006367417213108921,0.00030012227983871145,0.00021553398976503326,0.0005983482504411897,4.7467231739591687e-05,4.586700079361812e-05,0.0002750450029967139,-0.0004026030765249553,-0.0007657981763160918,7.496190428743716e-05,-0.0007698949838103875,2.155742787592957e-05,-0.0002723426377008598,-5.005934682034044e-06,1.6171875
0.0006367417213110336,0.0003001222798387659,0.00021553398976516754,0.0005983482504414257,4.7467231739725965e-05,4.5867000793766935e-05,0.00027504500299681224,-0.00040260307652459246,-0.0007657981763158597,7.496190428771303e-05,-0.0007698949838099521,2.1557427876161863e-05,-0.0002723426377007364,-5.00593468225174e-06,1.625
0.0006367417213111081,0.00030012227983895057,0.00021553398976495124,0.000598348250441558,4.7467231739509673e-05,4.586700079386675e-05,0.0002750450029967953,-0.00040260307652472305,-0.0007657981763159917,7.496190428769262e-05,-0.0007698949838100882,2.155742787617277e-05,-0.0002723426377009976,-5.00593468225174e-06,1.6328125
0.0006367417213101144,0.0003001222798379441,0.00021553398976402173,0.0005983482504403797,4.7467231738580146e-05,4.5867000792837536e-05,0.00027504500299585863,-0.00040260307652557117,-0.0007657981763171536,7.496190428683167e-05,-0.0007698949838109317,2.1557427875175487e-05,-0.00027234263770183157,-5.005934683340219e-06,1.640625
0.0006367417213098698,0.00030012227983751335,0.00021553398976385002,0.0005983482504399543,4.746723173840845e-05,4.5867000792754e-05,0.0002750450029955996,-0.0004026030765260074,-0.0007657981763171858,7.496190428653582e-05,-0.0007698949838112039,2.1557427874724018e-05,-0.00027234263770217423,-5.005934683285794e-06,1.6484375
0.0006367417213096555,0.000300122279837545,0.00021553398976384517,0.0005983482504399685,4.746723173840357e-05,4.5867000792549694e-05,0.0002750450029953888,-0.0004026030765261487,-0.0007657981763173827,7.496190428631405e-05,-0.0007698949838115032,2.1557427874773963e-05,-0.00027234263770234196,-5.0059346833674305e-06,1.65625
0.0006367417213097477,0.00030012227983759965,0.00021553398976369652,0.0005983482504398783,4.746723173825493e-05,4.5867000792611555e-05,0.000275045002995341,-0.0004026030765257587,-0.0007657981763173633,7.49619042863399e-05,-0.0007698949838113671,2.1557427874875844e-05,-0.00027234263770234895,-5.005934683449067e-06,1.6640625
0.0006367417213083388,0.00030012227983615425,0.00021553398976217457,0.0005983482504384609,4.7467231736732984e-05,4.5867000791182285e-05,0.0002750450029938222,-0.0004026030765272321,-0.000765798176318909,7.49619042850475e-05,-0.000769894983812891,2.155742787325097e-05,-0.000272342637703865,-5.0059346850817846e-06,1.671875
0.0006367417213074001,0.0003001222798352488,0.00021553398976152476,0.0005983482504376919,4.746723173608319e-05,4.5867000790255e-05,0.0002750450029930379,-0.000402603076528138,-0.000765798176319712,7.496190428398453e-05,-0.000769894983813653,2.1557427872503433e-05,-0.00027234263770472135,-5.005934685898144e-06,1.6796875
0.0006367417213084636,0.0003001222798362189,0.00021553398976227077,0.0005983482504385286,4.746723173682919e-05,4.5867000791181106e-05,0.0002750450029942023,-0.00040260307652717036,-0.0007657981763187872,7.496190428504924e-05,-0.0007698949838127549,2.1557427873381573e-05,-0.0002723426377036255,-5.005934684782453e-06,1.6875
0.0006367417213102491,0.0003001222798380344,0.0002155339897642005,0.0005983482504406025,4.746723173875891e-05,4.586700079316254e-05,0.0002750450029961321,-0.00040260307652523246,-0.0007657981763167159,7.496190428696267e-05,-0.000769894983810714,2.155742787524873e-05,-0.00027234263770175833,-5.005934683013675e-06,1.6953125
0.0006367417213118812,0.00030012227983933253,0.00021553398976594318,0.0005983482504420681,4.746723174050162e-05,4.586700079432919e-05,0.00027504500299778954,-0.00040260307652383655,-0.000765798176315578,7.496190428873218e-05,-0.0007698949838096256,2.1557427876678296e-05,-0.00027234263770043766,-5.005934681380957e-06,1.703125
0.0006367417213117634,0.00030012227983963627,0.00021553398976582674,0.0005983482504420279,4.7467231740385146e-05,4.586700079453849e-05,0.00027504500299748737,-0.000402603076523835,-0.0007657981763151068,7.496190428848858e-05,-0.000769894983809299,2.1557427876954063e-05,-0.00027234263770005304,-5.0059346813265335e-06,1.7109375
0.0006367417213118363,0.00030012227983963177,0.0002155339897660103,0.0005983482504420906,4.746723174056871e-05,4.586700079468926e-05,0.00027504500299769543,-0.00040260307652366194,-0.0007657981763151556,7.496190428843458e-05,-0.0007698949838092718,2.1557427876944007e-05,-0.00027234263770000865,-5.005934681272109e-06,1.71875
0.0006367417213100462,0.00030012227983773024,0.00021553398976399294,0.0005983482504402407,4.746723173855136e-05,4.586700079291351e-05,0.00027504500299589766,-0.00040260307652549245,-0.0007657981763170788,7.49619042866695e-05,-0.000769894983811095,2.1557427875039185e-05,-0.0002723426377019679,-5.005934683231371e-06,1.7265625
0.0006367417213092571,0.00030012227983712537,0.0002155339897633456,0.0005983482504394221,4.746723173790401e-05,4.586700079217172e-05,0.0002750450029950624,-0.0004026030765263872,-0.0007657981763178175,7.496190428597259e-05,-0.0007698949838118026,2.1557427874230994e-05,-0.0002723426377026672,-5.005934683884458e-06,1.734375
0.0006367417213095094,0.00030012227983736606,0.0002155339897638368,0.0005983482504394175,4.7467231738395215e-05,4.5867000792401626e-05,0.0002750450029951168,-0.00040260307652652705,-0.0007657981763174833,7.496190428601165e-05,-0.0007698949838119114,2.1557427874455312e-05,-0.00027234263770244295,-5.005934683666763e-06,1.7421875
0.0006367417213097708,0.00030012227983743507,0.00021553398976399696,0.0005983482504400206,4.746723173855537e-05,4.5867000792407345e-05,0.0002750450029955626,-0.0004026030765260125,-0.000765798176316885,7.496190428622484e-05,-0.0007698949838115304,2.1557427874696405e-05,-0.0002723426377019841,-5.005934683231371e-06,1.75
0.0006367417213097576,0.000300122279837645,0.0002155339897639638,0.0005983482504401307,4.746723173852222e-05,4.5867000792713456e-05,0.0002750450029956204,-0.00040260307652581164,-0.0007657981763170163,7.496190428637681e-05,-0.0007698949838111494,2.155742787486467e-05,-0.0002723426377020336,-5.005934683285794e-06,1.7578125
0.0006367417213089008,0.00030012227983667255,0.00021553398976276303,0.0005983482504391848,4.746723173732144e-05,4.586700079157239e-05,0.00027504500299457986,-0.0004026030765267017,-0.0007657981763182261,7.496190428553433e-05,-0.0007698949838122379,2.1557427874006303e-05,-0.0002723426377031096,-5.005934684401485e-06,1.765625
0.0006367417213089388,0.0003001222798365687,0.00021553398976267862,0.0005983482504391957,4.7467231737237043e-05,4.586700079185925e-05,0.0002750450029944101,-0.0004026030765267026,-0.0007657981763183028,7.496190428560934e-05,-0.0007698949838121835,2.155742787405604e-05,-0.0002723426377032776,-5.005934684619181e-06,1.7734375
0.0006367417213087193,0.0003001222798365308,0.0002155339897625278,0.0005983482504388958,4.746723173708621e-05,4.586700079154718e-05,0.0002750450029941912,-0.0004026030765268051,-0.0007657981763184781,7.496190428525305e-05,-0.0007698949838122923,2.155742787374805e-05,-0.0002723426377035856,-5.005934684646393e-06,1.78125
0.0006367417213092781,0.0003001222798369727,0.00021553398976308642,0.0005983482504394543,4.746723173764483e-05,4.5867000792074685e-05,0.000275045002994726,-0.00040260307652642525,-0.0007657981763180358,7.49619042857882e-05,-0.0007698949838119658,2.155742787426773e-05,-0.0002723426377029571,-5.005934684211002e-06,1.7890625
0.0006367417213099929,0.00030012227983781714,0.00021553398976395036,0.0005983482504402497,4.746723173850879e-05,4.5867000792765586e-05,0.00027504500299572077,-0.0004026030765256952,-0.0007657981763171089,7.496190428653903e-05,-0.0007698949838112039,2.1557427875102333e-05,-0.00027234263770212246,-5.0059346832585826e-06,1.796875
0.0006367417213102764,0.0003001222798380727,0.00021553398976434973,0.0005983482504405744,4.746723173890813e-05,4.586700079300458e-05,0.00027504500299606994,-0.00040260307652542713,-0.0007657981763167991,7.496190428683351e-05,-0.0007698949838108637,2.155742787526556e-05,-0.00027234263770171437,-5.0059346828231915e-06,1.8046875
0.0006367417213098062,0.000300122279837591,0.00021553398976392047,0.00059834825044005,4.746723173847889e-05,4.586700079261034e-05,0.00027504500299557885,-0.0004026030765258389,-0.000765798176317213,7.496190428646461e-05,-0.0007698949838113127,2.1557427874805272e-05,-0.00027234263770209297,-5.005934683340219e-06,1.8125
0.0006367417213096716,0.00030012227983750554,0.00021553398976373339,0.0005983482504399737,4.7467231738291816e-05,4.586700079244687e-05,0.00027504500299548284,-0.00040260307652598793,-0.0007657981763173567,7.496190428631032e-05,-0.000769894983811476,2.1557427874743425e-05,-0.00027234263770220925,-5.005934683666763e-06,1.8203125
0.0006367417213096566,0.0003001222798374697,0.00021553398976369617,0.0005983482504398598,4.746723173825457e-05,4.586700079249197e-05,0.00027504500299540543,-0.0004026030765260001,-0.0007657981763174026,7.496190428627732e-05,-0.0007698949838115508,2.155742787457225e-05,-0.00027234263770227154,-5.005934683588528e-06,1.828125
0.0006367417213105291,0.0003001222798382928,0.00021553398976452962,0.0005983482504407368,4.746723173908804e-05,4.586700079334745e-05,0.00027504500299631914,-0.00040260307652506766,-0.0007657981763166112,7.496190428715947e-05,-0.0007698949838106052,2.155742787549809e-05,-0.000272342637701509,-5.005934682687132e-06,1.8359375
0.0006367417213111096,0.00030012227983893674,0.00021553398976506639,0.000598348250441365,4.746723173962479e-05,4.586700079384259e-05,0.0002750450029967374,-0.00040260307652446224,-0.0007657981763159331,7.496190428782929e-05,-0.0007698949838101018,2.155742787601973e-05,-0.00027234263770087856,-5.00593468211568e-06,1.84375
0.0006367417213104159,0.00030012227983816414,0.00021553398976435816,0.000598348250440911,4.746723173891657e-05,4.58670007931702e-05,0.0002750450029962151,-0.0004026030765252541,-0.0007657981763165918,7.496190428706732e-05,-0.000769894983810714,2.155742787552785e-05,-0.00027234263770150647,-5.005934682904827e-06,1.8515625
0.000636741721309482,0.00030012227983725737,0.00021553398976352847,0.000598348250439808,4.74672317380869e-05,4.586700079230197e-05,0.0002750450029952809,-0.00040260307652615517,-0.0007657981763175199,7.496190428603009e-05,-0.0007698949838115848,2.155742787455528e-05,-0.0002723426377023974,-5.005934683612338e-06,1.859375
0.0006367417213103423,0.0003001222798380931,0.00021553398976440597,0.0005983482504405938,4.746723173896441e-05,4.586700079310418e-05,0.00027504500299617646,-0.0004026030765253784,-0.0007657981763166641,7.496190428683682e-05,-0.0007698949838108229,2.1557427875424613e-05,-0.00027234263770169133,-5.005934682741555e-06,1.8671875
0.0006367417213100417,0.0003001222798377629,0.00021553398976393413,0.0005983482504401685,4.746723173849256e-05,4.586700079274395e-05,0.0002750450029957326,-0.0004026030765257224,-0.0007657981763171419,7.496190428659923e-05,-0.0007698949838112583,2.155742787493383e-05,-0.00027234263770207324,-5.005934683231371e-06,1.875
0.0006367417213103517,0.0003001222798381303,0.00021553398976425025,0.0005983482504405518,4.746723173880869e-05,4.586700079309591e-05,0.0002750450029958606,-0.0004026030765252417,-0.0007657981763167523,7.496190428689225e-05,-0.0007698949838109862,2.155742787517378e-05,-0.00027234263770190817,-5.005934682959251e-06,1.8828125
0.0006367417213102343,0.0003001222798382198,0.00021553398976426126,0.0005983482504405824,4.746723173881969e-05,4.58670007929999e-05,0.00027504500299599,-0.0004026030765253382,-0.0007657981763166477,7.496190428689388e-05,-0.000769894983810714,2.1557427875210706e-05,-0.00027234263770172835,-5.005934683013675e-06,1.890625
0.000636741721309416,0.0003001222798372704,0.00021553398976362974,0.0005983482504396955,4.7467231738188167e-05,4.5867000792318285e-05,0.0002750450029951798,-0.0004026030765260712,-0.0007657981763174605,7.496190428605705e-05,-0.0007698949838116937,2.155742787451055e-05,-0.0002723426377024965,-5.005934683666763e-06,1.8984375
0.0006367417213080499,0.000300122279835937,0.00021553398976237076,0.0005983482504384348,4.7467231736929184e-05,4.586700079098131e-05,0.00027504500299396637,-0.00040260307652753157,-0.0007657981763189536,7.496190428471105e-05,-0.0007698949838130271,2.1557427873126422e-05,-0.0002723426377039895,-5.005934684864089e-06,1.90625
0.0006367417213072792,0.00030012227983510875,0.00021553398976131946,0.0005983482504375926,4.746723173587788e-05,4.586700079012315e-05,0.0002750450029930227,-0.0004026030765282371,-0.0007657981763197103,7.49619042839478e-05,-0.0007698949838137618,2.1557427872327996e-05,-0.00027234263770478797,-5.0059346858437195e-06,1.9140625
0.0006367417213084627,0.00030012227983623946,0.00021553398976234702,0.000598348250438573,4.746723173690544e-05,4.586700079128393e-05,0.00027504500299388457,-0.0004026030765271738,-0.0007657981763187575,7.496190428501275e-05,-0.0007698949838126189,2.1557427873319824e-05,-0.00027234263770357844,-5.005934684918513e-06,1.921875
0.0006367417213093415,0.0003001222798372837,0.0002155339897632849,0.000598348250439543,4.746723173784332e-05,4.5867000792179724e-05,0.0002750450029949061,-0.00040260307652619133,-0.0007657981763177502,7.496190428605193e-05,-0.00076989498381168,2.1557427874376375e-05,-0.00027234263770268516,-5.005934683938882e-06,1.9296875
0.0006367417213101443,0.000300122279838027,0.0002155339897641412,0.0005983482504405344,4.746723173869963e-05,4.5867000793047566e-05,0.0002750450029958977,-0.00040260307652545125,-0.0007657981763169232,7.496190428673249e-05,-0.0007698949838109317,2.155742787524006e-05,-0.00027234263770182143,-5.005934683068099e-06,1.9375
0.0006367417213105214,0.0003001222798380614,0.00021553398976441806,0.0005983482504409286,4.746723173897649e-05,4.586700079310795e-05,0.000275045002996131,-0.0004026030765250692,-0.0007657981763166339,7.496190428717996e-05,-0.000769894983810714,2.1557427875602225e-05,-0.0002723426377012144,-5.005934682795979e-06,1.9453125
0.0006367417213109073,0.000300122279838668,0.0002155339897649303,0.0005983482504412407,4.74672317394887e-05,4.586700079365377e-05,0.00027504500299660787,-0.00040260307652476663,-0.0007657981763161712,7.496190428756727e-05,-0.0007698949838102786,2.155742787591593e-05,-0.00027234263770081903,-5.00593468225174e-06,1.953125
0.0006367417213115921,0.0003001222798393318,0.0002155339897655383,0.0005983482504418263,4.7467231740096715e-05,4.5867000794235256e-05,0.0002750450029973929,-0.00040260307652413346,-0.0007657981763154082,7.496190428817942e-05,-0.0007698949838095167,2.1557427876553213e-05,-0.000272342637700345,-5.0059346816530765e-06,1.9609375
0.0006367417213109146,0.0003001222798388099,0.0002155339897651148,0.0005983482504413303,4.7467231739673205e-05,4.586700079381696e-05,0.0002750450029968557,-0.0004026030765246814,-0.0007657981763161118,7.496190428767827e-05,-0.000769894983810061,2.1557427875927618e-05,-0.0002723426377010795,-5.00593468225174e-06,1.96875
0.0006367417213106596,0.0003001222798384133,0.0002155339897645441,0.0005983482504409337,4.7467231739102515e-05,4.58670007932789e-05,0.0002750450029963393,-0.0004026030765251324,-0.0007657981763164755,7.496190428724901e-05,-0.0007698949838105507,2.1557427875563702e-05,-0.00027234263770144337,-5.005934682632707e-06,1.9765625
0.0006367417213103856,0.0003001222798381181,0.00021553398976454993,0.000598348250440886,4.746723173910835e-05,4.586700079324307e-05,0.000275045002996505,-0.0004026030765253417,-0.0007657981763166704,7.496190428713411e-05,-0.0007698949838106052,2.1557427875669032e-05,-0.0002723426377014333,-5.005934682632707e-06,1.984375
0.0006367417213092006,0.0003001222798372113,0.00021553398976351478,0.0005983482504397897,4.7467231738073214e-05,4.586700079221768e-05,0.0002750450029950795,-0.0004026030765263108,-0.0007657981763178563,7.496190428589206e-05,-0.0007698949838118026,2.1557427874465822e-05,-0.0002723426377023236,-5.00593468377561e-06,1.9921875
0.0006367417213081247,0.0003001222798358542,0.00021553398976221412,0.0005983482504384821,4.746723173677255e-05,4.586700079091601e-05,0.00027504500299384055,-0.00040260307652752685,-0.0007657981763189003,7.496190428472149e-05,-0.0007698949838129998,2.155742787313496e-05,-0.00027234263770381767,-5.005934685027361e-06,2.0
0.0006367417213077876,0.0003001222798357203,0.0002155339897617871,0.0005983482504381827,4.746723173634552e-05,4.58670007906083e-05,0.0002750450029933507,-0.0004026030765278764,-0.0007657981763189629,7.496190428430282e-05,-0.0007698949838132175,2.1557427872902592e-05,-0.00027234263770426777,-5.0059346854083285e-06,2.0078125
0.000636741721309469,0.0003001222798368536,0.00021553398976281244,0.0005983482504396407,4.746723173737085e-05,4.586700079141551e-05,0.0002750450029948031,-0.0004026030765263056,-0.0007657981763179326,7.496190428554333e-05,-0.0007698949838123467,2.155742787408994e-05,-0.0002723426377029171,-5.005934684646393e-06,2.015625
0.0006367417213103438,0.0003001222798378543,0.00021553398976393028,0.000598348250440049,4.7467231738488694e-05,4.586700079304623e-05,0.0002750450029957289,-0.0004026030765256379,-0.000765798176316792,7.496190428712606e-05,-0.0007698949838108229,2.1557427875304168e-05,-0.0002723426377018118,-5.005934683122523e-06,2.0234375
0.0006367417213103664,0.00030012227983812565,0.00021553398976436255,0.0005983482504403877,4.746723173892099e-05,4.5867000793078344e-05,0.0002750450029962123,-0.00040260307652544724,-0.0007657981763167143,7.496190428677638e-05,-0.0007698949838109317,2.1557427875474726e-05,-0.00027234263770166845,-5.005934683013675e-06,2.03125
0.0006367417213099258,0.0003001222798376852,0.00021553398976392353,0.0005983482504402087,4.7467231738481945e-05,4.586700079271339e-05,0.0002750450029957311,-0.00040260307652575483,-0.0007657981763172668,7.496190428657776e-05,-0.0007698949838112107,2.1557427874945002e-05,-0.0002723426377021709,-5.005934683285794e-06,2.0390625
0.0006367417213102151,0.0003001222798380999,0.00021553398976424995,0.0005983482504406266,4.746723173880837e-05,4.5867000793029555e-05,0.0002750450029960157,-0.000402603076525452,-0.0007657981763168174,7.496190428678821e-05,-0.0007698949838109317,2.15574278753495e-05,-0.0002723426377016032,-5.005934683122523e-06,2.046875
0.0006367417213112391,0.00030012227983883147,0.00021553398976515532,0.0005983482504415223,4.746723173971375e-05,4.586700079363031e-05,0.00027504500299681554,-0.00040260307652444923,-0.0007657981763159575,7.496190428760751e-05,-0.0007698949838099521,2.155742787588529e-05,-0.00027234263770084966,-5.005934682034044e-06,2.0546875
0.000636741721310902,0.00030012227983877666,0.00021553398976532204,0.0005983482504411994,4.746723173988046e-05,4.586700079384956e-05,0.00027504500299701244,-0.00040260307652483467,-0.0007657981763160265,7.496190428783087e-05,-0.0007698949838101699,2.1557427876046325e-05,-0.0002723426377011104,-5.00593468225174e-06,2.0625
0.0006367417213090595,0.00030012227983700323,0.00021553398976321874,0.0005983482504392844,4.746723173777718e-05,4.5867000791897574e-05,0.00027504500299476467,-0.000402603076526521,-0.0007657981763180948,7.496190428566931e-05,-0.0007698949838119114,2.155742787408397e-05,-0.00027234263770273265,-5.005934684102154e-06,2.0703125
0.0006367417213082747,0.0003001222798361025,0.0002155339897622304,0.0005983482504384462,4.746723173678882e-05,4.5867000791136694e-05,0.0002750450029940265,-0.00040260307652732107,-0.0007657981763188605,7.496190428486212e-05,-0.000769894983812891,2.155742787326103e-05,-0.00027234263770389573,-5.005934684972937e-06,2.078125
0.0006367417213095691,0.00030012227983711084,0.00021553398976338774,0.0005983482504394939,4.746723173794616e-05,4.58670007923182e-05,0.0002750450029953271,-0.00040260307652621583,-0.0007657981763177824,7.496190428606925e-05,-0.0007698949838118026,2.1557427874327613e-05,-0.00027234263770284275,-5.005934683993306e-06,2.0859375
0.0006367417213098996,0.0003001222798375358,0.00021553398976369875,0.0005983482504401663,4.746723173825715e-05,4.58670007925535e-05,0.00027504500299544414,-0.00040260307652584785,-0.000765798176317291,7.496190428641593e-05,-0.0007698949838114216,2.1557427874751692e-05,-0.00027234263770220096,-5.00593468350349e-06,2.09375
0.0006367417213098571,0.0003001222798378514,0.00021553398976385623,0.0005983482504400882,4.746723173841462e-05,4.586700079276287e-05,0.0002750450029954421,-0.00040260307652568273,-0.0007657981763172121,7.49619042865582e-05,-0.0007698949838110406,2.1557427874955987e-05,-0.0002723426377022688,-5.005934683449067e-06,2.1015625
0.0006367417213095593,0.0003001222798373652,0.00021553398976328482,0.0005983482504396786,4.746723173784323e-05,4.586700079237008e-05,0.00027504500299517737,-0.0004026030765261913,-0.0007657981763177497,7.496190428613323e-05,-0.0007698949838115848,2.1557427874485016e-05,-0.0002723426377026854,-5.00593468377561e-06,2.109375
0.0006367417213090784,0.0003001222798370553,0.000215533989763203,0.0005983482504394517,4.7467231737761425e-05,4.586700079203819e-05,0.0002750450029950736,-0.0004026030765266113,-0.0007657981763180415,7.496190428572103e-05,-0.0007698949838120203,2.155742787425162e-05,-0.0002723426377028643,-5.00593468404773e-06,2.1171875
0.0006367417213100549,0.00030012227983788935,0.00021553398976412316,0.0005983482504403155,4.746723173868157e-05,4.586700079280645e-05,0.0002750450029959222,-0.0004026030765257254,-0.0007657981763168772,7.49619042864646e-05,-0.0007698949838110406,2.1557427875097082e-05,-0.00027234263770169236,-5.005934683122523e-06,2.125
0.0006367417213107853,0.00030012227983855125,0.00021553398976486074,0.0005983482504409514,4.746723173941917e-05,4.586700079366947e-05,0.0002750450029966647,-0.00040260307652481976,-0.0007657981763161206,7.496190428741047e-05,-0.0007698949838104963,2.1557427875775545e-05,-0.0002723426377011227,-5.005934682360588e-06,2.1328125
0.0006367417213107549,0.00030012227983854925,0.0002155339897648887,0.0005983482504410378,4.746723173944712e-05,4.586700079362801e-05,0.00027504500299661063,-0.00040260307652491013,-0.0007657981763161849,7.496190428729408e-05,-0.0007698949838103739,2.1557427875704113e-05,-0.0002723426377011397,-5.00593468231977e-06,2.140625
0.0006367417213115225,0.00030012227983924916,0.00021553398976549784,0.0005983482504417878,4.746723174005627e-05,4.586700079432338e-05,0.0002750450029972026,-0.0004026030765241243,-0.0007657981763156037,7.496190428806682e-05,-0.0007698949838095984,2.155742787651751e-05,-0.0002723426377004896,-5.005934681734713e-06,2.1484375
0.0006367417213112309,0.00030012227983890313,0.0002155339897650974,0.0005983482504413872,4.746723173965581e-05,4.5867000794031744e-05,0.0002750450029968289,-0.000402603076524443,-0.0007657981763158677,7.496190428780226e-05,-0.0007698949838099997,2.1557427876116967e-05,-0.0002723426377008357,-5.00593468204765e-06,2.15625
0.0006367417213098773,0.0003001222798376451,0.00021553398976379695,0.0005983482504400584,4.7467231738355364e-05,4.586700079273891e-05,0.00027504500299549016,-0.00040260307652579354,-0.0007657981763173139,7.496190428649305e-05,-0.000769894983811095,2.1557427874893784e-05,-0.0002723426377022766,-5.00593468350349e-06,2.1640625
0.0006367417213087959,0.0003001222798365996,0.00021553398976262254,0.0005983482504391174,4.7467231737180956e-05,4.5867000791628956e-05,0.0002750450029945707,-0.00040260307652678027,-0.0007657981763183366,7.496190428548764e-05,-0.0007698949838122379,2.155742787369503e-05,-0.0002723426377033121,-5.0059346845375456e-06,2.171875
0.0006367417213090169,0.00030012227983656196,0.00021553398976273307,0.0005983482504390087,4.7467231737291504e-05,4.58670007916382e-05,0.0002750450029945601,-0.00040260307652669234,-0.0007657981763183165,7.496190428548021e-05,-0.0007698949838123467,2.155742787393707e-05,-0.00027234263770307005,-5.005934684646393e-06,2.1796875
0.000636741721308918,0.00030012227983665314,0.00021553398976292186,0.000598348250438992,4.7467231737480284e-05,4.586700079164213e-05,0.00027504500299475605,-0.0004026030765268198,-0.0007657981763180898,7.496190428548509e-05,-0.0007698949838122923,2.1557427873843412e-05,-0.00027234263770300045,-5.005934684292638e-06,2.1875
0.0006367417213085665,0.0003001222798366127,0.00021553398976275107,0.000598348250438706,4.7467231737309495e-05,4.58670007915365e-05,0.0002750450029943069,-0.0004026030765268868,-0.0007657981763183589,7.496190428518826e-05,-0.0007698949838124556,2.155742787348715e-05,-0.00027234263770319344,-5.0059346845375456e-06,2.1953125
0.0006367417213084147,0.0003001222798359567,0.00021553398976206195,0.0005983482504384319,4.7467231736620356e-05,4.5867000790863915e-05,0.0002750450029944385,-0.0004026030765272718,-0.0007657981763185663,7.496190428511543e-05,-0.0007698949838127821,2.1557427873337473e-05,-0.00027234263770356076,-5.005934684755241e-06,2.203125
0.0006367417213093946,0.00030012227983724035,0.00021553398976348673,0.0005983482504397573,4.7467231738045154e-05,4.5867000792204545e-05,0.00027504500299524123,-0.0004026030765262476,-0.0007657981763175193,7.496190428606244e-05,-0.0007698949838117753,2.1557427874455343e-05,-0.00027234263770252454,-5.005934683721186e-06,2.2109375
0.0006367417213101531,0.0003001222798380598,0.00021553398976408022,0.0005983482504407913,4.746723173863865e-05,4.58670007928736e-05,0.0002750450029956927,-0.00040260307652553376,-0.0007657981763169753,7.496190428705483e-05,-0.0007698949838108229,2.1557427875261898e-05,-0.0002723426377020718,-5.005934682904827e-06,2.21875
0.0006367417213109336,0.0003001222798383769,0.0002155339897648004,0.0005983482504411722,4.746723173935882e-05,4.586700079363374e-05,0.0002750450029960116,-0.00040260307652533497,-0.0007657981763167485,7.496190428749783e-05,-0.0007698949838103875,2.1557427875625786e-05,-0.00027234263770100037,-5.005934682469436e-06,2.2265625
0.0006367417213093288,0.0003001222798370775,0.00021553398976319126,0.0005983482504396404,4.7467231737749675e-05,4.586700079207062e-05,0.00027504500299480256,-0.0004026030765262386,-0.0007657981763176582,7.496190428597436e-05,-0.0007698949838118026,2.1557427874073077e-05,-0.00027234263770271633,-5.005934683993306e-06,2.234375
0.0006367417213092378,0.00030012227983693514,0.0002155339897632115,0.0005983482504394454,4.746723173776991e-05,4.5867000792091205e-05,0.0002750450029949387,-0.0004026030765264643,-0.0007657981763179686,7.4961904285779e-05,-0.0007698949838119114,2.155742787414879e-05,-0.0002723426377028311,-5.005934684102154e-06,2.2421875
0.0006367417213102351,0.0003001222798379881,0.0002155339897641039,0.0005983482504403146,4.746723173866234e-05,4.586700079302309e-05,0.000275045002995967,-0.000402603076525527,-0.0007657981763170054,7.496190428679927e-05,-0.0007698949838110406,2.1557427875132356e-05,-0.00027234263770195636,-5.005934683231371e-06,2.25
0.0006367417213118503,0.0003001222798396054,0.00021553398976581302,0.0005983482504419542,4.7467231740371445e-05,4.586700079463869e-05,0.00027504500299746596,-0.0004026030765237687,-0.0007657981763153308,7.496190428834194e-05,-0.0007698949838094623,2.155742787679225e-05,-0.0002723426377002557,-5.0059346815442285e-06,2.2578125
0.0006367417213117576,0.00030012227983953875,0.00021553398976560317,0.0005983482504418993,4.746723174016159e-05,4.5867000794533574e-05,0.0002750450029973558,-0.0004026030765238471,-0.0007657981763153739,7.49619042882894e-05,-0.0007698949838094079,2.1557427876667e-05,-0.0002723426377003061,-5.005934681517017e-06,2.265625
0.0006367417213110908,0.00030012227983881775,0.00021553398976498475,0.0005983482504412478,4.7467231739543175e-05,4.586700079386473e-05,0.0002750450029965811,-0.000402603076524583,-0.0007657981763160898,7.496190428763548e-05,-0.0007698949838101699,2.1557427876004474e-05,-0.00027234263770102986,-5.005934682224528e-06,2.2734375
0.0006367417213105234,0.00030012227983822046,0.00021553398976452109,0.0005983482504406973,4.7467231739079496e-05,4.586700079333425e-05,0.000275045002996142,-0.0004026030765251728,-0.0007657981763165682,7.496190428704312e-05,-0.0007698949838106052,2.155742787544924e-05,-0.00027234263770155786,-5.005934682687132e-06,2.28125
0.0006367417213098685,0.00030012227983764307,0.00021553398976390835,0.0005983482504401266,4.7467231738466766e-05,4.586700079265754e-05,0.0002750450029956103,-0.00040260307652570246,-0.0007657981763171207,7.49619042864819e-05,-0.0007698949838112039,2.1557427874807847e-05,-0.000272342637702036,-5.005934683285794e-06,2.2890625
0.0006367417213090505,0.00030012227983690376,0.0002155339897631122,0.0005983482504392503,4.7467231737670616e-05,4.58670007918898e-05,0.00027504500299481075,-0.00040260307652663146,-0.0007657981763178019,7.496190428563166e-05,-0.0007698949838120203,2.1557427874042485e-05,-0.0002723426377029102,-5.005934684156578e-06,2.296875
0.0006367417213085818,0.00030012227983648016,0.00021553398976265138,0.0005983482504389267,4.746723173720978e-05,4.5867000791420375e-05,0.0002750450029944232,-0.0004026030765268284,-0.0007657981763183705,7.496190428531663e-05,-0.0007698949838124556,2.1557427873664746e-05,-0.0002723426377032335,-5.0059346845375456e-06,2.3046875
0.0006367417213095039,0.00030012227983689606,0.0002155339897633249,0.0005983482504395422,4.746723173788333e-05,4.586700079218282e-05,0.0002750450029951329,-0.0004026030765264487,-0.0007657981763178112,7.496190428584319e-05,-0.000769894983811857,2.1557427874278418e-05,-0.0002723426377027831,-5.005934683830034e-06,2.3125
0.0006367417213096365,0.0003001222798373593,0.0002155339897636844,0.000598348250439802,4.746723173824283e-05,4.586700079240368e-05,0.000275045002995604,-0.000402603076525891,-0.0007657981763174751,7.496190428607834e-05,-0.0007698949838115576,2.1557427874711794e-05,-0.0002723426377023497,-5.005934683557915e-06,2.3203125
0.000636741721309271,0.0003001222798371572,0.00021553398976337343,0.0005983482504396543,4.7467231737931875e-05,4.5867000791983876e-05,0.00027504500299523884,-0.0004026030765263653,-0.0007657981763176774,7.496190428582189e-05,-0.0007698949838119114,2.155742787434645e-05,-0.00027234263770260623,-5.005934683748398e-06,2.328125
0.0006367417213093815,0.00030012227983724485,0.0002155339897634873,0.0005983482504396357,4.7467231738045736e-05,4.58670007922343e-05,0.0002750450029952266,-0.00040260307652619843,-0.0007657981763176784,7.496190428602035e-05,-0.0007698949838116393,2.155742787440738e-05,-0.0002723426377026269,-5.005934683830034e-06,2.3359375
0.0006367417213098854,0.00030012227983769457,0.00021553398976379792,0.000598348250440093,4.7467231738356353e-05,4.586700079270972e-05,0.0002750450029957448,-0.00040260307652577,-0.000765798176317182,7.496190428644903e-05,-0.0007698949838112311,2.1557427874981116e-05,-0.00027234263770218925,-5.005934683379336e-06,2.34375
0.0006367417213103867,0.00030012227983822594,0.00021553398976429769,0.0005983482504407138,4.74672317388561e-05,4.586700079314706e-05,0.0002750450029960644,-0.0004026030765250626,-0.0007657981763167157,7.496190428703013e-05,-0.000769894983810714,2.1557427875382078e-05,-0.00027234263770162503,-5.005934682904827e-06,2.3515625
0.0006367417213100962,0.0003001222798377812,0.0002155339897641208,0.0005983482504403239,4.746723173867922e-05,4.5867000792955294e-05,0.00027504500299559663,-0.00040260307652551457,-0.0007657981763170066,7.496190428672992e-05,-0.000769894983811095,2.155742787509931e-05,-0.0002723426377019622,-5.005934683122523e-06,2.359375
0.0006367417213089414,0.0003001222798366158,0.00021553398976272188,0.000598348250438953,4.7467231737280296e-05,4.5867000791605076e-05,0.00027504500299454604,-0.00040260307652669223,-0.0007657981763183369,7.496190428544637e-05,-0.0007698949838122379,2.15574278738057e-05,-0.00027234263770336463,-5.005934684428698e-06,2.3671875
0.000636741721308202,0.00030012227983599167,0.00021553398976210237,0.0005983482504383444,4.746723173666079e-05,4.586700079111932e-05,0.0002750450029938258,-0.0004026030765276586,-0.000765798176318983,7.496190428481298e-05,-0.0007698949838131087,2.1557427873315307e-05,-0.0002723426377039095,-5.0059346850817846e-06,2.375
0.0006367417213082884,0.00030012227983588845,0.00021553398976210174,0.0005983482504385289,4.7467231736660167e-05,4.586700079101298e-05,0.0002750450029937245,-0.0004026030765273965,-0.0007657981763189123,7.496190428488555e-05,-0.0007698949838129998,2.1557427873215222e-05,-0.0002723426377038463,-5.0059346851906325e-06,2.3828125
0.0006367417213102918,0.000300122279837956,0.00021553398976423667,0.000598348250440707,4.746723173879509e-05,4.5867000793250265e-05,0.00027504500299576376,-0.00040260307652535774,-0.0007657981763169174,7.49619042867979e-05,-0.0007698949838108229,2.155742787541233e-05,-0.00027234263770183965,-5.005934683068099e-06,2.390625
0.0006367417213123224,0.000300122279840195,0.00021553398976640643,0.0005983482504426825,4.7467231740964835e-05,4.586700079527055e-05,0.00027504500299803093,-0.0004026030765232371,-0.0007657981763147262,7.496190428899094e-05,-0.0007698949838087956,2.1557427877379432e-05,-0.0002723426376996141,-5.005934680931959e-06,2.3984375
0.000636741721313302,0.0003001222798409687,0.00021553398976739997,0.0005983482504434317,4.746723174195839e-05,4.586700079605255e-05,0.0002750450029991287,-0.000402603076522438,-0.000765798176313694,7.496190428982916e-05,-0.000769894983807884,2.1557427878172865e-05,-0.0002723426376987254,-5.005934679857087e-06,2.40625
0.0006367417213125541,0.00030012227983991193,0.00021553398976645723,0.000598348250442811,4.746723174101564e-05,4.586700079503918e-05,0.00027504500299829765,-0.0004026030765231961,-0.0007657981763144154,7.496190428917027e-05,-0.0007698949838089725,2.1557427877235982e-05,-0.0002723426376992269,-5.005934680510174e-06,2.4140625
0.0006367417213115916,0.00030012227983909477,0.00021553398976589805,0.0005983482504418932,4.746723174045645e-05,4.586700079445986e-05,0.00027504500299733564,-0.0004026030765242391,-0.0007657981763154948,7.496190428772832e-05,-0.0007698949838097344,2.1557427876507534e-05,-0.00027234263770049957,-5.005934681598653e-06,2.421875
0.0006367417213101539,0.0003001222798379379,0.0002155339897642071,0.0005983482504404934,4.746723173876551e-05,4.5867000792927125e-05,0.0002750450029960332,-0.00040260307652547944,-0.0007657981763166896,7.49619042867145e-05,-0.0007698949838109862,2.155742787523679e-05,-0.0002723426377017159,-5.005934683013675e-06,2.4296875
0.0006367417213090995,0.00030012227983689134,0.00021553398976304844,0.0005983482504392847,4.7467231737606865e-05,4.586700079189934e-05,0.0002750450029947844,-0.00040260307652656814,-0.0007657981763181125,7.496190428564715e-05,-0.0007698949838120747,2.155742787396733e-05,-0.0002723426377029445,-5.005934684265425e-06,2.4375
0.0006367417213077278,0.00030012227983559165,0.00021553398976155888,0.0005983482504379223,4.74672317361173e-05,4.5867000790511536e-05,0.0002750450029933842,-0.0004026030765279275,-0.0007657981763195441,7.49619042843191e-05,-0.0007698949838133808,2.1557427872633354e-05,-0.00027234263770434654,-5.00593468563963e-06,2.4453125
0.0006367417213074813,0.00030012227983522183,0.0002155339897613435,0.0005983482504377651,4.7467231735901937e-05,4.5867000790246164e-05,0.0002750450029929579,-0.0004026030765281834,-0.0007657981763195676,7.496190428413025e-05,-0.000769894983813653,2.155742787254009e-05,-0.0002723426377046847,-5.0059346857348715e-06,2.453125
0.0006367417213085602,0.0003001222798362894,0.00021553398976241356,0.0005983482504386087,4.746723173697199e-05,4.586700079131495e-05,0.0002750450029938939,-0.0004026030765272184,-0.0007657981763187002,7.49619042850839e-05,-0.0007698949838127277,2.155742787338867e-05,-0.00027234263770361844,-5.005934684755241e-06,2.4609375
0.0006367417213097089,0.00030012227983747405,0.0002155339897636749,0.0005983482504399963,4.746723173823331e-05,4.586700079246992e-05,0.00027504500299532737,-0.00040260307652596457,-0.0007657981763173734,7.496190428627852e-05,-0.0007698949838115032,2.1557427874657458e-05,-0.00027234263770240403,-5.005934683557915e-06,2.46875
0.000636741721309177,0.0003001222798370844,0.00021553398976321126,0.0005983482504394785,4.7467231737769685e-05,4.586700079202965e-05,0.00027504500299488203,-0.0004026030765263894,-0.0007657981763178861,7.496190428576457e-05,-0.000769894983811857,2.1557427874318337e-05,-0.000272342637702852,-5.00593468404773e-06,2.4765625
0.0006367417213088976,0.00030012227983671743,0.00021553398976273982,0.0005983482504390328,4.746723173729825e-05,4.586700079174653e-05,0.0002750450029944081,-0.00040260307652667066,-0.0007657981763183587,7.496190428550463e-05,-0.0007698949838122379,2.1557427873928844e-05,-0.0002723426377032007,-5.005934684483121e-06,2.484375
0.0006367417213090417,0.0003001222798368041,0.00021553398976296927,0.0005983482504393203,4.74672317375277e-05,4.586700079187739e-05,0.0002750450029946656,-0.0004026030765266284,-0.000765798176318089,7.496190428567994e-05,-0.0007698949838121086,2.155742787401897e-05,-0.0002723426377030153,-5.005934684272229e-06,2.4921875
0.0006367417213106381,0.0003001222798384131,0.000215533989764778,0.0005983482504409876,4.74672317393364e-05,4.586700079343654e-05,0.0002750450029964631,-0.0004026030765250507,-0.000765798176316279,7.496190428735191e-05,-0.0007698949838103875,2.1557427875650465e-05,-0.000272342637701275,-5.005934682469436e-06,2.5
0.0006367417213107077,0.00030012227983827055,0.0002155339897647219,0.0005983482504409147,4.746723173928034e-05,4.586700079329643e-05,0.000275045002996522,-0.00040260307652507227,-0.0007657981763164422,7.496190428706368e-05,-0.0007698949838104963,2.1557427875696005e-05,-0.00027234263770103896,-5.005934682360588e-06,2.5078125
0.00063674172131075,0.0003001222798385005,0.00021553398976485727,0.0005983482504411228,4.7467231739415693e-05,4.5867000793506306e-05,0.00027504500299631106,-0.00040260307652504484,-0.0007657981763165752,7.496190428741488e-05,-0.0007698949838102786,2.1557427875776016e-05,-0.0002723426377012583,-5.00593468225174e-06,2.515625
0.0006367417213107635,0.0003001222798387196,0.00021553398976504123,0.0005983482504408989,4.7467231739599655e-05,4.586700079370782e-05,0.00027504500299645147,-0.0004026030765247571,-0.0007657981763162481,7.49619042873368e-05,-0.0007698949838102243,2.155742787607386e-05,-0.0002723426377013686,-5.005934682469436e-06,2.5234375
0.0006367417213119967,0.00030012227983980015,0.0002155339897659622,0.0005983482504422151,4.7467231740520645e-05,4.5867000794817445e-05,0.0002750450029976621,-0.0004026030765236945,-0.0007657981763152505,7.49619042886821e-05,-0.000769894983809163,2.1557427876907676e-05,-0.00027234263770009945,-5.005934681340139e-06,2.53125
0.0006367417213123693,0.0003001222798401739,0.0002155339897664355,0.000598348250442653,4.74672317409939e-05,4.586700079517291e-05,0.00027504500299822853,-0.00040260307652327607,-0.0007657981763146972,7.496190428904725e-05,-0.0007698949838088636,2.1557427877299662e-05,-0.0002723426376994897,-5.00593468072787e-06,2.5390625
0.0006367417213114631,0.00030012227983916215,0.00021553398976538975,0.0005983482504416038,4.746723173994817e-05,4.586700079429384e-05,0.00027504500299735965,-0.00040260307652403263,-0.0007657981763154843,7.496190428791305e-05,-0.0007698949838098433,2.1557427876372974e-05,-0.0002723426377006341,-5.005934681707501e-06,2.546875
0.0006367417213097062,0.00030012227983752967,0.00021553398976345147,0.0005983482504398786,4.746723173800989e-05,4.586700079267173e-05,0.00027504500299518653,-0.00040260307652583094,-0.0007657981763175293,7.496190428625267e-05,-0.0007698949838115848,2.155742787468929e-05,-0.0002723426377021545,-5.005934683666763e-06,2.5546875
0.0006367417213087644,0.0003001222798362842,0.000215533989762267,0.000598348250438438,4.7467231736825426e-05,4.586700079137341e-05,0.00027504500299422853,-0.00040260307652684055,-0.0007657981763184396,7.496190428530349e-05,-0.0007698949838126733,2.155742787315306e-05,-0.0002723426377035275,-5.005934684646393e-06,2.5625
0.0006367417213080179,0.00030012227983579294,0.00021553398976194922,0.0005983482504383313,4.746723173650765e-05,4.5867000790807354e-05,0.0002750450029935981,-0.00040260307652760735,-0.0007657981763190806,7.496190428474088e-05,-0.0007698949838131087,2.1557427872957785e-05,-0.0002723426377040493,-5.005934685326692e-06,2.5703125
0.0006367417213074519,0.0003001222798352437,0.00021553398976142046,0.0005983482504377308,4.7467231735978874e-05,4.58670007902139e-05,0.00027504500299313663,-0.0004026030765281598,-0.0007657981763195954,7.496190428404182e-05,-0.000769894983813653,2.155742787250713e-05,-0.00027234263770449995,-5.005934685789296e-06,2.578125
0.0006367417213098887,0.0003001222798376731,0.0002155339897638341,0.0005983482504403934,4.746723173839252e-05,4.586700079277489e-05,0.0002750450029957691,-0.0004026030765259637,-0.0007657981763171198,7.496190428666602e-05,-0.0007698949838111494,2.1557427874975028e-05,-0.00027234263770208647,-5.005934683122523e-06,2.5859375
0.0006367417213108167,0.0003001222798393144,0.00021553398976552175,0.0005983482504417251,4.7467231740080174e-05,4.586700079400059e-05,0.00027504500299720445,-0.0004026030765243664,-0.0007657981763157732,7.496190428818748e-05,-0.0007698949838098433,2.155742787656258e-05,-0.00027234263770055335,-5.005934681816349e-06,2.59375
0.0006367417213106704,0.00030012227983856676,0.00021553398976482003,0.0005983482504410123,4.7467231739378465e-05,4.586700079358885e-05,0.0002750450029964514,-0.00040260307652490395,-0.0007657981763164169,7.496190428734793e-05,-0.0007698949838104147,2.1557427875832774e-05,-0.000272342637701392,-5.0059346823878e-06,2.6015625
0.0006367417213083541,0.0003001222798362479,0.00021553398976222816,0.000598348250438512,4.746723173678659e-05,4.5867000791126685e-05,0.00027504500299399114,-0.00040260307652735435,-0.0007657981763188511,7.496190428488126e-05,-0.0007698949838127821,2.1557427873344323e-05,-0.0002723426377039621,-5.005934684864089e-06,2.609375
0.0006367417213080503,0.00030012227983567443,0.00021553398976182793,0.0005983482504381651,4.746723173638637e-05,4.586700079079627e-05,0.00027504500299355844,-0.00040260307652762383,-0.0007657981763192182,7.496190428462777e-05,-0.000769894983812891,2.1557427872895006e-05,-0.00027234263770427536,-5.0059346855171764e-06,2.6171875
0.0006367417213097605,0.00030012227983754343,0.00021553398976365565,0.0005983482504398925,4.7467231738214065e-05,4.586700079256301e-05,0.00027504500299525543,-0.0004026030765259943,-0.0007657981763174209,7.496190428636182e-05,-0.0007698949838115304,2.155742787475752e-05,-0.0002723426377024673,-5.005934683721186e-06,2.625
0.0006367417213098229,0.0003001222798374768,0.0002155339897636963,0.000598348250439966,4.746723173825475e-05,4.586700079252284e-05,0.0002750450029954752,-0.0004026030765258199,-0.0007657981763172808,7.496190428635282e-05,-0.000769894983811476,2.155742787482778e-05,-0.0002723426377021249,-5.005934683557915e-06,2.6328125
0.0006367417213096201,0.00030012227983752517,0.00021553398976369487,0.0005983482504399481,4.7467231738253286e-05,4.586700079238299e-05,0.0002750450029953998,-0.00040260307652603206,-0.0007657981763172542,7.496190428620129e-05,-0.000769894983811476,2.155742787473768e-05,-0.00027234263770207893,-5.005934683340219e-06,2.640625
0.0006367417213110652,0.00030012227983875205,0.0002155339897651275,0.0005983482504413139,4.746723173968592e-05,4.586700079390325e-05,0.0002750450029969252,-0.0004026030765246718,-0.0007657981763158937,7.496190428747943e-05,-0.000769894983810061,2.1557427876161087e-05,-0.0002723426377006283,-5.00593468225174e-06,2.6484375
0.0006367417213116735,0.000300122279839337,0.0002155339897656934,0.0005983482504418375,4.7467231740251844e-05,4.5867000794478666e-05,0.0002750450029976809,-0.0004026030765239167,-0.0007657981763152239,7.496190428821113e-05,-0.0007698949838094079,2.1557427876646637e-05,-0.00027234263770014276,-5.0059346815442285e-06,2.65625
0.0006367417213103865,0.00030012227983822735,0.00021553398976465626,0.0005983482504407644,4.7467231739214676e-05,4.586700079359575e-05,0.00027504500299630017,-0.00040260307652507644,-0.0007657981763162346,7.496190428728315e-05,-0.0007698949838104963,2.1557427875528e-05,-0.0002723426377013158,-5.005934682578284e-06,2.6640625
0.0006367417213090253,0.0003001222798369008,0.00021553398976295913,0.0005983482504392347,4.746723173751753e-05,4.5867000791879786e-05,0.0002750450029949067,-0.0004026030765264313,-0.0007657981763181955,7.496190428585398e-05,-0.000769894983811857,2.1557427874073703e-05,-0.00027234263770309667,-5.005934684156578e-06,2.671875
0.0006367417213089292,0.0003001222798366232,0.00021553398976284738,0.0005983482504391347,4.7467231737405806e-05,4.586700079169196e-05,0.00027504500299457927,-0.0004026030765267638,-0.0007657981763182785,7.496190428555781e-05,-0.0007698949838122651,2.1557427873828928e-05,-0.0002723426377032326,-5.005934684374273e-06,2.6796875
0.0006367417213119836,0.00030012227983976773,0.0002155339897659887,0.0005983482504422396,4.746723174054711e-05,4.5867000794814464e-05,0.0002750450029976991,-0.0004026030765236214,-0.0007657981763151573,7.49619042885727e-05,-0.0007698949838091494,2.155742787694104e-05,-0.000272342637699998,-5.005934681176867e-06,2.6875
0.0006367417213121539,0.000300122279839912,0.00021553398976615975,0.0005983482504424801,4.746723174071816e-05,4.586700079498573e-05,0.00027504500299800963,-0.00040260307652338205,-0.00076579817631492,7.496190428886748e-05,-0.0007698949838089725,2.1557427877207966e-05,-0.0002723426376999896,-5.0059346809999895e-06,2.6953125
0.0006367417213093607,0.00030012227983698415,0.00021553398976330114,0.0005983482504395017,4.746723173785955e-05,4.586700079216054e-05,0.0002750450029948943,-0.00040260307652636816,-0.0007657981763178532,7.496190428591009e-05,-0.0007698949838116937,2.1557427874286363e-05,-0.00027234263770288406,-5.005934683884458e-06,2.703125
0.0006367417213073843,0.000300122279835179,0.00021553398976132337,0.0005983482504374886,4.7467231735881804e-05,4.586700079014664e-05,0.00027504500299301666,-0.0004026030765282919,-0.0007657981763196759,7.496190428387868e-05,-0.0007698949838138162,2.1557427872363425e-05,-0.0002723426377047253,-5.005934686006991e-06,2.7109375
0.0006367417213084716,0.00030012227983622407,0.00021553398976239141,0.0005983482504387892,4.7467231736949845e-05,4.586700079129843e-05,0.0002750450029942018,-0.00040260307652714857,-0.0007657981763185448,7.496190428509548e-05,-0.0007698949838126189,2.155742787354666e-05,-0.0002723426377034604,-5.005934684864089e-06,2.71875
0.0006367417213101362,0.0003001222798378887,0.00021553398976421553,0.0005983482504404087,4.746723173877395e-05,4.586700079295775e-05,0.0002750450029959139,-0.0004026030765255002,-0.0007657981763168895,7.496190428666217e-05,-0.0007698949838109862,2.1557427875155317e-05,-0.0002723426377018382,-5.005934683068099e-06,2.7265625
0.0006367417213102955,0.00030012227983817406,0.00021553398976448726,0.0005983482504406128,4.746723173904568e-05,4.586700079315129e-05,0.0002750450029960913,-0.00040260307652535785,-0.0007657981763166763,7.496190428687634e-05,-0.0007698949838108773,2.1557427875376156e-05,-0.00027234263770169897,-5.005934682741555e-06,2.734375
0.0006367417213090166,0.0003001222798366538,0.0002155339897631612,0.0005983482504391578,4.746723173771963e-05,4.586700079184374e-05,0.0002750450029947273,-0.00040260307652673945,-0.0007657981763180203,7.496190428557972e-05,-0.0007698949838121835,2.1557427873942363e-05,-0.0002723426377029559,-5.005934684102154e-06,2.7421875
0.000636741721308937,0.00030012227983674595,0.00021553398976294008,0.0005983482504390672,4.746723173749848e-05,4.586700079177927e-05,0.00027504500299445567,-0.00040260307652681827,-0.0007657981763183254,7.496190428545498e-05,-0.0007698949838122379,2.155742787383746e-05,-0.0002723426377031152,-5.0059346845375456e-06,2.75
0.000636741721310579,0.00030012227983826383,0.00021553398976430113,0.0005983482504405827,4.7467231738859525e-05,4.586700079340922e-05,0.00027504500299594303,-0.00040260307652513467,-0.000765798176316681,7.496190428717775e-05,-0.0007698949838106052,2.1557427875461e-05,-0.0002723426377016005,-5.005934682904827e-06,2.7578125
0.0006367417213107889,0.00030012227983845893,0.0002155339897645902,0.0005983482504408421,4.746723173914861e-05,4.586700079346082e-05,0.00027504500299616285,-0.0004026030765248951,-0.0007657981763164809,7.496190428729365e-05,-0.0007698949838104419,2.155742787569071e-05,-0.00027234263770126193,-5.005934682632707e-06,2.765625
0.0006367417213103022,0.00030012227983815183,0.00021553398976434295,0.0005983482504406167,4.746723173890137e-05,4.5867000793170034e-05,0.0002750450029960789,-0.000402603076525311,-0.0007657981763166411,7.496190428694845e-05,-0.0007698949838107957,2.15574278754217e-05,-0.0002723426377016126,-5.0059346828844185e-06,2.7734375
0.0006367417213098368,0.00030012227983755325,0.00021553398976377697,0.0005983482504399501,4.7467231738335394e-05,4.586700079251973e-05,0.0002750450029957309,-0.0004026030765259233,-0.0007657981763172291,7.496190428631184e-05,-0.0007698949838113127,2.155742787476598e-05,-0.00027234263770213227,-5.005934683449067e-06,2.78125
0.000636741721310192,0.00030012227983796156,0.00021553398976436689,0.0005983482504403395,4.74672317389253e-05,4.586700079301882e-05,0.0002750450029960823,-0.00040260307652550297,-0.0007657981763168006,7.496190428690091e-05,-0.000769894983810714,2.155742787513108e-05,-0.00027234263770170596,-5.005934683122523e-06,2.7890625
0.0006367417213089117,0.0003001222798367628,0.00021553398976302613,0.0005983482504392647,4.7467231737584564e-05,4.586700079173548e-05,0.00027504500299480164,-0.00040260307652671,-0.0007657981763179872,7.496190428568708e-05,-0.0007698949838121291,2.155742787388769e-05,-0.0002723426377030378,-5.005934684428698e-06,2.796875
0.0006367417213084675,0.00030012227983612644,0.00021553398976245362,0.0005983482504388089,4.746723173701205e-05,4.586700079114465e-05,0.0002750450029942165,-0.0004026030765273908,-0.0007657981763186663,7.496190428484136e-05,-0.0007698949838127277,2.15574278736684e-05,-0.0002723426377032843,-5.005934684755241e-06,2.8046875
0.0006367417213094043,0.00030012227983725883,0.00021553398976351836,0.0005983482504397294,4.746723173807677e-05,4.5867000792270404e-05,0.00027504500299522296,-0.00040260307652615544,-0.000765798176317572,7.496190428610904e-05,-0.0007698949838115848,2.1557427874453628e-05,-0.0002723426377024174,-5.00593468377561e-06,2.8125
0.0006367417213114381,0.00030012227983923555,0.00021553398976537628,0.0005983482504416971,4.7467231739934694e-05,4.5867000794235364e-05,0.0002750450029971126,-0.0004026030765241832,-0.0007657981763156788,7.496190428803771e-05,-0.00076989498380968,2.155742787642856e-05,-0.00027234263770057856,-5.005934681816349e-06,2.8203125
0.0006367417213115025,0.0003001222798394738,0.00021553398976549427,0.000598348250441855,4.74672317400527e-05,4.58670007943999e-05,0.00027504500299723594,-0.00040260307652394627,-0.0007657981763155068,7.496190428829881e-05,-0.0007698949838095167,2.1557427876495665e-05,-0.00027234263770051144,-5.005934681707501e-06,2.828125
0.0006367417213116761,0.0003001222798394335,0.000215533989765627,0.0005983482504418109,4.7467231740185436e-05,4.586700079420803e-05,0.00027504500299717626,-0.0004026030765241051,-0.0007657981763150981,7.496190428836156e-05,-0.0007698949838095167,2.1557427876484563e-05,-0.00027234263770049534,-5.005934681707501e-06,2.8359375
0.0006367417213127643,0.00030012227984050157,0.00021553398976692476,0.0005983482504429916,4.746723174148319e-05,4.58670007955678e-05,0.00027504500299836384,-0.0004026030765229356,-0.0007657981763142076,7.49619042894021e-05,-0.0007698949838084282,2.155742787769283e-05,-0.0002723426376993959,-5.005934680619022e-06,2.84375
0.0006367417213126658,0.00030012227984043874,0.00021553398976660758,0.0005983482504428912,4.7467231741165975e-05,4.5867000795513815e-05,0.00027504500299823964,-0.0004026030765229846,-0.0007657981763145647,7.496190428925268e-05,-0.0007698949838085915,2.1557427877597266e-05,-0.0002723426376995731,-5.005934680673446e-06,2.8515625
0.0006367417213086917,0.0003001222798365063,0.00021553398976264173,0.0005983482504389334,4.746723173720013e-05,4.586700079156468e-05,0.00027504500299406384,-0.00040260307652678287,-0.0007657981763185405,7.496190428527827e-05,-0.0007698949838124556,2.155742787381762e-05,-0.00027234263770332555,-5.0059346845375456e-06,2.859375
0.0006367417213051523,0.0003001222798326935,0.00021553398975911303,0.0005983482504354173,4.7467231733671475e-05,4.586700078803002e-05,0.0002750450029909034,-0.0004026030765304704,-0.0007657981763220771,7.496190428155035e-05,-0.0007698949838158299,2.1557427870148516e-05,-0.0002723426377068994,-5.005934687911829e-06,2.8671875
0.0006367417213062756,0.000300122279834069,0.00021553398976018647,0.0005983482504366602,4.746723173474488e-05,4.586700078902319e-05,0.0002750450029920164,-0.0004026030765291665,-0.0007657981763207397,7.496190428298241e-05,-0.0007698949838148502,2.155742787145738e-05,-0.00027234263770571296,-5.005934686932198e-06,2.875
0.0006367417213092646,0.0003001222798371062,0.00021553398976326282,0.0005983482504394941,4.746723173782123e-05,4.586700079213437e-05,0.0002750450029950173,-0.00040260307652627964,-0.0007657981763177378,7.496190428586299e-05,-0.0007698949838118298,2.1557427874311686e-05,-0.00027234263770280426,-5.00593468391167e-06,2.8828125
0.0006367417213092178,0.00030012227983703733,0.0002155339897634075,0.000598348250439694,4.746723173796592e-05,4.586700079207704e-05,0.00027504500299501295,-0.00040260307652629086,-0.0007657981763176452,7.496190428577524e-05,-0.000769894983811857,2.1557427874394576e-05,-0.00027234263770266695,-5.005934683884458e-06,2.890625
0.0006367417213070017,0.00030012227983449786,0.00021553398976082493,0.0005983482504371806,4.7467231735383356e-05,4.5867000789760916e-05,0.000275045002992725,-0.0004026030765288292,-0.0007657981763202413,7.496190428324022e-05,-0.0007698949838143604,2.1557427871577277e-05,-0.0002723426377052666,-5.005934686306323e-06,2.8984375
0.0006367417213079896,0.0003001222798356356,0.00021553398976212294,0.0005983482504381083,4.746723173668134e-05,4.586700079070667e-05,0.00027504500299378135,-0.00040260307652791673,-0.0007657981763190976,7.496190428446572e-05,-0.0007698949838132175,2.15574278727982e-05,-0.00027234263770399125,-5.005934685136208e-06,2.90625
0.0006367417213121591,0.00030012227984009527,0.00021553398976635182,0.0005983482504423965,4.7467231740910246e-05,4.586700079495572e-05,0.00027504500299811377,-0.00040260307652344895,-0.0007657981763147567,7.496190428884268e-05,-0.0007698949838089725,2.15574278772508e-05,-0.00027234263769970187,-5.0059346808911416e-06,2.9140625
0.0006367417213147166,0.0003001222798425559,0.00021553398976877804,0.0005983482504448547,4.746723174333645e-05,4.58670007975692e-05,0.0002750450030006255,-0.00040260307652094504,-0.0007657981763123873,7.496190429124966e-05,-0.0007698949838064145,2.1557427879762627e-05,-0.0002723426376971356,-5.005934678550912e-06,2.921875
0.0006367417213127444,0.0003001222798405491,0.00021553398976694674,0.0005983482504433821,4.746723174150517e-05,4.586700079565699e-05,0.00027504500299860437,-0.00040260307652292815,-0.0007657981763143768,7.496190428961312e-05,-0.000769894983808265,2.1557427877783813e-05,-0.0002723426376990056,-5.005934680346903e-06,2.9296875
0.0006367417213109748,0.0003001222798392133,0.0002155339897650837,0.00059834825044131,4.7467231739642136e-05,4.586700079378547e-05,0.00027504500299653745,-0.00040260307652450724,-0.000765798176316063,7.496190428765831e-05,-0.000769894983810061,2.15574278761198e-05,-0.0002723426377008873,-5.005934682034044e-06,2.9375
0.0006367417213108027,0.00030012227983835247,0.00021553398976457692,0.0005983482504411284,4.746723173913536e-05,4.586700079342817e-05,0.0002750450029960336,-0.0004026030765247957,-0.0007657981763163159,7.496190428754497e-05,-0.0007698949838103875,2.1557427875619257e-05,-0.00027234263770160557,-5.005934682578284e-06,2.9453125
0.0006367417213111445,0.00030012227983887034,0.00021553398976514342,0.0005983482504412663,4.746723173970183e-05,4.5867000793875104e-05,0.0002750450029967674,-0.0004026030765243877,-0.0007657981763159749,7.496190428761193e-05,-0.0007698949838099385,2.155742787601761e-05,-0.00027234263770104395,-5.005934682061257e-06,2.953125
0.000636741721308743,0.0003001222798364437,0.0002155339897626573,0.0005983482504388591,4.746723173721572e-05,4.586700079145953e-05,0.00027504500299431776,-0.0004026030765268881,-0.0007657981763184503,7.496190428527692e-05,-0.0007698949838124556,2.1557427873661473e-05,-0.00027234263770345446,-5.005934684646393e-06,2.9609375
0.0006367417213077961,0.0003001222798352499,0.0002155339897613113,0.000598348250437522,4.746723173586972e-05,4.58670007900672e-05,0.0002750450029933921,-0.00040260307652821076,-0.0007657981763193355,7.496190428370735e-05,-0.0007698949838138707,2.1557427872421383e-05,-0.00027234263770469457,-5.0059346859525675e-06,2.96875
0.0006367417213082592,0.0003001222798359397,0.0002155339897617209,0.0005983482504378509,4.7467231736279313e-05,4.5867000790916194e-05,0.0002750450029935827,-0.00040260307652702405,-0.0007657981763188108,7.496190428468528e-05,-0.0007698949838132175,2.1557427872897446e-05,-0.0002723426377037831,-5.0059346851906325e-06,2.9765625
0.0006367417213101177,0.0003001222798377965,0.00021553398976421146,0.0005983482504402117,4.746723173876989e-05,4.5867000793028654e-05,0.00027504500299540917,-0.00040260307652569856,-0.00076579817631713,7.496190428633577e-05,-0.0007698949838111494,2.1557427874811513e-05,-0.00027234263770230444,-5.005934683340219e-06,2.984375
0.0006367417213106277,0.0003001222798383199,0.00021553398976451024,0.0005983482504407415,4.746723173906866e-05,4.5867000793396375e-05,0.000275045002996388,-0.000402603076525025,-0.0007657981763164698,7.496190428713159e-05,-0.0007698949838105712,2.1557427875560345e-05,-0.00027234263770138553,-5.005934682673526e-06,2.9921875
0.0006367417213097735,0.00030012227983728924,0.0002155339897636679,0.0005983482504399041,4.746723173822634e-05,4.586700079242163e-05,0.0002750450029954057,-0.00040260307652595644,-0.0007657981763174424,7.496190428625492e-05,-0.000769894983811476,2.155742787467619e-05,-0.0002723426377023853,-5.005934683557915e-06,3.0
0.0006367417213096206,0.00030012227983726496,0.00021553398976351075,0.0005983482504399605,4.7467231738069175e-05,4.586700079224248e-05,0.000275045002995353,-0.00040260307652615647,-0.0007657981763175535,7.49619042860883e-05,-0.0007698949838115848,2.155742787435783e-05,-0.00027234263770237714,-5.005934683666763e-06,3.0078125
0.0006367417213102143,0.0003001222798382863,0.00021553398976451263,0.0005983482504407446,4.746723173907103e-05,4.58670007931044e-05,0.0002750450029958419,-0.00040260307652566,-0.0007657981763170765,7.49619042870941e-05,-0.0007698949838108229,2.1557427875293624e-05,-0.00027234263770138694,-5.005934682795979e-06,3.015625
0.000636741721309853,0.00030012227983777345,0.00021553398976379012,0.0005983482504402867,4.746723173834854e-05,4.586700079257519e-05,0.000275045002995638,-0.00040260307652583305,-0.0007657981763173972,7.496190428644283e-05,-0.0007698949838112583,2.1557427874974113e-05,-0.00027234263770203296,-5.005934683394642e-06,3.0234375
0.000636741721309009,0.0003001222798368006,0.0002155339897630091,0.0005983482504392422,4.746723173756752e-05,4.586700079173905e-05,0.00027504500299480223,-0.00040260307652668,-0.0007657981763180202,7.49619042855896e-05,-0.0007698949838121971,2.1557427873973303e-05,-0.0002723426377030066,-5.005934684197396e-06,3.03125
0.0006367417213082835,0.0003001222798363418,0.00021553398976270274,0.0005983482504387425,4.7467231737261147e-05,4.5867000791478916e-05,0.0002750450029943458,-0.0004026030765271387,-0.0007657981763184597,7.496190428512527e-05,-0.00076989498381251,2.1557427873438286e-05,-0.00027234263770345993,-5.005934684646393e-06,3.0390625
0.0006367417213086669,0.0003001222798364091,0.00021553398976264032,0.000598348250438845,4.746723173719873e-05,4.5867000791433725e-05,0.0002750450029944749,-0.0004026030765269977,-0.0007657981763183835,7.496190428510161e-05,-0.0007698949838124556,2.155742787372859e-05,-0.00027234263770338735,-5.005934684428698e-06,3.046875
0.0006367417213100977,0.0003001222798379914,0.0002155339897641939,0.0005983482504404687,4.7467231738752324e-05,4.5867000792947284e-05,0.00027504500299595225,-0.0004026030765255111,-0.0007657981763168309,7.496190428671089e-05,-0.0007698949838109862,2.1557427875269216e-05,-0.0002723426377017923,-5.005934683122523e-06,3.0546875
0.0006367417213110885,0.00030012227983881504,0.00021553398976509395,0.0005983482504413325,4.746723173965238e-05,4.586700079382273e-05,0.0002750450029968499,-0.00040260307652472766,-0.0007657981763160436,7.4961904287681e-05,-0.0007698949838101154,2.1557427876122656e-05,-0.0002723426377009116,-5.005934682142892e-06,3.0625
0.0006367417213107856,0.0003001222798385479,0.00021553398976493376,0.0005983482504411447,4.74672317394922e-05,4.586700079359544e-05,0.00027504500299659946,-0.0004026030765248294,-0.0007657981763162082,7.496190428753318e-05,-0.0007698949838102786,2.1557427875897226e-05,-0.00027234263770110987,-5.005934682197316e-06,3.0703125
0.0006367417213112041,0.00030012227983893734,0.00021553398976530252,0.0005983482504412529,4.746723173986093e-05,4.58670007940834e-05,0.0002750450029968764,-0.0004026030765244578,-0.0007657981763158347,7.496190428773968e-05,-0.0007698949838099521,2.155742787602497e-05,-0.00027234263770081887,-5.005934682034044e-06,3.078125
0.000636741721310632,0.00030012227983839383,0.0002155339897645954,0.000598348250440683,4.7467231739153804e-05,4.5867000793403666e-05,0.0002750450029962816,-0.00040260307652508376,-0.0007657981763165983,7.496190428714243e-05,-0.000769894983810578,2.15574278754e-05,-0.00027234263770149823,-5.005934682741555e-06,3.0859375
0.000636741721309475,0.00030012227983720934,0.00021553398976333234,0.0005983482504396403,4.746723173789075e-05,4.5867000792288727e-05,0.000275045002995042,-0.0004026030765261925,-0.000765798176317734,7.4961904286115e-05,-0.0007698949838117481,2.15574278743636e-05,-0.00027234263770258905,-5.005934683884458e-06,3.09375
0.0006367417213086548,0.0003001222798364825,0.00021553398976248569,0.0005983482504389373,4.746723173704411e-05,4.586700079149857e-05,0.0002750450029942365,-0.00040260307652694333,-0.0007657981763185236,7.496190428529431e-05,-0.0007698949838124284,2.1557427873700013e-05,-0.0002723426377034432,-5.005934684741635e-06,3.1015625
0.0006367417213097455,0.0003001222798374458,0.00021553398976357637,0.0005983482504400212,4.746723173813479e-05,4.5867000792501765e-05,0.000275045002995292,-0.00040260307652601883,-0.0007657981763174173,7.496190428633634e-05,-0.0007698949838113944,2.1557427874732356e-05,-0.00027234263770232916,-5.005934683666763e-06,3.109375
0.0006367417213119445,0.0003001222798398426,0.00021553398976605924,0.0005983482504422435,4.746723174061765e-05,4.586700079487355e-05,0.0002750450029976215,-0.0004026030765236381,-0.000765798176315071,7.496190428861536e-05,-0.0007698949838091902,2.1557427877072475e-05,-0.00027234263769988017,-5.005934681163261e-06,3.1171875
0.000636741721311426,0.0003001222798392552,0.00021553398976539945,0.0005983482504417691,4.746723173995788e-05,4.586700079415474e-05,0.0002750450029971142,-0.0004026030765242296,-0.0007657981763155937,7.496190428817277e-05,-0.0007698949838096256,2.155742787648048e-05,-0.0002723426377005266,-5.005934681816349e-06,3.125
0.0006367417213082188,0.0003001222798360852,0.00021553398976231192,0.0005983482504386379,4.746723173687034e-05,4.586700079110761e-05,0.00027504500299363753,-0.0004026030765274383,-0.0007657981763189484,7.496190428478345e-05,-0.0007698949838128366,2.1557427873405317e-05,-0.0002723426377038195,-5.005934685027361e-06,3.1328125
0.000636741721306473,0.0003001222798341941,0.00021553398976044706,0.0005983482504368717,4.7467231735005484e-05,4.58670007893657e-05,0.0002750450029921089,-0.0004026030765291822,-0.0007657981763206558,7.4961904283112e-05,-0.0007698949838145781,2.1557427871528322e-05,-0.0002723426377055876,-5.005934686714502e-06,3.140625
0.0006367417213081105,0.0003001222798360155,0.00021553398976219133,0.0005983482504382874,4.746723173674973e-05,4.586700079098525e-05,0.00027504500299380856,-0.0004026030765274993,-0.0007657981763190481,7.49619042847068e-05,-0.0007698949838131087,2.1557427873225048e-05,-0.0002723426377038365,-5.0059346850817846e-06,3.1484375
0.0006367417213108661,0.00030012227983858665,0.00021553398976493045,0.0005983482504409012,4.7467231739488864e-05,4.586700079350434e-05,0.0002750450029965006,-0.00040260307652469865,-0.0007657981763162806,7.496190428748623e-05,-0.0007698949838103875,2.1557427875793848e-05,-0.00027234263770121325,-5.00593468225174e-06,3.15625
0.0006367417213101392,0.0003001222798377632,0.0002155339897642191,0.0005983482504402599,4.746723173877754e-05,4.586700079290019e-05,0.000275045002996028,-0.0004026030765255683,-0.000765798176316836,7.496190428651998e-05,-0.0007698949838110406,2.1557427875023092e-05,-0.0002723426377019296,-5.005934682904827e-06,3.1640625
0.0006367417213090522,0.0003001222798369381,0.0002155339897633056,0.0005983482504392205,4.7467231737864024e-05,4.586700079213976e-05,0.00027504500299491065,-0.00040260307652636957,-0.0007657981763178448,7.496190428576301e-05,-0.0007698949838119114,2.1557427874078996e-05,-0.0002723426377028192,-5.005934683993306e-06,3.171875
0.0006367417213094699,0.0003001222798370024,0.0002155339897636465,0.000598348250439607,4.746723173820491e-05,4.5867000792117856e-05,0.0002750450029952886,-0.00040260307652613766,-0.0007657981763176405,7.496190428607692e-05,-0.0007698949838116937,2.1557427874229524e-05,-0.0002723426377025599,-5.005934683666763e-06,3.1796875
0.0006367417213104572,0.00030012227983816175,0.0002155339897645333,0.0005983482504406789,4.7467231739091714e-05,4.5867000793147726e-05,0.00027504500299626114,-0.000402603076525163,-0.0007657981763165657,7.496190428706019e-05,-0.0007698949838106596,2.155742787540947e-05,-0.00027234263770143437,-5.005934682551072e-06,3.1875
0.0006367417213110551,0.0003001222798388454,0.0002155339897651192,0.0005983482504412531,4.746723173967763e-05,4.586700079375528e-05,0.00027504500299668116,-0.00040260307652453315,-0.0007657981763161034,7.496190428761265e-05,-0.0007698949838101699,2.155742787606029e-05,-0.0002723426377007836,-5.00593468225174e-06,3.1953125
0.0006367417213119061,0.00030012227983937785,0.00021553398976532337,0.0005983482504421709,4.7467231739881785e-05,4.5867000794341284e-05,0.0002750450029973927,-0.00040260307652384186,-0.0007657981763154471,7.49619042883119e-05,-0.000769894983809299,2.1557427876593637e-05,-0.0002723426377001958,-5.005934681380957e-06,3.203125
0.0006367417213114805,0.00030012227983924027,0.00021553398976538785,0.0005983482504416913,4.746723173994627e-05,4.586700079446799e-05,0.0002750450029969602,-0.00040260307652396405,-0.0007657981763158028,7.496190428798781e-05,-0.0007698949838095167,2.1557427876463827e-05,-0.0002723426377006521,-5.005934681925196e-06,3.2109375
0.0006367417213103629,0.00030012227983803723,0.00021553398976440337,0.0005983482504408128,4.746723173896179e-05,4.586700079323818e-05,0.00027504500299621213,-0.00040260307652502885,-0.0007657981763165646,7.496190428713687e-05,-0.0007698949838106052,2.1557427875396454e-05,-0.0002723426377016651,-5.005934682795979e-06,3.21875
0.0006367417213089736,0.0003001222798367868,0.00021553398976298,0.0005983482504393281,4.7467231737538425e-05,4.58670007918877e-05,0.0002750450029945321,-0.00040260307652658923,-0.0007657981763181006,7.496190428563376e-05,-0.0007698949838120747,2.155742787400124e-05,-0.00027234263770297866,-5.005934684211002e-06,3.2265625
0.000636741721309002,0.00030012227983679696,0.00021553398976304709,0.0005983482504392776,4.74672317376055e-05,4.586700079183106e-05,0.0002750450029946351,-0.00040260307652660685,-0.0007657981763180387,7.496190428565244e-05,-0.0007698949838121291,2.1557427873880844e-05,-0.00027234263770301736,-5.005934684265425e-06,3.234375
0.0006367417213096926,0.00030012227983732323,0.00021553398976374138,0.0005983482504400232,4.746723173829979e-05,4.5867000792577395e-05,0.00027504500299543823,-0.00040260307652618434,-0.0007657981763174587,7.496190428634604e-05,-0.000769894983811476,2.15574278745748e-05,-0.0002723426377023234,-5.005934683449067e-06,3.2421875
0.0006367417213088098,0.00030012227983658695,0.0002155339897632145,0.0005983482504391445,4.746723173777289e-05,4.586700079178255e-05,0.0002750450029947772,-0.0004026030765267238,-0.0007657981763180358,7.496190428546324e-05,-0.0007698949838121291,2.1557427873788314e-05,-0.0002723426377031099,-5.00593468431985e-06,3.25
0.000636741721308906,0.00030012227983669,0.00021553398976281862,0.0005983482504390731,4.746723173737705e-05,4.586700079154773e-05,0.00027504500299445876,-0.0004026030765268679,-0.0007657981763183638,7.496190428538044e-05,-0.0007698949838122651,2.1557427873848318e-05,-0.00027234263770334924,-5.005934684340258e-06,3.2578125
0.0006367417213081711,0.00030012227983614845,0.00021553398976210256,0.0005983482504383758,4.7467231736660966e-05,4.586700079100732e-05,0.0002750450029938139,-0.00040260307652743074,-0.0007657981763191063,7.496190428462994e-05,-0.000769894983812891,2.1557427873142238e-05,-0.00027234263770386483,-5.005934685027361e-06,3.265625
0.0006367417213102622,0.00030012227983800276,0.0002155339897641727,0.0005983482504405067,4.746723173873114e-05,4.586700079302398e-05,0.000275045002995875,-0.0004026030765254177,-0.0007657981763169109,7.496190428686882e-05,-0.0007698949838108773,2.1557427875215128e-05,-0.0002723426377017648,-5.005934683176947e-06,3.2734375
0.0006367417213113246,0.00030012227983899854,0.00021553398976531337,0.000598348250441399,4.746723173987179e-05,4.58670007940786e-05,0.0002750450029970095,-0.00040260307652434553,-0.0007657981763158401,7.496190428787428e-05,-0.0007698949838097344,2.155742787642425e-05,-0.0002723426377005965,-5.005934681925196e-06,3.28125
0.0006367417213108019,0.00030012227983847677,0.00021553398976486998,0.0005983482504409533,4.746723173942841e-05,4.5867000793459956e-05,0.0002750450029966527,-0.0004026030765249434,-0.0007657981763163163,7.496190428741334e-05,-0.0007698949838103875,2.1557427875699973e-05,-0.0002723426377012527,-5.0059346824150114e-06,3.2890625
0.0006367417213098793,0.0003001222798376933,0.00021553398976398232,0.0005983482504402638,4.746723173854072e-05,4.586700079270263e-05,0.0002750450029956783,-0.00040260307652576643,-0.0007657981763170336,7.49619042865051e-05,-0.0007698949838112311,2.155742787491085e-05,-0.00027234263770206906,-5.005934683217765e-06,3.296875
0.0006367417213089004,0.0003001222798365145,0.00021553398976293636,0.0005983482504391509,4.7467231737494785e-05,4.5867000791661705e-05,0.00027504500299470536,-0.0004026030765267661,-0.0007657981763182962,7.496190428542118e-05,-0.0007698949838123467,2.155742787376429e-05,-0.00027234263770318834,-5.005934684455909e-06,3.3046875
0.0006367417213089299,0.0003001222798367004,0.00021553398976300285,0.0005983482504390094,4.746723173756129e-05,4.5867000791815133e-05,0.000275045002994687,-0.0004026030765267699,-0.000765798176318157,7.496190428535611e-05,-0.0007698949838123195,2.1557427873792214e-05,-0.0002723426377032149,-5.00593468431985e-06,3.3125
0.0006367417213082339,0.00030012227983607407,0.0002155339897622552,0.0005983482504384823,4.7467231736813615e-05,4.5867000791087295e-05,0.00027504500299398247,-0.0004026030765273594,-0.0007657981763187617,7.496190428489077e-05,-0.0007698949838128366,2.1557427873240128e-05,-0.00027234263770368534,-5.005934684918513e-06,3.3203125
0.0006367417213095965,0.0003001222798374304,0.00021553398976372778,0.0005983482504401192,4.74672317382862e-05,4.586700079237928e-05,0.00027504500299532607,-0.0004026030765258484,-0.0007657981763173261,7.496190428624574e-05,-0.0007698949838115848,2.155742787466071e-05,-0.00027234263770222394,-5.005934683449067e-06,3.328125
0.0006367417213109268,0.00030012227983882583,0.00021553398976480946,0.0005983482504413876,4.746723173936787e-05,4.5867000793699484e-05,0.0002750450029967972,-0.000402603076524734,-0.0007657981763163039,7.49619042876293e-05,-0.000769894983810061,2.1557427876049797e-05,-0.0002723426377009301,-5.00593468225174e-06,3.3359375
0.0006367417213100385,0.00030012227983795126,0.0002155339897638668,0.0005983482504402002,4.7467231738425214e-05,4.586700079294052e-05,0.00027504500299580734,-0.00040260307652562906,-0.0007657981763170971,7.496190428655749e-05,-0.000769894983811095,2.1557427874950728e-05,-0.0002723426377021924,-5.0059346832721885e-06,3.34375
0.0006367417213106373,0.0003001222798384483,0.00021553398976447569,0.0005983482504407102,4.7467231739034095e-05,4.586700079345268e-05,0.00027504500299621647,-0.00040260307652505655,-0.0007657981763167291,7.49619042872187e-05,-0.0007698949838106052,2.1557427875514337e-05,-0.0002723426377016016,-5.005934682850403e-06,3.3515625
0.000636741721309988,0.0003001222798377225,0.00021553398976400875,0.00059834825044048,4.746723173856717e-05,4.5867000792747446e-05,0.0002750450029958273,-0.00040260307652573385,-0.0007657981763170576,7.496190428668259e-05,-0.0007698949838111494,2.1557427875094453e-05,-0.00027234263770191267,-5.005934683176947e-06,3.359375
0.0006367417213101695,0.000300122279837988,0.0002155339897642193,0.0005983482504405021,4.746723173877772e-05,4.586700079295829e-05,0.0002750450029959346,-0.0004026030765254697,-0.0007657981763167686,7.496190428673154e-05,-0.0007698949838109862,2.155742787525142e-05,-0.00027234263770170125,-5.005934682904827e-06,3.3671875
0.0006367417213105902,0.0003001222798384318,0.00021553398976467914,0.0005983482504407833,4.746723173923756e-05,4.586700079336928e-05,0.00027504500299639737,-0.0004026030765249722,-0.0007657981763164576,7.496190428714328e-05,-0.0007698949838105507,2.155742787556475e-05,-0.0002723426377013063,-5.005934682496648e-06,3.375
0.0006367417213104837,0.0003001222798382813,0.00021553398976458977,0.0005983482504407927,4.746723173914819e-05,4.5867000793290136e-05,0.0002750450029962404,-0.0004026030765250922,-0.0007657981763165336,7.496190428716968e-05,-0.0007698949838105235,2.1557427875478843e-05,-0.00027234263770147384,-5.005934682687132e-06,3.3828125
0.0006367417213099352,0.0003001222798378039,0.00021553398976400593,0.0005983482504402007,4.746723173856434e-05,4.586700079281397e-05,0.0002750450029956331,-0.00040260307652572697,-0.0007657981763171851,7.49619042865516e-05,-0.0007698949838111494,2.155742787497312e-05,-0.000272342637702034,-5.005934683285794e-06,3.390625
0.0006367417213097643,0.0003001222798375846,0.00021553398976374287,0.0005983482504400089,4.74672317383013e-05,4.586700079254555e-05,0.000275045002995589,-0.00040260307652591947,-0.000765798176317329,7.496190428636512e-05,-0.000769894983811476,2.155742787480279e-05,-0.0002723426377022043,-5.00593468350349e-06,3.3984375
0.0006367417213092035,0.0003001222798370356,0.0002155339897633122,0.0005983482504394362,4.746723173787064e-05,4.586700079211015e-05,0.00027504500299506364,-0.0004026030765264992,-0.0007657981763177573,7.496190428590605e-05,-0.0007698949838119114,2.155742787414022e-05,-0.0002723426377029213,-5.005934683884458e-06,3.40625
0.0006367417213096251,0.00030012227983726387,0.00021553398976362017,0.0005983482504397936,4.746723173817858e-05,4.586700079252963e-05,0.00027504500299526226,-0.000402603076525951,-0.0007657981763175192,7.496190428612813e-05,-0.0007698949838113671,2.1557427874493676e-05,-0.0002723426377024998,-5.00593468377561e-06,3.4140625
0.0006367417213094007,0.000300122279836959,0.0002155339897633573,0.0005983482504393803,4.746723173791574e-05,4.586700079201787e-05,0.00027504500299516403,-0.00040260307652620185,-0.0007657981763177441,7.496190428554868e-05,-0.000769894983811857,2.1557427874201785e-05,-0.00027234263770281895,-5.005934683938882e-06,3.421875
0.0006367417213081513,0.00030012227983586216,0.00021553398976220206,0.0005983482504382682,4.746723173676046e-05,4.586700079088674e-05,0.0002750450029939473,-0.0004026030765275962,-0.0007657981763188964,7.496190428460626e-05,-0.0007698949838130271,2.1557427873098514e-05,-0.00027234263770388136,-5.005934685136208e-06,3.4296875
0.0006367417213078296,0.0003001222798356784,0.0002155339897618727,0.0005983482504380127,4.746723173643114e-05,4.5867000790575755e-05,0.00027504500299353583,-0.00040260307652769485,-0.0007657981763192962,7.496190428450944e-05,-0.0007698949838132448,2.1557427872783398e-05,-0.00027234263770416927,-5.0059346852994805e-06,3.4375
0.0006367417213081915,0.00030012227983608036,0.0002155339897621751,0.0005983482504386637,4.74672317367335e-05,4.586700079100955e-05,0.0002750450029940585,-0.0004026030765273649,-0.000765798176318843,7.496190428498812e-05,-0.000769894983812891,2.155742787327596e-05,-0.00027234263770367666,-5.005934685027361e-06,3.4453125
0.0006367417213086855,0.0003001222798362447,0.00021553398976258204,0.0005983482504387658,4.7467231737140455e-05,4.586700079129521e-05,0.0002750450029941623,-0.0004026030765271384,-0.0007657981763182868,7.496190428526601e-05,-0.0007698949838125644,2.1557427873917717e-05,-0.00027234263770336154,-5.005934684646393e-06,3.453125
0.0006367417213107735,0.000300122279838272,0.00021553398976478303,0.0005983482504409677,4.746723173934146e-05,4.586700079338896e-05,0.00027504500299627263,-0.00040260307652508165,-0.0007657981763163737,7.496190428731669e-05,-0.000769894983810714,2.155742787570171e-05,-0.00027234263770150945,-5.005934682469436e-06,3.4609375
0.000636741721313119,0.00030012227984084553,0.00021553398976711843,0.0005983482504431604,4.746723174167685e-05,4.586700079585022e-05,0.0002750450029987987,-0.00040260307652271223,-0.0007657981763140553,7.496190428947868e-05,-0.0007698949838081017,2.1557427878210612e-05,-0.00027234263769890536,-5.00593468018363e-06,3.46875
0.0006367417213134145,0.0003001222798410976,0.00021553398976736804,0.0005983482504435954,4.7467231741926475e-05,4.586700079616909e-05,0.00027504500299899777,-0.0004026030765223166,-0.0007657981763136775,7.496190428995328e-05,-0.000769894983807748,2.155742787842306e-05,-0.00027234263769859767,-5.005934679802663e-06,3.4765625
0.0006367417213115182,0.00030012227983935384,0.00021553398976546112,0.0005983482504418342,4.746723174001954e-05,4.586700079425868e-05,0.00027504500299727996,-0.00040260307652419954,-0.0007657981763155496,7.496190428807314e-05,-0.0007698949838096562,2.155742787655333e-05,-0.0002723426377005626,-5.005934681756822e-06,3.484375
0.0006367417213107398,0.00030012227983836266,0.0002155339897645588,0.0005983482504409646,4.7467231739117206e-05,4.586700079353303e-05,0.00027504500299646215,-0.000402603076524938,-0.0007657981763163679,7.496190428720365e-05,-0.0007698949838104963,2.1557427875589188e-05,-0.0002723426377012274,-5.005934682551072e-06,3.4921875
0.0006367417213100488,0.00030012227983774146,0.0002155339897639463,0.0005983482504402127,4.7467231738504706e-05,4.586700079264406e-05,0.00027504500299570814,-0.0004026030765255919,-0.0007657981763169281,7.496190428656502e-05,-0.0007698949838110678,2.1557427874963623e-05,-0.0002723426377020435,-5.005934683244977e-06,3.5
0.000636741721309628,0.00030012227983739544,0.00021553398976362751,0.0005983482504398599,4.7467231738185944e-05,4.586700079240012e-05,0.00027504500299541665,-0.00040260307652598544,-0.000765798176317451,7.496190428625986e-05,-0.0007698949838114828,2.1557427874474784e-05,-0.000272342637702369,-5.0059346836327475e-06,3.5078125
0.0006367417213074192,0.00030012227983528954,0.00021553398976142997,0.0005983482504377281,4.7467231735988375e-05,4.5867000790251795e-05,0.0002750450029931493,-0.0004026030765282219,-0.0007657981763196341,7.49619042840856e-05,-0.0007698949838136258,2.155742787242493e-05,-0.00027234263770456175,-5.0059346858437195e-06,3.515625
0.0006367417213058282,0.0003001222798337228,0.00021553398975982833,0.000598348250436075,4.7467231734386764e-05,4.586700078860298e-05,0.00027504500299167187,-0.0004026030765298044,-0.0007657981763212339,7.496190428251375e-05,-0.0007698949838151768,2.1557427870913027e-05,-0.0002723426377060941,-5.005934687340378e-06,3.5234375
0.0006367417213081257,0.0003001222798360339,0.00021553398976215755,0.0005983482504384225,4.746723173671598e-05,4.586700079107281e-05,0.00027504500299386055,-0.00040260307652743437,-0.0007657981763188775,7.496190428480218e-05,-0.0007698949838129386,2.1557427873228656e-05,-0.00027234263770388727,-5.005934685040967e-06,3.53125
0.000636741721310901,0.00030012227983862677,0.00021553398976491186,0.000598348250441047,4.74672317394703e-05,4.5867000793746375e-05,0.0002750450029966598,-0.0004026030765247099,-0.0007657981763160522,7.496190428742576e-05,-0.0007698949838101971,2.1557427875822362e-05,-0.0002723426377011303,-5.005934682360588e-06,3.5390625
0.0006367417213108612,0.0003001222798386041,0.00021553398976466965,0.0005983482504410579,4.746723173922808e-05,4.586700079359865e-05,0.00027504500299645375,-0.0004026030765247594,-0.0007657981763162005,7.496190428739337e-05,-0.0007698949838103875,2.1557427875788806e-05,-0.00027234263770123873,-5.005934682360588e-06,3.546875
0.0006367417213102327,0.000300122279837985,0.00021553398976415235,0.000598348250440441,4.7467231738710786e-05,4.586700079308656e-05,0.0002750450029958262,-0.0004026030765253875,-0.0007657981763169741,7.496190428685625e-05,-0.0007698949838108229,2.155742787519867e-05,-0.00027234263770186285,-5.005934683013675e-06,3.5546875
0.0006367417213095621,0.0003001222798373639,0.00021553398976347643,0.0005983482504398278,4.746723173803485e-05,4.586700079243124e-05,0.000275045002995168,-0.00040260307652601645,-0.0007657981763176253,7.496190428619519e-05,-0.0007698949838114216,2.155742787458459e-05,-0.00027234263770253137,-5.005934683449067e-06,3.5625
0.0006367417213115326,0.0003001222798395245,0.00021553398976568094,0.0005983482504417902,4.7467231740239355e-05,4.586700079448453e-05,0.0002750450029972734,-0.0004026030765240386,-0.0007657981763155654,7.496190428814547e-05,-0.0007698949838095712,2.155742787674362e-05,-0.0002723426377003179,-5.0059346816530765e-06,3.5703125
0.0006367417213101404,0.0003001222798377725,0.0002155339897644323,0.0005983482504405216,4.74672317389907e-05,4.5867000793065876e-05,0.0002750450029961352,-0.0004026030765253487,-0.0007657981763168422,7.496190428699251e-05,-0.0007698949838110406,2.1557427875420367e-05,-0.00027234263770158676,-5.005934682795979e-06,3.578125
0.0006367417213087212,0.00030012227983642015,0.00021553398976305294,0.0005983482504390189,4.746723173761136e-05,4.58670007916728e-05,0.00027504500299478055,-0.0004026030765269318,-0.0007657981763180568,7.496190428539471e-05,-0.0007698949838123467,2.1557427873782128e-05,-0.00027234263770311613,-5.005934683993306e-06,3.5859375
0.0006367417213095992,0.0003001222798374229,0.00021553398976374374,0.0005983482504397403,4.746723173830218e-05,4.586700079243796e-05,0.0002750450029954342,-0.0004026030765260286,-0.000765798176317496,7.496190428615059e-05,-0.000769894983811476,2.1557427874532687e-05,-0.0002723426377023656,-5.005934683394642e-06,3.59375
0.0006367417213118087,0.0003001222798395567,0.00021553398976576434,0.0005983482504419666,4.746723174032277e-05,4.586700079454236e-05,0.0002750450029975391,-0.00040260307652387846,-0.0007657981763153519,7.496190428837471e-05,-0.0007698949838094079,2.155742787680471e-05,-0.0002723426377002568,-5.0059346814353806e-06,3.6015625
0.0006367417213120423,0.000300122279839985,0.00021553398976587577,0.0005983482504423912,4.7467231740434186e-05,4.586700079490065e-05,0.0002750450029976083,-0.00040260307652351443,-0.0007657981763152098,7.496190428874285e-05,-0.0007698949838090269,2.15574278770717e-05,-0.000272342637699881,-5.0059346812176855e-06,3.609375
0.0006367417213091058,0.00030012227983684483,0.00021553398976303635,0.0005983482504393087,4.746723173759476e-05,4.586700079194487e-05,0.0002750450029947684,-0.0004026030765265626,-0.0007657981763180272,7.496190428574956e-05,-0.000769894983811993,2.1557427874032883e-05,-0.0002723426377029198,-5.0059346842382134e-06,3.6171875
0.0006367417213080313,0.0003001222798356447,0.00021553398976218764,0.0005983482504382776,4.746723173674606e-05,4.586700079085242e-05,0.0002750450029937796,-0.000402603076527442,-0.0007657981763189713,7.496190428485337e-05,-0.0007698949838130543,2.1557427872942745e-05,-0.0002723426377040644,-5.005934685027361e-06,3.625
0.0006367417213095373,0.00030012227983758306,0.00021553398976351896,0.0005983482504398968,4.7467231738077375e-05,4.586700079222875e-05,0.0002750450029953853,-0.00040260307652606887,-0.0007657981763174455,7.496190428638674e-05,-0.0007698949838115848,2.155742787444992e-05,-0.0002723426377023803,-5.00593468377561e-06,3.6328125
0.000636741721310498,0.00030012227983831517,0.0002155339897643049,0.0005983482504406169,4.746723173886332e-05,4.58670007932463e-05,0.0002750450029961772,-0.00040260307652520216,-0.0007657981763166087,7.496190428718809e-05,-0.0007698949838106324,2.155742787548167e-05,-0.0002723426377014166,-5.005934682795979e-06,3.640625
0.0006367417213097945,0.00030012227983762383,0.00021553398976374843,0.0005983482504400578,4.7467231738306846e-05,4.58670007926292e-05,0.0002750450029954287,-0.0004026030765258353,-0.0007657981763172539,7.496190428651277e-05,-0.0007698949838113399,2.1557427874797747e-05,-0.0002723426377020733,-5.005934683421855e-06,3.6484375
0.0006367417213093568,0.00030012227983714396,0.0002155339897633648,0.0005983482504395786,4.746723173792322e-05,4.5867000792136206e-05,0.00027504500299508223,-0.0004026030765263126,-0.0007657981763177469,7.496190428593891e-05,-0.0007698949838118026,2.1557427874358127e-05,-0.00027234263770262174,-5.005934683870852e-06,3.65625
0.0006367417213100322,0.0003001222798378988,0.00021553398976418891,0.0005983482504403745,4.746723173874736e-05,4.586700079292568e-05,0.000275045002995982,-0.00040260307652552053,-0.0007657981763168947,7.496190428668777e-05,-0.0007698949838111766,2.155742787511911e-05,-0.0002723426377019152,-5.005934683013675e-06,3.6640625
0.000636741721309349,0.0003001222798371037,0.00021553398976341113,0.0005983482504395702,4.746723173796955e-05,4.586700079210522e-05,0.0002750450029950586,-0.00040260307652633363,-0.0007657981763177322,7.496190428592616e-05,-0.0007698949838118026,2.1557427874335792e-05,-0.0002723426377026849,-5.005934683802822e-06,3.671875
0.0006367417213080576,0.0003001222798358509,0.00021553398976203637,0.000598348250438357,4.746723173659478e-05,4.5867000790784626e-05,0.00027504500299371966,-0.00040260307652762605,-0.0007657981763190359,7.496190428468595e-05,-0.0007698949838130951,2.1557427873041912e-05,-0.00027234263770393796,-5.005934685122602e-06,3.6796875
0.000636741721310648,0.00030012227983824085,0.00021553398976438315,0.0005983482504406236,4.746723173894158e-05,4.586700079338431e-05,0.0002750450029960083,-0.00040260307652511266,-0.000765798176316676,7.496190428716224e-05,-0.0007698949838106868,2.155742787543985e-05,-0.0002723426377016761,-5.005934682850403e-06,3.6875
0.0006367417213125518,0.0003001222798407649,0.00021553398976674525,0.0005983482504430083,4.746723174130367e-05,4.586700079566412e-05,0.00027504500299835755,-0.0004026030765229936,-0.0007657981763143061,7.496190428935721e-05,-0.0007698949838084282,2.1557427877772795e-05,-0.0002723426376993431,-5.005934680646234e-06,3.6953125
0.0006367417213115625,0.00030012227983941563,0.00021553398976561198,0.0005983482504417311,4.746723174017042e-05,4.586700079440925e-05,0.0002750450029974313,-0.0004026030765241974,-0.0007657981763155854,7.496190428822892e-05,-0.0007698949838095448,2.155742787660122e-05,-0.00027234263770035147,-5.005934681606306e-06,3.703125
0.0006367417213083918,0.00030012227983604675,0.00021553398976242928,0.0005983482504383187,4.74672317369877e-05,4.586700079131033e-05,0.0002750450029941559,-0.00040260307652741377,-0.0007657981763184948,7.496190428492316e-05,-0.000769894983812891,2.1557427873288944e-05,-0.000272342637703827,-5.005934684809665e-06,3.7109375
0.0006367417213075449,0.0003001222798354562,0.00021553398976157005,0.0005983482504377195,4.7467231736128474e-05,4.586700079050379e-05,0.0002750450029936428,-0.0004026030765278324,-0.0007657981763191154,7.496190428394463e-05,-0.0007698949838135441,2.1557427872587764e-05,-0.0002723426377040928,-5.005934685353904e-06,3.71875
0.0006367417213100757,0.00030012227983758344,0.00021553398976408334,0.0005983482504401062,4.746723173864176e-05,4.5867000792633584e-05,0.0002750450029956702,-0.0004026030765258014,-0.0007657981763170616,7.496190428660605e-05,-0.0007698949838113807,2.155742787487578e-05,-0.00027234263770202244,-5.005934683204159e-06,3.7265625
0.000636741721311774,0.00030012227983911195,0.00021553398976554075,0.000598348250441758,4.7467231740099175e-05,4.58670007944531e-05,0.0002750450029973489,-0.0004026030765241241,-0.0007657981763155411,7.496190428800467e-05,-0.0007698949838094079,2.1557427876439866e-05,-0.0002723426377003496,-5.005934681816349e-06,3.734375
0.0006367417213099387,0.00030012227983807404,0.00021553398976430148,0.000598348250440244,4.74672317388599e-05,4.5867000793042396e-05,0.0002750450029957289,-0.000402603076525611,-0.0007657981763167914,7.496190428698861e-05,-0.0007698949838110406,2.1557427875448255e-05,-0.0002723426377016677,-5.005934683231371e-06,3.7421875
0.0006367417213092005,0.0003001222798369739,0.00021553398976300358,0.0005983482504392572,4.7467231737562006e-05,4.586700079189779e-05,0.0002750450029946668,-0.00040260307652660685,-0.0007657981763180239,7.496190428573968e-05,-0.0007698949838120203,2.1557427874174836e-05,-0.00027234263770294114,-5.005934684265425e-06,3.75
0.0006367417213087018,0.00030012227983635797,0.00021553398976250818,0.0005983482504389046,4.74672317370666e-05,4.586700079142376e-05,0.00027504500299430616,-0.0004026030765270541,-0.0007657981763183538,7.496190428528401e-05,-0.00076989498381251,2.1557427873468004e-05,-0.0002723426377035391,-5.005934684591969e-06,3.7578125
0.0006367417213095883,0.0003001222798374428,0.00021553398976364188,0.0005983482504398197,4.746723173820031e-05,4.586700079247861e-05,0.00027504500299557034,-0.0004026030765259593,-0.0007657981763172945,7.496190428625073e-05,-0.000769894983811476,2.155742787458625e-05,-0.00027234263770214875,-5.005934683612338e-06,3.765625
0.0006367417213100283,0.0003001222798378232,0.00021553398976397812,0.0005983482504402288,4.746723173853653e-05,4.58670007927961e-05,0.00027504500299561365,-0.00040260307652560776,-0.0007657981763170464,7.496190428665146e-05,-0.0007698949838111494,2.1557427874988736e-05,-0.00027234263770193674,-5.005934683278992e-06,3.7734375
0.0006367417213118172,0.00030012227983974073,0.0002155339897655314,0.0005983482504421317,4.746723174008983e-05,4.5867000794708374e-05,0.00027504500299740746,-0.0004026030765239477,-0.0007657981763154061,7.496190428865787e-05,-0.0007698949838093126,2.1557427876897857e-05,-0.0002723426377002181,-5.005934681639471e-06,3.78125
0.000636741721311598,0.0003001222798394947,0.00021553398976550904,0.0005983482504418708,4.746723174006746e-05,4.586700079446533e-05,0.00027504500299721654,-0.00040260307652396107,-0.0007657981763155015,7.496190428850877e-05,-0.0007698949838094079,2.1557427876648843e-05,-0.00027234263770057595,-5.005934681707501e-06,3.7890625
0.0006367417213098659,0.0003001222798377024,0.00021553398976386924,0.0005983482504401599,4.746723173842766e-05,4.5867000792667655e-05,0.0002750450029956304,-0.00040260307652578036,-0.0007657981763172606,7.496190428652042e-05,-0.0007698949838111494,2.1557427874916403e-05,-0.0002723426377021451,-5.005934683340219e-06,3.796875
0.0006367417213087071,0.000300122279836611,0.00021553398976283548,0.0005983482504390335,4.746723173739389e-05,4.586700079155066e-05,0.0002750450029946739,-0.0004026030765269999,-0.000765798176318221,7.496190428536832e-05,-0.0007698949838124556,2.1557427873741833e-05,-0.00027234263770321084,-5.00593468431985e-06,3.8046875
0.0006367417213081616,0.0003001222798359592,0.00021553398976241887,0.0005983482504384737,4.746723173697729e-05,4.5867000790989236e-05,0.00027504500299413605,-0.00040260307652741735,-0.0007657981763187499,7.496190428473576e-05,-0.0007698949838127821,2.1557427873271675e-05,-0.0002723426377036266,-5.005934684809665e-06,3.8125
0.0006367417213098024,0.00030012227983756485,0.00021553398976379042,0.0005983482504399026,4.7467231738348845e-05,4.586700079258667e-05,0.0002750450029954538,-0.0004026030765258527,-0.000765798176317259,7.496190428626532e-05,-0.0007698949838115848,2.1557427874776656e-05,-0.0002723426377021216,-5.005934683449067e-06,3.8203125
0.0006367417213099386,0.0003001222798377626,0.00021553398976391404,0.000598348250440177,4.746723173847247e-05,4.586700079269296e-05,0.0002750450029957748,-0.000402603076525677,-0.0007657981763171994,7.496190428650259e-05,-0.0007698949838111903,2.155742787490268e-05,-0.00027234263770205,-5.005934683285794e-06,3.828125
0.0006367417213091199,0.00030012227983673803,0.00021553398976304104,0.0005983482504391952,4.746723173759947e-05,4.586700079186661e-05,0.00027504500299474634,-0.00040260307652649946,-0.0007657981763178703,7.496190428569181e-05,-0.0007698949838120203,2.1557427873979147e-05,-0.0002723426377028647,-5.005934683993306e-06,3.8359375
0.0006367417213087869,0.00030012227983650173,0.00021553398976288874,0.0005983482504390603,4.746723173744714e-05,4.586700079174203e-05,0.00027504500299489385,-0.0004026030765265378,-0.000765798176318114,7.496190428536922e-05,-0.0007698949838122379,2.1557427873498487e-05,-0.0002723426377031821,-5.005934684428698e-06,3.84375
0.0006367417213084968,0.0003001222798360917,0.00021553398976230313,0.0005983482504385669,4.746723173686155e-05,4.586700079121531e-05,0.0002750450029939652,-0.00040260307652735435,-0.0007657981763187019,7.496190428502458e-05,-0.0007698949838129998,2.1557427873303795e-05,-0.00027234263770380536,-5.0059346850817846e-06,3.8515625
0.0006367417213098679,0.0003001222798378022,0.00021553398976396234,0.0005983482504402355,4.746723173852077e-05,4.586700079269606e-05,0.0002750450029957083,-0.00040260307652560196,-0.000765798176317289,7.496190428657904e-05,-0.0007698949838112583,2.1557427874951443e-05,-0.0002723426377020557,-5.005934683340219e-06,3.859375
0.0006367417213108831,0.00030012227983870976,0.00021553398976496344,0.0005983482504414943,4.7467231739521844e-05,4.586700079393611e-05,0.0002750450029964548,-0.00040260307652461035,-0.000765798176315863,7.49619042876806e-05,-0.0007698949838099521,2.155742787609801e-05,-0.0002723426377009635,-5.005934682360588e-06,3.8671875
0.0006367417213114388,0.0003001222798391546,0.00021553398976536937,0.000598348250441397,4.746723173992781e-05,4.5867000794157424e-05,0.00027504500299700463,-0.0004026030765243035,-0.0007657981763158536,7.496190428787667e-05,-0.0007698949838097344,2.1557427876358206e-05,-0.00027234263770064887,-5.005934681816349e-06,3.875
0.0006367417213112977,0.0003001222798391108,0.00021553398976524354,0.0005983482504415584,4.7467231739801974e-05,4.586700079407263e-05,0.00027504500299692407,-0.00040260307652430753,-0.000765798176315778,7.496190428788823e-05,-0.0007698949838098841,2.1557427876355495e-05,-0.0002723426377007332,-5.0059346819183935e-06,3.8828125
0.0006367417213111664,0.0003001222798389606,0.00021553398976523506,0.0005983482504414958,4.746723173979348e-05,4.586700079406808e-05,0.00027504500299692624,-0.0004026030765244911,-0.000765798176315929,7.496190428776728e-05,-0.0007698949838099657,2.1557427876141108e-05,-0.0002723426377009204,-5.005934682034044e-06,3.890625
0.0006367417213109456,0.0003001222798386901,0.00021553398976482596,0.0005983482504411841,4.7467231739384374e-05,4.58670007937351e-05,0.0002750450029967335,-0.000402603076524666,-0.0007657981763161632,7.496190428757005e-05,-0.0007698949838101971,2.1557427875933178e-05,-0.00027234263770107393,-5.005934682312967e-06,3.8984375
0.0006367417213098441,0.00030012227983772347,0.00021553398976405464,0.0005983482504401851,4.746723173861306e-05,4.586700079285933e-05,0.00027504500299562845,-0.00040260307652566826,-0.0007657981763172593,7.496190428651218e-05,-0.0007698949838112583,2.1557427875025392e-05,-0.00027234263770211774,-5.005934683394642e-06,3.90625
0.0006367417213086221,0.00030012227983623627,0.0002155339897623217,0.0005983482504385331,4.746723173688013e-05,4.586700079127986e-05,0.00027504500299411404,-0.0004026030765271268,-0.0007657981763186159,7.49619042848972e-05,-0.0007698949838127821,2.15574278734943e-05,-0.0002723426377037577,-5.005934684864089e-06,3.9140625
0.0006367417213076449,0.00030012227983539357,0.00021553398976182104,0.0005983482504381281,4.746723173637947e-05,4.586700079061501e-05,0.0002750450029934045,-0.00040260307652795804,-0.0007657981763191735,7.496190428436382e-05,-0.0007698949838134353,2.1557427872732373e-05,-0.0002723426377043019,-5.0059346855171764e-06,3.921875
0.0006367417213080528,0.00030012227983587994,0.00021553398976211538,0.0005983482504383564,4.746723173667379e-05,4.5867000790852274e-05,0.0002750450029937892,-0.0004026030765277307,-0.000765798176318875,7.49619042846152e-05,-0.0007698949838130271,2.1557427873141273e-05,-0.000272342637703757,-5.0059346850817846e-06,3.9296875
0.0006367417213090035,0.00030012227983681165,0.00021553398976314198,0.0005983482504392957,4.746723173770041e-05,4.5867000791804224e-05,0.000275045002994955,-0.00040260307652658885,-0.0007657981763179863,7.496190428568355e-05,-0.0007698949838121019,2.155742787399828e-05,-0.00027234263770279114,-5.005934684102154e-06,3.9375
0.000636741721309609,0.0003001222798374573,0.00021553398976369858,0.0005983482504398578,4.7467231738257007e-05,4.58670007925618e-05,0.00027504500299547677,-0.0004026030765259141,-0.0007657981763173517,7.496190428630318e-05,-0.000769894983811476,2.1557427874695246e-05,-0.000272342637702203,-5.005934683449067e-06,3.9453125
0.0006367417213098685,0.00030012227983791033,0.00021553398976418872,0.0005983482504403065,4.7467231738747154e-05,4.586700079276808e-05,0.000275045002995759,-0.0004026030765255656,-0.0007657981763171422,7.496190428672279e-05,-0.0007698949838110406,2.1557427874959636e-05,-0.0002723426377018298,-5.005934683176947e-06,3.953125
0.0006367417213098913,0.0003001222798377289,0.0002155339897640738,0.0005983482504400539,4.7467231738632235e-05,4.586700079272873e-05,0.00027504500299571334,-0.00040260307652563513,-0.0007657981763173205,7.49619042865579e-05,-0.0007698949838112583,2.1557427874894566e-05,-0.00027234263770209893,-5.005934683340219e-06,3.9609375
0.0006367417213094199,0.0003001222798369625,0.0002155339897634728,0.0005983482504394865,4.7467231738031215e-05,4.5867000792208326e-05,0.00027504500299522784,-0.0004026030765262603,-0.0007657981763177186,7.496190428596431e-05,-0.0007698949838117209,2.1557427874276856e-05,-0.0002723426377027302,-5.005934683830034e-06,3.96875
0.0006367417213103886,0.0003001222798380709,0.00021553398976436873,0.0005983482504405274,4.7467231738927145e-05,4.586700079310165e-05,0.0002750450029961261,-0.0004026030765253021,-0.0007657981763167371,7.496190428689904e-05,-0.0007698949838107957,2.155742787527382e-05,-0.00027234263770162443,-5.005934682795979e-06,3.9765625
0.0006367417213118276,0.00030012227983962234,0.000215533989765854,0.0005983482504421201,4.746723174041243e-05,4.58670007946115e-05,0.00027504500299764366,-0.0004026030765238327,-0.0007657981763151895,7.496190428849435e-05,-0.0007698949838092718,2.155742787687704e-05,-0.00027234263770018445,-5.0059346813129276e-06,3.984375
0.000636741721311435,0.0003001222798392149,0.00021553398976543965,0.0005983482504416771,4.746723173999806e-05,4.5867000794249906e-05,0.0002750450029970841,-0.00040260307652432715,-0.0007657981763156419,7.496190428805308e-05,-0.0007698949838097344,2.1557427876549567e-05,-0.00027234263770062084,-5.005934681707501e-06,3.9921875
0.000636741721310728,0.0003001222798384599,0.00021553398976461975,0.0005983482504408532,4.746723173917816e-05,4.5867000793448864e-05,0.00027504500299626043,-0.0004026030765249043,-0.0007657981763164977,7.496190428718306e-05,-0.0007698949838106052,2.1557427875595764e-05,-0.0002723426377015746,-5.005934682687132e-06,4.0
0.0006367417213102497,0.00030012227983813275,0.00021553398976413503,0.0005983482504404709,4.7467231738693445e-05,4.5867000793056525e-05,0.000275045002995936,-0.000402603076525394,-0.000765798176316948,7.496190428684441e-05,-0.0007698949838109862,2.1557427875224892e-05,-0.0002723426377019999,-5.005934683095311e-06,4.0078125
0.0006367417213100832,0.0003001222798378933,0.00021553398976409621,0.0005983482504403421,4.746723173865463e-05,4.5867000792903794e-05,0.00027504500299582296,-0.0004026030765256897,-0.0007657981763169803,7.496190428669353e-05,-0.0007698949838110406,2.155742787511644e-05,-0.0002723426377019451,-5.005934683176947e-06,4.015625
0.0006367417213089228,0.0003001222798367416,0.00021553398976301215,0.0005983482504393073,4.7467231737570564e-05,4.5867000791826755e-05,0.000275045002994689,-0.00040260307652665884,-0.0007657981763179582,7.496190428557e-05,-0.0007698949838122379,2.1557427874080673e-05,-0.00027234263770289924,-5.005934684211002e-06,4.0234375
0.0006367417213080911,0.00030012227983614693,0.0002155339897623705,0.0005983482504385325,4.746723173692889e-05,4.586700079112864e-05,0.00027504500299389123,-0.00040260307652736926,-0.0007657981763186335,7.496190428485155e-05,-0.0007698949838128502,2.1557427873429528e-05,-0.00027234263770371364,-5.005934684932119e-06,4.03125
0.0006367417213098721,0.0003001222798376177,0.0002155339897638667,0.0005983482504399991,4.746723173842512e-05,4.586700079263084e-05,0.0002750450029955546,-0.00040260307652584335,-0.0007657981763171783,7.496190428633943e-05,-0.0007698949838113671,2.1557427874865452e-05,-0.0002723426377022641,-5.005934683394642e-06,4.0390625
0.0006367417213096195,0.0003001222798373117,0.0002155339897636164,0.0005983482504398462,4.7467231738174824e-05,4.5867000792468325e-05,0.0002750450029954409,-0.00040260307652605765,-0.0007657981763173391,7.496190428620764e-05,-0.000769894983811476,2.1557427874415905e-05,-0.0002723426377025096,-5.005934683557915e-06,4.046875
0.000636741721309057,0.00030012227983683355,0.00021553398976289427,0.0005983482504392502,4.7467231737452684e-05,4.5867000791861395e-05,0.000275045002994669,-0.00040260307652675804,-0.0007657981763181375,7.496190428555086e-05,-0.0007698949838122039,2.1557427873944145e-05,-0.0002723426377030085,-5.0059346843334555e-06,4.0546875
0.0006367417213080004,0.0003001222798357371,0.0002155339897620682,0.0005983482504383417,4.746723173662661e-05,4.58670007908797e-05,0.0002750450029936558,-0.00040260307652756626,-0.0007657981763190555,7.496190428460746e-05,-0.0007698949838129998,2.1557427873045785e-05,-0.0002723426377039613,-5.0059346850817846e-06,4.0625
0.0006367417213095372,0.0003001222798373605,0.00021553398976351817,0.0005983482504399498,4.746723173807659e-05,4.586700079243002e-05,0.0002750450029952621,-0.0004026030765259275,-0.0007657981763175033,7.496190428608799e-05,-0.0007698949838115848,2.1557427874796768e-05,-0.00027234263770226476,-5.005934683666763e-06,4.0703125
0.0006367417213108666,0.00030012227983861593,0.00021553398976508026,0.0005983482504411459,4.746723173963869e-05,4.586700079375712e-05,0.0002750450029967776,-0.00040260307652474885,-0.0007657981763161147,7.496190428741024e-05,-0.0007698949838101426,2.155742787587159e-05,-0.00027234263770105387,-5.005934682197316e-06,4.078125
0.0006367417213106318,0.00030012227983851645,0.00021553398976472248,0.0005983482504408285,4.746723173928089e-05,4.5867000793426475e-05,0.00027504500299648654,-0.00040260307652497046,-0.00076579817631639,7.496190428717452e-05,-0.0007698949838104963,2.1557427875527205e-05,-0.0002723426377014663,-5.005934682469436e-06,4.0859375
0.000636741721309664,0.0003001222798374728,0.0002155339897636624,0.0005983482504398937,4.746723173822084e-05,4.5867000792469856e-05,0.0002750450029955222,-0.0004026030765260142,-0.0007657981763173714,7.496190428634045e-05,-0.000769894983811476,2.15574278746958e-05,-0.00027234263770242013,-5.005934683557915e-06,4.09375
0.0006367417213090296,0.00030012227983692154,0.00021553398976305186,0.0005983482504393343,4.746723173761027e-05,4.586700079184132e-05,0.0002750450029947428,-0.0004026030765265437,-0.0007657981763180794,7.496190428570375e-05,-0.0007698949838119794,2.1557427874153796e-05,-0.0002723426377030166,-5.005934684142971e-06,4.1015625
0.0006367417213109347,0.0003001222798387569,0.00021553398976498128,0.0005983482504412608,4.7467231739539706e-05,4.586700079372369e-05,0.00027504500299665617,-0.00040260307652471795,-0.0007657981763162927,7.496190428762291e-05,-0.0007698949838102243,2.1557427876023665e-05,-0.0002723426377008746,-5.005934682142892e-06,4.109375
0.0006367417213115638,0.0003001222798394862,0.00021553398976559163,0.0005983482504420701,4.746723174015003e-05,4.5867000794393536e-05,0.00027504500299747734,-0.00040260307652395966,-0.0007657981763155258,7.496190428826383e-05,-0.0007698949838094079,2.1557427876758147e-05,-0.00027234263770052104,-5.005934681598653e-06,4.1171875
0.0006367417213109322,0.00030012227983873676,0.00021553398976484721,0.0005983482504411855,4.746723173940564e-05,4.586700079376907e-05,0.00027504500299651907,-0.00040260307652479173,-0.0007657981763162944,7.496190428750427e-05,-0.0007698949838101971,2.155742787591092e-05,-0.00027234263770131386,-5.005934682333376e-06,4.125
0.0006367417213097575,0.0003001222798374658,0.00021553398976368682,0.0005983482504399036,4.746723173824524e-05,4.5867000792505784e-05,0.00027504500299538255,-0.00040260307652588835,-0.0007657981763173764,7.496190428628435e-05,-0.0007698949838115032,2.155742787460512e-05,-0.00027234263770237475,-5.00593468350349e-06,4.1328125
0.0006367417213102186,0.00030012227983802254,0.0002155339897642994,0.0005983482504403411,4.746723173885781e-05,4.5867000792961156e-05,0.00027504500299610317,-0.0004026030765254845,-0.0007657981763168777,7.496190428672932e-05,-0.0007698949838110134,2.1557427875099874e-05,-0.0002723426377017984,-5.005934682959251e-06,4.140625
0.0006367417213099527,0.0003001222798377201,0.0002155339897641562,0.0005983482504402661,4.7467231738714635e-05,4.586700079276555e-05,0.00027504500299567323,-0.0004026030765256336,-0.0007657981763169905,7.496190428654368e-05,-0.0007698949838112855,2.1557427875017095e-05,-0.0002723426377019356,-5.005934683204159e-06,4.1484375
0.0006367417213093111,0.00030012227983708617,0.00021553398976339362,0.000598348250439573,4.746723173795205e-05,4.586700079209452e-05,0.000275045002995109,-0.00040260307652631715,-0.0007657981763176815,7.496190428592224e-05,-0.000769894983811857,2.1557427874311476e-05,-0.00027234263770258677,-5.00593468377561e-06,4.15625
0.0006367417213084379,0.0003001222798363239,0.0002155339897626279,0.0005983482504388058,4.746723173718632e-05,4.5867000791289716e-05,0.00027504500299426924,-0.0004026030765271833,-0.0007657981763184409,7.496190428508532e-05,-0.0007698949838126733,2.1557427873537362e-05,-0.0002723426377034153,-5.005934684700817e-06,4.1640625
0.0006367417213079743,0.00030012227983583197,0.00021553398976195817,0.0005983482504383918,4.746723173651661e-05,4.5867000790885755e-05,0.0002750450029936397,-0.0004026030765277531,-0.0007657981763189279,7.496190428462315e-05,-0.00076989498381317,2.1557427873066242e-05,-0.000272342637703832,-5.005934685102194e-06,4.171875
0.0006367417213085856,0.00030012227983638025,0.00021553398976232048,0.0005983482504387783,4.7467231736878925e-05,4.586700079136826e-05,0.00027504500299417025,-0.0004026030765270975,-0.0007657981763185904,7.496190428516152e-05,-0.0007698949838126189,2.155742787362586e-05,-0.0002723426377037078,-5.005934684918513e-06,4.1796875
0.0006367417213083209,0.00030012227983601227,0.00021553398976204805,0.0005983482504385524,4.746723173660648e-05,4.5867000791102474e-05,0.00027504500299375885,-0.0004026030765271722,-0.0007657981763188339,7.496190428487462e-05,-0.0007698949838129454,2.1557427873264546e-05,-0.00027234263770396024,-5.0059346851906325e-06,4.1875
0.000636741721308619,0.0003001222798364637,0.0002155339897625863,0.0005983482504388955,4.7467231737144744e-05,4.586700079148846e-05,0.0002750450029941905,-0.00040260307652693905,-0.0007657981763185364,7.496190428526115e-05,-0.0007698949838124828,2.1557427873672525e-05,-0.0002723426377034434,-5.005934684646393e-06,4.1953125
0.0006367417213109166,0.000300122279838772,0.0002155339897649558,0.000598348250441221,4.746723173951423e-05,4.5867000793718525e-05,0.00027504500299664923,-0.0004026030765247296,-0.0007657981763160858,7.496190428755607e-05,-0.0007698949838101699,2.1557427875977508e-05,-0.000272342637701084,-5.005934682306164e-06,4.203125
0.0006367417213114186,0.000300122279839257,0.00021553398976552018,0.0005983482504416371,4.7467231740078595e-05,4.586700079421602e-05,0.0002750450029972435,-0.00040260307652414826,-0.0007657981763156304,7.496190428804572e-05,-0.0007698949838097344,2.1557427876368455e-05,-0.00027234263770052977,-5.005934681707501e-06,4.2109375
0.0006367417213107493,0.00030012227983851477,0.00021553398976497553,0.0005983482504409993,4.7467231739533946e-05,4.586700079373582e-05,0.0002750450029965728,-0.0004026030765248862,-0.0007657981763163499,7.496190428718026e-05,-0.0007698949838102786,2.1557427875581764e-05,-0.00027234263770126204,-5.005934682360588e-06,4.21875
0.0006367417213093742,0.000300122279837192,0.00021553398976356254,0.0005983482504396573,4.7467231738120966e-05,4.5867000792231894e-05,0.00027504500299530015,-0.0004026030765261352,-0.0007657981763177056,7.496190428603795e-05,-0.0007698949838118026,2.1557427874385767e-05,-0.00027234263770251245,-5.005934683612338e-06,4.2265625
0.000636741721309038,0.00030012227983692376,0.00021553398976355737,0.0005983482504395477,4.7467231738115776e-05,4.586700079182305e-05,0.0002750450029949502,-0.0004026030765264533,-0.0007657981763177651,7.496190428589667e-05,-0.0007698949838119114,2.1557427874149252e-05,-0.0002723426377026401,-5.005934683830034e-06,4.234375
0.0006367417213107254,0.00030012227983894845,0.0002155339897648517,0.0005983482504410512,4.7467231739410144e-05,4.5867000793761514e-05,0.0002750450029966735,-0.00040260307652499594,-0.0007657981763163186,7.496190428720511e-05,-0.0007698949838103875,2.1557427876164967e-05,-0.0002723426377011415,-5.005934682469436e-06,4.2421875
0.0006367417213111701,0.0003001222798390822,0.00021553398976525642,0.0005983482504413035,4.7467231739814815e-05,4.5867000794051124e-05,0.0002750450029967805,-0.0004026030765243822,-0.0007657981763161013,7.4961904288212e-05,-0.0007698949838097344,2.1557427876292493e-05,-0.0002723426377004969,-5.005934682034044e-06,4.25
0.0006367417213114125,0.00030012227983902017,0.0002155339897653557,0.0005983482504414503,4.746723173991415e-05,4.586700079419221e-05,0.0002750450029968442,-0.00040260307652451694,-0.0007657981763158772,7.496190428777272e-05,-0.0007698949838096256,2.1557427876707583e-05,-0.0002723426377007893,-5.005934682034044e-06,4.2578125
0.0006367417213109725,0.0003001222798389724,0.00021553398976508628,0.0005983482504414194,4.746723173964469e-05,4.586700079376831e-05,0.00027504500299666956,-0.0004026030765246768,-0.000765798176316307,7.496190428778748e-05,-0.0007698949838101699,2.1557427876178858e-05,-0.00027234263770085546,-5.005934682360588e-06,4.265625
0.0006367417213097219,0.0003001222798376774,0.0002155339897637634,0.0005983482504400105,4.7467231738321815e-05,4.5867000792588644e-05,0.00027504500299546246,-0.0004026030765259667,-0.0007657981763171305,7.496190428639867e-05,-0.0007698949838113263,2.155742787489104e-05,-0.00027234263770219765,-5.005934683394642e-06,4.2734375
0.0006367417213087788,0.00030012227983660305,0.00021553398976273026,0.0005983482504389147,4.746723173728868e-05,4.586700079152128e-05,0.0002750450029943978,-0.00040260307652689704,-0.0007657981763181474,7.496190428528263e-05,-0.0007698949838123467,2.155742787380965e-05,-0.0002723426377032519,-5.005934684428698e-06,4.28125
0.0006367417213075427,0.00030012227983570544,0.00021553398976131296,0.0005983482504378604,4.746723173587138e-05,4.5867000789874005e-05,0.00027504500299308854,-0.0004026030765279646,-0.0007657981763194445,7.496190428424062e-05,-0.0007698949838135441,2.1557427872899736e-05,-0.00027234263770432507,-5.0059346859525675e-06,4.2890625
0.000636741721306856,0.0003001222798343507,0.0002155339897609805,0.0005983482504373924,4.746723173553889e-05,4.586700079003723e-05,0.00027504500299241157,-0.0004026030765285733,-0.0007657981763197118,7.496190428354895e-05,-0.0007698949838139795,2.155742787171417e-05,-0.00027234263770507523,-5.0059346866056544e-06,4.296875
0.0006367417213083628,0.0003001222798362117,0.00021553398976239388,0.0005983482504387669,4.746723173695232e-05,4.58670007913207e-05,0.00027504500299438243,-0.00040260307652698773,-0.0007657981763180451,7.49619042852167e-05,-0.00076989498381251,2.155742787366293e-05,-0.00027234263770367076,-5.005934684755241e-06,4.3046875
0.0006367417213095657,0.00030012227983725303,0.00021553398976354972,0.0005983482504397394,4.7467231738108146e-05,4.5867000792392044e-05,0.00027504500299529083,-0.0004026030765260955,-0.000765798176317617,7.496190428611053e-05,-0.0007698949838116393,2.155742787448367e-05,-0.00027234263770265947,-5.0059346836939744e-06,4.3125
0.000636741721309877,0.00030012227983768004,0.00021553398976390266,0.0005983482504400526,4.746723173846108e-05,4.5867000792673185e-05,0.00027504500299565014,-0.00040260307652577207,-0.0007657981763172733,7.496190428649531e-05,-0.0007698949838112311,2.1557427874866133e-05,-0.00027234263770214095,-5.005934683313007e-06,4.3203125
0.000636741721310003,0.0003001222798378079,0.00021553398976418132,0.0005983482504402661,4.7467231738739734e-05,4.586700079284925e-05,0.0002750450029957819,-0.0004026030765256211,-0.0007657981763171788,7.496190428664828e-05,-0.0007698949838111494,2.155742787489146e-05,-0.0002723426377018979,-5.005934683040887e-06,4.328125
0.0006367417213098053,0.00030012227983760166,0.00021553398976379557,0.00059834825043991,4.746723173835398e-05,4.586700079260767e-05,0.0002750450029956672,-0.0004026030765258951,-0.0007657981763172264,7.496190428636561e-05,-0.0007698949838113127,2.155742787472053e-05,-0.00027234263770217776,-5.005934683394642e-06,4.3359375
0.0006367417213109832,0.0003001222798388612,0.0002155339897652365,0.0005983482504413418,4.7467231739794914e-05,4.5867000793821836e-05,0.0002750450029969267,-0.0004026030765247535,-0.0007657981763158399,7.496190428769768e-05,-0.0007698949838103875,2.155742787607981e-05,-0.000272342637700764,-5.005934681925196e-06,4.34375
0.0006367417213110421,0.00030012227983885966,0.00021553398976484017,0.0005983482504411162,4.74672317393986e-05,4.586700079382698e-05,0.00027504500299634164,-0.00040260307652491197,-0.0007657981763159379,7.49619042876148e-05,-0.000769894983810333,2.1557427876017095e-05,-0.0002723426377010988,-5.005934682142892e-06,4.3515625
0.000636741721311307,0.00030012227983906403,0.00021553398976496734,0.0005983482504417178,4.7467231739525754e-05,4.586700079408119e-05,0.0002750450029973569,-0.00040260307652423397,-0.0007657981763161789,7.496190428829343e-05,-0.0007698949838098433,2.1557427876702308e-05,-0.0002723426377002912,-5.005934681707501e-06,4.359375
0.0006367417213110388,0.0003001222798391471,0.00021553398976499347,0.00059834825044129,4.746723173955191e-05,4.5867000793707215e-05,0.00027504500299688396,-0.00040260307652489186,-0.0007657981763161269,7.496190428773518e-05,-0.0007698949838102786,2.155742787592263e-05,-0.0002723426377010573,-5.00593468225174e-06,4.3671875
0.0006367417213099173,0.0003001222798377373,0.00021553398976385338,0.0005983482504401312,4.7467231738411804e-05,4.5867000792758816e-05,0.0002750450029955778,-0.0004026030765257363,-0.0007657981763171456,7.496190428654798e-05,-0.0007698949838111766,2.1557427875003885e-05,-0.00027234263770211205,-5.0059346833810364e-06,4.375
0.000636741721310646,0.0003001222798384083,0.00021553398976451602,0.0005983482504408911,4.746723173907444e-05,4.586700079341203e-05,0.00027504500299629686,-0.0004026030765250454,-0.0007657981763164515,7.496190428729013e-05,-0.0007698949838103875,2.155742787563825e-05,-0.0002723426377014777,-5.005934682687132e-06,4.3828125
0.0006367417213114781,0.0003001222798392017,0.00021553398976548432,0.0005983482504417643,4.746723174004272e-05,4.586700079427925e-05,0.00027504500299712156,-0.00040260307652411405,-0.0007657981763155359,7.496190428807383e-05,-0.0007698949838096256,2.1557427876412202e-05,-0.00027234263770054045,-5.0059346817619245e-06,4.390625
0.0006367417213110838,0.0003001222798385472,0.00021553398976494203,0.0005983482504413055,4.746723173950045e-05,4.586700079373529e-05,0.0002750450029965456,-0.0004026030765246921,-0.0007657981763162348,7.496190428761666e-05,-0.0007698949838102515,2.1557427875756013e-05,-0.00027234263770114223,-5.005934682442224e-06,4.3984375
0.0006367417213083596,0.0003001222798361601,0.00021553398976197814,0.0005983482504384827,4.746723173653656e-05,4.586700079092374e-05,0.0002750450029935806,-0.0004026030765271878,-0.0007657981763187952,7.496190428458717e-05,-0.0007698949838132175,2.1557427873357984e-05,-0.0002723426377039212,-5.0059346850817846e-06,4.40625
0.0006367417213065026,0.00030012227983407827,0.0002155339897603272,0.0005983482504363849,4.746723173488564e-05,4.586700078908458e-05,0.0002750450029918657,-0.00040260307652936246,-0.0007657981763207453,7.496190428294968e-05,-0.0007698949838147414,2.155742787108791e-05,-0.0002723426377059192,-5.005934687149894e-06,4.4140625
0.0006367417213079157,0.0003001222798355952,0.00021553398976189818,0.0005983482504382224,4.7467231736456594e-05,4.586700079092104e-05,0.00027504500299365813,-0.0004026030765274587,-0.0007657981763190133,7.49619042847939e-05,-0.0007698949838134353,2.1557427872815904e-05,-0.0002723426377041912,-5.0059346852994805e-06,4.421875
0.0006367417213098875,0.0003001222798377051,0.00021553398976402124,0.0005983482504400613,4.746723173857965e-05,4.586700079285383e-05,0.000275045002995813,-0.00040260307652562207,-0.000765798176317029,7.496190428655096e-05,-0.0007698949838112039,2.1557427874789975e-05,-0.0002723426377018906,-5.005934683176947e-06,4.4296875
0.0006367417213109887,0.0003001222798387177,0.0002155339897651382,0.0005983482504411941,4.7467231739696603e-05,4.5867000793864194e-05,0.0002750450029967029,-0.00040260307652478404,-0.0007657981763159934,7.496190428768144e-05,-0.0007698949838099521,2.155742787607696e-05,-0.00027234263770087574,-5.005934682034044e-06,4.4375
0.0006367417213107174,0.0003001222798387367,0.00021553398976490522,0.0005983482504410538,4.7467231739463656e-05,4.5867000793621164e-05,0.0002750450029967582,-0.00040260307652460574,-0.0007657981763163777,7.49619042873336e-05,-0.0007698949838103875,2.155742787592263e-05,-0.00027234263770081236,-5.005934682469436e-06,4.4453125
0.0006367417213108412,0.00030012227983877764,0.00021553398976531526,0.000598348250441587,4.7467231739873694e-05,4.586700079379221e-05,0.0002750450029971233,-0.0004026030765245672,-0.0007657981763158209,7.496190428772473e-05,-0.0007698949838101699,2.1557427875996665e-05,-0.0002723426377006839,-5.005934681598653e-06,4.453125
0.0006367417213102196,0.00030012227983808104,0.00021553398976430883,0.0005983482504407398,4.746723173886723e-05,4.586700079299511e-05,0.0002750450029964399,-0.0004026030765250044,-0.0007657981763167273,7.496190428710363e-05,-0.0007698949838106052,2.1557427875291737e-05,-0.0002723426377018786,-5.005934683013675e-06,4.4609375
0.0006367417213104888,0.00030012227983828405,0.00021553398976441164,0.0005983482504406491,4.7467231738970066e-05,4.5867000793392946e-05,0.00027504500299612957,-0.00040260307652548725,-0.0007657981763167087,7.496190428720769e-05,-0.0007698949838106052,2.1557427875463207e-05,-0.0002723426377015983,-5.005934682850403e-06,4.46875
0.0006367417213097649,0.00030012227983775724,0.00021553398976387124,0.0005983482504401019,4.7467231738429686e-05,4.586700079277772e-05,0.0002750450029955617,-0.00040260307652588477,-0.000765798176317521,7.49619042863543e-05,-0.0007698949838112583,2.1557427874861563e-05,-0.0002723426377022544,-5.005934683551111e-06,4.4765625
0.0006367417213102032,0.000300122279837992,0.00021553398976412711,0.0005983482504406105,4.7467231738685524e-05,4.586700079302303e-05,0.0002750450029959336,-0.0004026030765252708,-0.0007657981763168122,7.496190428698236e-05,-0.0007698949838108501,2.1557427875412368e-05,-0.0002723426377018124,-5.005934683013675e-06,4.484375
0.0006367417213104336,0.00030012227983830693,0.00021553398976432045,0.0005983482504408213,4.746723173887889e-05,4.586700079324998e-05,0.00027504500299609097,-0.0004026030765250693,-0.0007657981763166952,7.496190428694181e-05,-0.0007698949838106868,2.1557427875488774e-05,-0.00027234263770157277,-5.005934682904827e-06,4.4921875
0.0006367417213091804,0.0003001222798370418,0.00021553398976293091,0.0005983482504394042,4.746723173748934e-05,4.5867000792004225e-05,0.00027504500299474743,-0.0004026030765264549,-0.0007657981763180145,7.496190428587082e-05,-0.0007698949838121291,2.155742787409523e-05,-0.0002723426377030207,-5.00593468431985e-06,4.5
0.0006367417213085471,0.0003001222798365584,0.00021553398976253594,0.0005983482504390809,4.746723173709434e-05,4.586700079167389e-05,0.0002750450029945095,-0.000402603076526935,-0.0007657981763181547,7.496190428542837e-05,-0.0007698949838123467,2.155742787367651e-05,-0.0002723426377035483,-5.005934684646393e-06,4.5078125
0.0006367417213096021,0.000300122279837163,0.00021553398976344548,0.0005983482504391408,4.746723173800389e-05,4.5867000791995565e-05,0.0002750450029948117,-0.00040260307652638437,-0.0007657981763175345,7.496190428607614e-05,-0.0007698949838119114,2.1557427874237476e-05,-0.0002723426377029873,-5.00593468377561e-06,4.515625
0.0006367417213095005,0.00030012227983713653,0.00021553398976336609,0.000598348250439791,4.7467231737924495e-05,4.5867000792378044e-05,0.0002750450029954254,-0.0004026030765264888,-0.0007657981763176596,7.496190428593799e-05,-0.0007698949838116937,2.1557427874019842e-05,-0.0002723426377026607,-5.005934683666763e-06,4.5234375
0.0006367417213096042,0.00030012227983736893,0.00021553398976375125,0.0005983482504399136,4.746723173830967e-05,4.5867000792523565e-05,0.00027504500299542565,-0.0004026030765260921,-0.0007657981763172831,7.49619042862458e-05,-0.000769894983811476,2.1557427874611248e-05,-0.0002723426377022326,-5.005934683449067e-06,4.53125
0.0006367417213096783,0.00030012227983750424,0.00021553398976393047,0.0005983482504399256,4.746723173848888e-05,4.586700079253116e-05,0.00027504500299549255,-0.0004026030765259968,-0.0007657981763171942,7.496190428632055e-05,-0.000769894983811476,2.155742787484707e-05,-0.0002723426377022961,-5.005934683449067e-06,4.5390625
0.0006367417213106266,0.00030012227983832823,0.00021553398976473364,0.000598348250440856,4.746723173929207e-05,4.5867000793548834e-05,0.0002750450029963131,-0.0004026030765250751,-0.0007657981763166383,7.496190428698202e-05,-0.000769894983810714,2.1557427875558993e-05,-0.00027234263770144814,-5.005934682578284e-06,4.546875
0.000636741721311772,0.00030012227983938593,0.00021553398976577757,0.0005983482504424515,4.746723174033599e-05,4.586700079454521e-05,0.00027504500299752174,-0.00040260307652367083,-0.0007657981763153638,7.496190428840733e-05,-0.0007698949838090813,2.1557427877004502e-05,-0.0002723426377000026,-5.005934681163261e-06,4.5546875
0.0006367417213121402,0.00030012227983986265,0.00021553398976598828,0.0005983482504420693,4.746723174054671e-05,4.5867000794453546e-05,0.00027504500299734485,-0.0004026030765233149,-0.0007657981763152254,7.496190428843647e-05,-0.0007698949838090813,2.1557427877287702e-05,-0.00027234263769982823,-5.005934681272109e-06,4.5625
0.0006367417213109731,0.00030012227983886546,0.00021553398976508636,0.0005983482504412694,4.746723173964477e-05,4.586700079377608e-05,0.00027504500299668734,-0.00040260307652461815,-0.0007657981763160454,7.496190428773847e-05,-0.0007698949838101154,2.1557427875916288e-05,-0.00027234263770098193,-5.005934682142892e-06,4.5703125
0.0006367417213099577,0.00030012227983774884,0.00021553398976407767,0.000598348250440104,4.74672317386361e-05,4.586700079285291e-05,0.0002750450029956949,-0.0004026030765257609,-0.0007657981763170325,7.496190428649451e-05,-0.0007698949838111222,2.1557427874994066e-05,-0.000272342637701877,-5.005934683231371e-06,4.578125
0.0006367417213098434,0.0003001222798376735,0.0002155339897639989,0.0005983482504402242,4.7467231738557344e-05,4.586700079263639e-05,0.0002750450029956159,-0.00040260307652579364,-0.0007657981763172676,7.496190428652793e-05,-0.000769894983811476,2.155742787478091e-05,-0.00027234263770200846,-5.005934683340219e-06,4.5859375
0.0006367417213091049,0.00030012227983678384,0.00021553398976297659,0.0005983482504391902,4.746723173753501e-05,4.5867000791789255e-05,0.0002750450029947233,-0.00040260307652671576,-0.0007657981763181473,7.49619042856452e-05,-0.0007698949838121563,2.1557427874012063e-05,-0.0002723426377028862,-5.005934684170184e-06,4.59375
0.0006367417213082055,0.00030012227983577955,0.0002155339897620137,0.0005983482504383678,4.746723173657214e-05,4.586700079086009e-05,0.00027504500299369966,-0.0004026030765273443,-0.0007657981763188887,7.496190428468044e-05,-0.0007698949838131087,2.155742787304144e-05,-0.00027234263770374795,-5.0059346851906325e-06,4.6015625
0.0006367417213063213,0.0003001222798344879,0.00021553398976022458,0.0005983482504365786,4.746723173478301e-05,4.586700078948298e-05,0.00027504500299185147,-0.00040260307652903617,-0.0007657981763206287,7.496190428272391e-05,-0.0007698949838149591,2.1557427871699253e-05,-0.0002723426377050902,-5.0059346866056544e-06,4.609375
0.0006367417213063484,0.00030012227983354793,0.00021553398975960537,0.0005983482504364014,4.746723173416379e-05,4.586700078892109e-05,0.0002750450029919435,-0.00040260307652984097,-0.0007657981763212285,7.496190428258477e-05,-0.0007698949838151768,2.155742787062616e-05,-0.00027234263770616323,-5.005934687258742e-06,4.6171875
0.0006367417213080348,0.00030012227983553365,0.00021553398976175664,0.0005983482504386382,4.746723173631507e-05,4.586700079055421e-05,0.0002750450029935483,-0.0004026030765278343,-0.0007657981763189225,7.496190428478197e-05,-0.0007698949838132175,2.1557427872801247e-05,-0.0002723426377042058,-5.0059346851906325e-06,4.625
0.0006367417213101686,0.00030012227983791586,0.00021553398976423703,0.0005983482504404976,4.7467231738795455e-05,4.5867000793019486e-05,0.0002750450029959238,-0.00040260307652533747,-0.00076579817631681,7.496190428694208e-05,-0.0007698949838109317,2.1557427875222687e-05,-0.0002723426377016211,-5.005934683013675e-06,4.6328125
0.0006367417213117717,0.00030012227983955203,0.00021553398976594597,0.0005983482504420539,4.7467231740504395e-05,4.586700079453557e-05,0.00027504500299753085,-0.0004026030765238663,-0.0007657981763152904,7.496190428843271e-05,-0.0007698949838094079,2.1557427876774854e-05,-0.0002723426377001506,-5.005934681380957e-06,4.640625
0.0006367417213125587,0.0003001222798404915,0.0002155339897667337,0.00059834825044306,4.7467231741292115e-05,4.58670007953856e-05,0.0002750450029986667,-0.00040260307652315665,-0.0007657981763144068,7.496190428940378e-05,-0.0007698949838084282,2.1557427877667854e-05,-0.0002723426376990671,-5.005934680292478e-06,4.6484375
0.000636741721313345,0.0003001222798419129,0.00021553398976744548,0.0005983482504440103,4.74672317420039e-05,4.586700079560859e-05,0.00027504500299923565,-0.00040260307652224386,-0.0007657981763138025,7.496190429057069e-05,-0.0007698949838077752,2.1557427878926945e-05,-0.00027234263769764476,-5.005934679639391e-06,4.65625
0.0006367417213150541,0.00030012227984205236,0.00021553398976855665,0.0005983482504445097,4.746723174311507e-05,4.586700079721356e-05,0.0002750450029998277,-0.0004026030765211038,-0.000765798176312671,7.49619042912295e-05,-0.0007698949838069043,2.1557427880050043e-05,-0.0002723426376976101,-5.005934678986304e-06,4.6640625
0.0006367417213128784,0.00030012227984045826,0.00021553398976669418,0.000598348250442743,4.746723174125258e-05,4.5867000795294765e-05,0.0002750450029986895,-0.0004026030765229606,-0.0007657981763146196,7.496190428908361e-05,-0.0007698949838083193,2.1557427878127488e-05,-0.0002723426376990973,-5.005934680292478e-06,4.671875
0.0006367417213097167,0.0003001222798375996,0.00021553398976386384,0.0005983482504401384,4.746723173842226e-05,4.5867000792615254e-05,0.00027504500299545704,-0.0004026030765259101,-0.00076579817631727,7.496190428638265e-05,-0.0007698949838112583,2.1557427874817605e-05,-0.00027234263770202624,-5.005934683449067e-06,4.6796875
0.0006367417213075131,0.0003001222798354058,0.00021553398976151782,0.0005983482504379187,4.746723173607623e-05,4.586700079042528e-05,0.00027504500299328305,-0.0004026030765280236,-0.0007657981763193967,7.496190428417021e-05,-0.0007698949838133944,2.1557427872620012e-05,-0.00027234263770433266,-5.005934685721266e-06,4.6875
0.0006367417213078861,0.0003001222798354329,0.00021553398976154314,0.0005983482504375692,4.746723173610156e-05,4.586700079066918e-05,0.00027504500299346194,-0.00040260307652819136,-0.0007657981763194092,7.496190428392866e-05,-0.0007698949838134353,2.1557427872865658e-05,-0.00027234263770403255,-5.0059346857348715e-06,4.6953125
0.0006367417213086578,0.00030012227983618585,0.0002155339897621007,0.0005983482504389738,4.746723173665914e-05,4.58670007909979e-05,0.0002750450029943404,-0.00040260307652716483,-0.0007657981763187719,7.496190428515398e-05,-0.0007698949838125644,2.1557427873362528e-05,-0.0002723426377037534,-5.005934684646393e-06,4.703125
0.0006367417213081406,0.00030012227983621567,0.000215533989762269,0.000598348250438195,4.746723173682745e-05,4.5867000791069765e-05,0.0002750450029939133,-0.00040260307652738753,-0.0007657981763188887,7.496190428482527e-05,-0.0007698949838131087,2.155742787294218e-05,-0.00027234263770362956,-5.0059346854083285e-06,4.7109375
0.0006367417213065343,0.00030012227983400433,0.00021553398976029468,0.0005983482504365058,4.746723173485311e-05,4.5867000789168244e-05,0.0002750450029919597,-0.00040260307652925035,-0.0007657981763206907,7.496190428290172e-05,-0.0007698949838148502,2.1557427871291722e-05,-0.00027234263770571534,-5.005934687041046e-06,4.71875
0.0006367417213073715,0.00030012227983501497,0.00021553398976130027,0.000598348250437353,4.74672317358587e-05,4.5867000789971414e-05,0.0002750450029929377,-0.0004026030765284845,-0.0007657981763197989,7.496190428384086e-05,-0.0007698949838138979,2.1557427872210502e-05,-0.0002723426377047966,-5.005934685925356e-06,4.7265625
0.0006367417213090773,0.0003001222798367248,0.00021553398976304852,0.0005983482504391438,4.7467231737606926e-05,4.586700079163242e-05,0.0002750450029949279,-0.0004026030765267739,-0.0007657981763179019,7.496190428555554e-05,-0.0007698949838122108,2.1557427873941963e-05,-0.0002723426377028474,-5.00593468404773e-06,4.734375
0.0006367417213107676,0.00030012227983851043,0.00021553398976496415,0.0005983482504409582,4.746723173952256e-05,4.586700079353748e-05,0.0002750450029967136,-0.0004026030765248538,-0.0007657981763161859,7.496190428732608e-05,-0.0007698949838104147,2.1557427875771442e-05,-0.00027234263770107236,-5.005934682360588e-06,4.7421875
0.0006367417213116136,0.00030012227983962776,0.00021553398976585482,0.0005983482504420023,4.746723174041322e-05,4.58670007946095e-05,0.00027504500299750277,-0.0004026030765240718,-0.000765798176315267,7.496190428835255e-05,-0.0007698949838095065,2.1557427876852453e-05,-0.0002723426377001274,-5.005934681448987e-06,4.75
0.0006367417213123902,0.0003001222798402489,0.00021553398976631403,0.0005983482504426341,4.7467231740872455e-05,4.5867000795381e-05,0.00027504500299822143,-0.00040260307652332486,-0.0007657981763150451,7.496190428910704e-05,-0.0007698949838086187,2.155742787751375e-05,-0.00027234263769971103,-5.005934680918353e-06,4.7578125
0.0006367417213119979,0.00030012227983979906,0.00021553398976565324,0.0005983482504419769,4.7467231740211654e-05,4.586700079463519e-05,0.00027504500299738426,-0.0004026030765237306,-0.0007657981763153932,7.496190428853486e-05,-0.0007698949838092583,2.155742787681562e-05,-0.0002723426377004092,-5.005934681489805e-06,4.765625
0.0006367417213111071,0.00030012227983880794,0.00021553398976507744,0.000598348250441308,4.746723173963588e-05,4.586700079363404e-05,0.0002750450029967095,-0.0004026030765244725,-0.0007657981763161437,7.496190428771984e-05,-0.0007698949838099929,2.1557427876215467e-05,-0.0002723426377010093,-5.005934682156498e-06,4.7734375
0.0006367417213105849,0.0003001222798383822,0.00021553398976460002,0.000598348250440848,4.746723173915845e-05,4.586700079350898e-05,0.000275045002996286,-0.0004026030765249458,-0.0007657981763166045,7.496190428709805e-05,-0.0007698949838106324,2.1557427875597824e-05,-0.0002723426377013004,-5.005934682551072e-06,4.78125
0.0006367417213125209,0.00030012227984028836,0.0002155339897666217,0.0005983482504426289,4.746723174118014e-05,4.5867000795309666e-05,0.0002750450029984049,-0.0004026030765231319,-0.0007657981763145431,7.49619042890999e-05,-0.000769894983808537,2.1557427877391894e-05,-0.0002723426376993975,-5.005934680782294e-06,4.7890625
0.0006367417213129445,0.00030012227984067515,0.0002155339897671255,0.000598348250443104,4.7467231741683926e-05,4.5867000795809355e-05,0.00027504500299893565,-0.00040260307652272465,-0.0007657981763139901,7.496190428947028e-05,-0.0007698949838082106,2.1557427877883404e-05,-0.00027234263769890596,-5.005934680129207e-06,4.796875
0.0006367417213090973,0.00030012227983684515,0.00021553398976320703,0.000598348250439332,4.746723173776546e-05,4.586700079177188e-05,0.000275045002994977,-0.0004026030765266126,-0.0007657981763177322,7.496190428576289e-05,-0.0007698949838121019,2.155742787415212e-05,-0.0002723426377029094,-5.005934683938882e-06,4.8046875
0.0006367417213056832,0.00030012227983365993,0.00021553398975978572,0.0005983482504361281,4.746723173434414e-05,4.5867000788682873e-05,0.00027504500299142635,-0.00040260307652977917,-0.000765798176321182,7.496190428238305e-05,-0.0007698949838153673,2.1557427870809357e-05,-0.0002723426377061433,-5.005934687422014e-06,4.8125
0.0006367417213062577,0.00030012227983406835,0.0002155339897600897,0.0005983482504364813,4.7467231734648145e-05,4.586700078909693e-05,0.00027504500299194477,-0.0004026030765294243,-0.0007657981763208787,7.49619042828507e-05,-0.0007698949838148502,2.155742787127342e-05,-0.00027234263770573367,-5.005934686986622e-06,4.8203125
0.0006367417213089376,0.00030012227983691606,0.00021553398976293644,0.0005983482504391683,4.746723173749487e-05,4.586700079178087e-05,0.00027504500299458366,-0.00040260307652663347,-0.0007657981763181469,7.496190428570039e-05,-0.0007698949838121835,2.1557427873958358e-05,-0.0002723426377031576,-5.005934684265425e-06,4.828125
0.0006367417213082087,0.0003001222798359064,0.00021553398976204965,0.0005983482504383411,4.746723173660807e-05,4.5867000791104764e-05,0.00027504500299366556,-0.0004026030765273904,-0.0007657981763189495,7.49619042848804e-05,-0.000769894983812891,2.1557427873268233e-05,-0.00027234263770395655,-5.0059346851906325e-06,4.8359375
0.000636741721307862,0.00030012227983552405,0.0002155339897616208,0.0005983482504381024,4.74672317361792e-05,4.5867000790726364e-05,0.0002750450029933754,-0.00040260307652775296,-0.0007657981763192765,7.496190428442783e-05,-0.0007698949838134353,2.1557427872881938e-05,-0.0002723426377042884,-5.0059346856260236e-06,4.84375
0.0006367417213094484,0.00030012227983720256,0.00021553398976316998,0.0005983482504396143,4.7467231737728404e-05,4.5867000792068105e-05,0.00027504500299512923,-0.00040260307652639776,-0.0007657981763177821,7.496190428603843e-05,-0.0007698949838118026,2.155742787440741e-05,-0.0002723426377028174,-5.005934683993306e-06,4.8515625
0.0006367417213125513,0.0003001222798406492,0.00021553398976675793,0.0005983482504426805,4.7467231741316334e-05,4.5867000795476545e-05,0.00027504500299822934,-0.00040260307652300605,-0.0007657981763146117,7.496190428903917e-05,-0.0007698949838087548,2.1557427877647332e-05,-0.0002723426376994414,-5.00593468072787e-06,4.859375
0.0006367417213112755,0.0003001222798389863,0.00021553398976538669,0.0005983482504415403,4.7467231739945096e-05,4.5867000793986696e-05,0.00027504500299712557,-0.0004026030765245113,-0.0007657981763158115,7.496190428771824e-05,-0.0007698949838099521,2.1557427876274024e-05,-0.00027234263770067863,-5.005934681816349e-06,4.8671875
0.0006367417213098399,0.0003001222798377137,0.0002155339897639932,0.0005983482504402162,4.7467231738551605e-05,4.586700079273528e-05,0.0002750450029957164,-0.0004026030765257596,-0.0007657981763170594,7.496190428657855e-05,-0.000769894983811299,2.1557427874980232e-05,-0.00027234263770202683,-5.0059346832721885e-06,4.875
0.0006367417213107837,0.0003001222798387507,0.0002155339897650034,0.0005983482504412385,4.746723173956183e-05,4.58670007937861e-05,0.00027504500299661334,-0.00040260307652481667,-0.000765798176316101,7.496190428728812e-05,-0.0007698949838101154,2.155742787594897e-05,-0.0002723426377009493,-5.005934682088468e-06,4.8828125
0.0006367417213131055,0.0003001222798408751,0.00021553398976726845,0.0005983482504434465,4.746723174182686e-05,4.586700079565427e-05,0.00027504500299899593,-0.0004026030765226673,-0.0007657981763140807,7.496190428934894e-05,-0.0007698949838083193,2.155742787832959e-05,-0.0002723426376991129,-5.005934680074782e-06,4.890625
0.0006367417213127176,0.0003001222798402481,0.0002155339897668397,0.000598348250442977,4.74672317413981e-05,4.5867000795561763e-05,0.00027504500299843475,-0.00040260307652290744,-0.0007657981763142992,7.496190428897843e-05,-0.0007698949838086459,2.155742787749457e-05,-0.00027234263769918595,-5.005934680401326e-06,4.8984375
0.000636741721310042,0.0003001222798378268,0.00021553398976421678,0.0005983482504402979,4.7467231738775194e-05,4.586700079282198e-05,0.00027504500299586904,-0.00040260307652545185,-0.0007657981763169893,7.496190428663393e-05,-0.0007698949838111494,2.1557427874956434e-05,-0.0002723426377018874,-5.005934683122523e-06,4.90625
0.000636741721308604,0.0003001222798364698,0.00021553398976263314,0.0005983482504388681,4.746723173719156e-05,4.5867000791474125e-05,0.0002750450029942388,-0.0004026030765269809,-0.0007657981763183544,7.496190428521316e-05,-0.0007698949838124828,2.1557427873671935e-05,-0.00027234263770336235,-5.005934684619181e-06,4.9140625
0.0006367417213091846,0.0003001222798369389,0.0002155339897632026,0.0005983482504394534,4.746723173776102e-05,4.586700079214306e-05,0.0002750450029949201,-0.0004026030765264377,-0.0007657981763177268,7.496190428599849e-05,-0.0007698949838119114,2.1557427874294908e-05,-0.00027234263770282107,-5.005934684265425e-06,4.921875
0.0006367417213094697,0.0003001222798370954,0.0002155339897631337,0.0005983482504396837,4.74672317376921e-05,4.586700079235012e-05,0.00027504500299492833,-0.00040260307652624614,-0.0007657981763177332,7.496190428606158e-05,-0.0007698949838116665,2.1557427874291994e-05,-0.00027234263770293285,-5.00593468418379e-06,4.9296875
0.0006367417213082316,0.0003001222798359054,0.00021553398976193304,0.0005983482504385206,4.746723173649146e-05,4.586700079115483e-05,0.0002750450029936171,-0.0004026030765272451,-0.0007657981763189982,7.496190428489306e-05,-0.0007698949838127277,2.1557427873325106e-05,-0.0002723426377038997,-5.005934685245056e-06,4.9375
0.0006367417213077876,0.00030012227983537893,0.00021553398976152161,0.000598348250437924,4.746723173608004e-05,4.586700079046817e-05,0.00027504500299314324,-0.00040260307652802813,-0.000765798176319481,7.496190428413638e-05,-0.0007698949838135441,2.1557427872523366e-05,-0.00027234263770448374,-5.0059346856260236e-06,4.9453125
0.000636741721309024,0.00030012227983689194,0.00021553398976296713,0.0005983482504393607,4.746723173752553e-05,4.5867000791920186e-05,0.00027504500299469213,-0.00040260307652660224,-0.000765798176318005,7.496190428567548e-05,-0.0007698949838121291,2.155742787404286e-05,-0.00027234263770301866,-5.00593468431985e-06,4.953125
0.0006367417213094777,0.000300122279837192,0.0002155339897634283,0.0005983482504396662,4.7467231737986715e-05,4.586700079227361e-05,0.00027504500299531094,-0.0004026030765261987,-0.0007657981763176112,7.496190428603431e-05,-0.0007698949838117481,2.155742787445287e-05,-0.0002723426377024454,-5.005934683721186e-06,4.9609375
0.0006367417213095661,0.00030012227983740346,0.00021553398976366083,0.0005983482504398796,4.746723173821924e-05,4.5867000792441186e-05,0.0002750450029954419,-0.00040260307652604344,-0.0007657981763175245,7.496190428625811e-05,-0.0007698949838116393,2.1557427874599403e-05,-0.00027234263770229886,-5.005934683748398e-06,4.96875
0.0006367417213102693,0.0003001222798381694,0.0002155339897646063,0.0005983482504407409,4.746723173916473e-05,4.5867000793296906e-05,0.00027504500299622476,-0.0004026030765252641,-0.0007657981763165903,7.496190428699154e-05,-0.0007698949838108773,2.1557427875275582e-05,-0.00027234263770162264,-5.005934682795979e-06,4.9765625
0.0006367417213116513,0.0003001222798394017,0.00021553398976562995,0.0005983482504419504,4.746723174018839e-05,4.5867000794288815e-05,0.00027504500299745685,-0.0004026030765241451,-0.0007657981763152943,7.49619042881784e-05,-0.0007698949838094079,2.155742787669379e-05,-0.0002723426377002589,-5.005934681380957e-06,4.984375
0.0006367417213100958,0.0003001222798377743,0.0002155339897642111,0.0005983482504403434,4.746723173876952e-05,4.5867000792902595e-05,0.0002750450029960396,-0.00040260307652543916,-0.0007657981763167615,7.496190428681257e-05,-0.0007698949838108229,2.1557427875097353e-05,-0.0002723426377016921,-5.005934683122523e-06,4.9921875
0.0006367417213090162,0.00030012227983684955,0.0002155339897631259,0.0005983482504393051,4.746723173768433e-05,4.586700079176069e-05,0.00027504500299482533,-0.00040260307652663146,-0.0007657981763179452,7.496190428566606e-05,-0.0007698949838119658,2.1557427874117556e-05,-0.00027234263770294396,-5.005934684102154e-06,5.0
