AF3,AF4,F3,F4,F7,F8,FC5,FC6,O1,O2,P7,P8,T7,T8,time
0.0005346354213444917,1.2129681557067372e-05,-5.709142573290461e-06,-0.00027266514494376457,-6.619063415693012e-05,-0.00023708856968972185,0.0004882365478451538,8.554067635589914e-05,-0.00010331671213170434,-8.768461459446601e-05,-0.0002273634004580775,2.28950588906693e-05,1.001459273569187e-06,-0.00014442062672456174,0.0
0.0005346354213440279,1.212968155674625e-05,-5.70914257345967e-06,-0.0002726651449441991,-6.619063415742885e-05,-0.00023708856969009443,0.0004882365478447812,8.554067635557995e-05,-0.00010331671213176989,-8.768461459485736e-05,-0.00022736340045840546,2.289505889049279e-05,1.0014592733999775e-06,-0.00014442062672482135,0.0078125
0.0005346354213438797,1.2129681556565171e-05,-5.709142573684301e-06,-0.0002726651449443242,-6.61906341576656e-05,-0.0002370885696901713,0.00048823654784470435,8.554067635528334e-05,-0.00010331671213203464,-8.768461459503325e-05,-0.0002273634004584601,2.2895058890190627e-05,1.0014592731753462e-06,-0.00014442062672504,0.015625
0.0005346354213443956,1.212968155702048e-05,-5.709142573162689e-06,-0.00027266514494374814,-6.61906341570496e-05,-0.0002370885696896927,0.000488236547845183,8.554067635598361e-05,-0.00010331671213152314,-8.768461459449823e-05,-0.00022736340045794085,2.2895058890611778e-05,1.0014592736969589e-06,-0.0001444206267245754,0.0234375
0.0005346354213453533,1.2129681558081208e-05,-5.7091425721437686e-06,-0.0002726651449427873,-6.619063415595721e-05,-0.00023708856968879756,0.0004882365478460781,8.554067635700138e-05,-0.00010331671213049461,-8.768461459358151e-05,-0.00022736340045709363,2.2895058891705098e-05,1.0014592747158787e-06,-0.00014442062672350952,0.03125
0.0005346354213456566,1.2129681558365052e-05,-5.709142571875899e-06,-0.0002726651449425419,-6.619063415571072e-05,-0.00023708856968838172,0.00048823654784649394,8.554067635726204e-05,-0.00010331671213003333,-8.768461459331184e-05,-0.00022736340045679642,2.2895058891891767e-05,1.0014592749837484e-06,-0.00014442062672328406,0.0390625
0.0005346354213450361,1.2129681557862e-05,-5.709142572449627e-06,-0.00027266514494310673,-6.61906341562981e-05,-0.0002370885696889168,0.0004882365478459589,8.55406763567279e-05,-0.00010331671213060513,-8.768461459370416e-05,-0.00022736340045724393,2.289505889142029e-05,1.0014592744100204e-06,-0.00014442062672374184,0.046875
0.00053463542134463,1.2129681557385946e-05,-5.709142572867814e-06,-0.00027266514494354036,-6.619063415672721e-05,-0.00023708856968944112,0.00048823654784543456,8.55406763562362e-05,-0.00010331671213114394,-8.76846145942816e-05,-0.00022736340045772222,2.2895058890995325e-05,1.0014592739918328e-06,-0.00014442062672424743,0.0546875
0.0005346354213453823,1.2129681558134969e-05,-5.709142572030253e-06,-0.0002726651449428729,-6.61906341559288e-05,-0.0002370885696887883,0.0004882365478460874,8.554067635694453e-05,-0.0001033167121303283,-8.768461459366113e-05,-0.00022736340045709363,2.28950588916867e-05,1.0014592748293951e-06,-0.0001444206267235642,0.0625
0.0005346354213453685,1.2129681558046976e-05,-5.70914257218515e-06,-0.00027266514494277437,-6.619063415585748e-05,-0.00023708856968862748,0.00048823654784624815,8.554067635706544e-05,-0.00010331671213029844,-8.768461459358349e-05,-0.00022736340045701164,2.2895058891719796e-05,1.0014592746744976e-06,-0.00014442062672350952,0.0703125
0.0005346354213447177,1.212968155742701e-05,-5.709142572815585e-06,-0.00027266514494349417,-6.619063415666552e-05,-0.0002370885696892957,0.00048823654784558,8.554067635627707e-05,-0.00010331671213103589,-8.768461459424703e-05,-0.00022736340045766755,2.2895058890934935e-05,1.0014592740440624e-06,-0.0001444206267242611,0.078125
0.0005346354213442205,1.2129681556973058e-05,-5.7091425731919735e-06,-0.00027266514494377585,-6.619063415718578e-05,-0.00023708856968978584,0.00048823654784508984,8.554067635585141e-05,-0.0001033167121315164,-8.768461459460426e-05,-0.0002273634004580775,2.2895058890634475e-05,1.001459273667674e-06,-0.0001444206267245754,0.0859375
0.0005346354213446221,1.2129681557372175e-05,-5.709142572897266e-06,-0.000272665144943494,-6.619063415675596e-05,-0.00023708856968932226,0.0004882365478455534,8.554067635624682e-05,-0.00010331671213114248,-8.768461459433474e-05,-0.00022736340045774955,2.2895058890863466e-05,1.001459273962382e-06,-0.00014442062672427475,0.09375
0.0005346354213447129,1.2129681557366827e-05,-5.709142572874194e-06,-0.0002726651449435009,-6.61906341567404e-05,-0.00023708856968938008,0.00048823654784549555,8.554067635602157e-05,-0.00010331671213108663,-8.768461459426325e-05,-0.00022736340045766755,2.28950588909793e-05,1.0014592739854536e-06,-0.00014442062672424743,0.1015625
0.0005346354213437476,1.2129681556366718e-05,-5.709142574023319e-06,-0.0002726651449445686,-6.619063415776093e-05,-0.00023708856969035028,0.00048823654784452546,8.554067635526083e-05,-0.00010331671213221561,-8.76846145953045e-05,-0.00022736340045877442,2.2895058890019756e-05,1.0014592728363279e-06,-0.0001444206267252723,0.109375
0.0005346354213436077,1.2129681556142927e-05,-5.709142574079335e-06,-0.00027266514494465237,-6.619063415807845e-05,-0.00023708856969045713,0.00048823654784441845,8.554067635501503e-05,-0.00010331671213236196,-8.768461459532673e-05,-0.00022736340045895206,2.2895058889690064e-05,1.0014592727803127e-06,-0.00014442062672536795,0.1171875
0.0005346354213442713,1.2129681556985191e-05,-5.709142573266431e-06,-0.00027266514494393436,-6.619063415718972e-05,-0.00023708856968978291,0.00048823654784509277,8.554067635578599e-05,-0.00010331671213161386,-8.768461459469465e-05,-0.00022736340045813216,2.2895058890530368e-05,1.0014592735932166e-06,-0.0001444206267246847,0.125
0.000534635421346093,1.2129681558602923e-05,-5.709142571459514e-06,-0.0002726651449423078,-6.619063415520566e-05,-0.00023708856968811476,0.0004882365478467609,8.554067635744932e-05,-0.00010331671212987221,-8.768461459302949e-05,-0.00022736340045643772,2.2895058892263086e-05,1.0014592754001342e-06,-0.0001444206267228536,0.1328125
0.0005346354213457609,1.2129681558292678e-05,-5.7091425718680805e-06,-0.0002726651449424309,-6.619063415588426e-05,-0.00023708856968851234,0.00048823654784636335,8.55406763572673e-05,-0.00010331671213033511,-8.768461459323505e-05,-0.00022736340045671102,2.2895058892102888e-05,1.0014592749915672e-06,-0.00014442062672323622,0.140625
0.0005346354213452932,1.2129681557956963e-05,-5.709142572467784e-06,-0.0002726651449428238,-6.61906341561094e-05,-0.00023708856968882944,0.0004882365478460462,8.554067635689952e-05,-0.00010331671213061499,-8.768461459375609e-05,-0.00022736340045709363,2.2895058891539157e-05,1.0014592743918636e-06,-0.00014442062672361886,0.1484375
0.0005346354213453986,1.212968155826146e-05,-5.709142571987694e-06,-0.00027266514494247274,-6.619063415602495e-05,-0.00023708856968872034,0.0004882365478461553,8.554067635695503e-05,-0.00010331671213037744,-8.768461459334067e-05,-0.00022736340045692965,2.2895058891848487e-05,1.0014592748719532e-06,-0.00014442062672345487,0.15625
0.0005346354213451366,1.2129681557785058e-05,-5.709142572417796e-06,-0.0002726651449430589,-6.619063415621275e-05,-0.0002370885696889402,0.00048823654784593547,8.554067635667696e-05,-0.0001033167121306307,-8.768461459386344e-05,-0.00022736340045731226,2.2895058891410625e-05,1.001459274441852e-06,-0.00014442062672381017,0.1640625
0.0005346354213448437,1.2129681557374564e-05,-5.709142572839226e-06,-0.0002726651449431746,-6.619063415643819e-05,-0.0002370885696890446,0.00048823654784583106,8.554067635621258e-05,-0.00010331671213107949,-8.768461459408966e-05,-0.00022736340045758556,2.289505889110202e-05,1.0014592740204215e-06,-0.0001444206267241108,0.171875
0.0005346354213444001,1.2129681557095555e-05,-5.709142573392535e-06,-0.000272665144943874,-6.619063415687059e-05,-0.0002370885696895989,0.0004882365478452768,8.554067635575349e-05,-0.00010331671213158315,-8.768461459457429e-05,-0.00022736340045813216,2.2895058890424797e-05,1.0014592734671129e-06,-0.0001444206267246574,0.1796875
0.0005346354213435818,1.2129681556260455e-05,-5.709142573975597e-06,-0.0002726651449446115,-6.61906341578354e-05,-0.0002370885696904765,0.00048823654784439915,8.554067635506783e-05,-0.00010331671213221784,-8.768461459534691e-05,-0.00022736340045880174,2.2895058889831756e-05,1.0014592728840503e-06,-0.00014442062672531328,0.1875
0.0005346354213445991,1.2129681557285182e-05,-5.709142572856283e-06,-0.0002726651449434613,-6.619063415669977e-05,-0.00023708856968948124,0.00048823654784539445,8.554067635633789e-05,-0.00010331671213111753,-8.768461459412864e-05,-0.00022736340045785886,2.2895058890999858e-05,1.0014592740033641e-06,-0.00014442062672427475,0.1953125
0.0005346354213450089,1.2129681557717895e-05,-5.709142572578701e-06,-0.0002726651449432796,-6.619063415638433e-05,-0.00023708856968914017,0.00048823654784573554,8.554067635674523e-05,-0.00010331671213090504,-8.768461459389716e-05,-0.00022736340045742158,2.289505889126613e-05,1.0014592742809466e-06,-0.0001444206267238375,0.203125
0.0005346354213451749,1.2129681557823276e-05,-5.70914257237945e-06,-0.00027266514494299967,-6.619063415633617e-05,-0.00023708856968894268,0.0004882365478459329,8.554067635669987e-05,-0.00010331671213067371,-8.768461459380756e-05,-0.0002273634004572166,2.289505889140614e-05,1.0014592744801977e-06,-0.00014442062672381017,0.2109375
0.0005346354213448835,1.2129681557520867e-05,-5.7091425726461455e-06,-0.0002726651449431055,-6.619063415650057e-05,-0.00023708856968920102,0.00048823654784567466,8.554067635650372e-05,-0.00010331671213091214,-8.768461459407824e-05,-0.0002273634004575104,2.2895058891171633e-05,1.001459274213502e-06,-0.00014442062672403563,0.21875
0.0005346354213451502,1.2129681557704734e-05,-5.70914257240606e-06,-0.00027266514494305935,-6.619063415624945e-05,-0.00023708856968889105,0.0004882365478459846,8.554067635668356e-05,-0.00010331671213062327,-8.76846145937001e-05,-0.00022736340045731226,2.2895058891487343e-05,1.001459274453587e-06,-0.0001444206267238375,0.2265625
0.0005346354213450992,1.2129681557776217e-05,-5.709142572497359e-06,-0.00027266514494312397,-6.619063415624321e-05,-0.00023708856968898028,0.00048823654784589535,8.554067635665095e-05,-0.00010331671213065136,-8.768461459383661e-05,-0.00022736340045733958,2.289505889135848e-05,1.0014592743622886e-06,-0.0001444206267238648,0.234375
0.0005346354213443293,1.212968155688799e-05,-5.709142573518073e-06,-0.0002726651449439782,-6.619063415713074e-05,-0.0002370885696897244,0.00048823654784515126,8.554067635562606e-05,-0.00010331671213168115,-8.768461459460028e-05,-0.00022736340045813216,2.2895058890652632e-05,1.0014592733415754e-06,-0.0001444206267247667,0.2421875
0.0005346354213438267,1.2129681556466675e-05,-5.7091425736646535e-06,-0.00027266514494431437,-6.619063415764135e-05,-0.00023708856969025216,0.0004882365478446235,8.554067635541125e-05,-0.00010331671213203921,-8.768461459507142e-05,-0.00022736340045851478,2.2895058890136477e-05,1.0014592731949936e-06,-0.00014442062672504,0.25
0.0005346354213431732,1.212968155581439e-05,-5.709142574428525e-06,-0.0002726651449450257,-6.619063415832403e-05,-0.00023708856969093632,0.00048823654784393934,8.554067635464023e-05,-0.00010331671213273242,-8.768461459579934e-05,-0.00022736340045922534,2.2895058889475914e-05,1.0014592724311221e-06,-0.00014442062672575056,0.2578125
0.0005346354213441027,1.2129681556742362e-05,-5.709142573524891e-06,-0.000272665144944123,-6.619063415741811e-05,-0.00023708856968997503,0.0004882365478449007,8.554067635555205e-05,-0.00010331671213184115,-8.76846145948226e-05,-0.00022736340045832347,2.28950588903589e-05,1.0014592733347561e-06,-0.0001444206267248487,0.265625
0.000534635421344883,1.2129681557602716e-05,-5.709142572442045e-06,-0.00027266514494318913,-6.619063415634678e-05,-0.00023708856968907962,0.00048823654784579604,8.554067635638663e-05,-0.00010331671213076637,-8.768461459383483e-05,-0.00022736340045731226,2.2895058891246213e-05,1.001459274417602e-06,-0.0001444206267239468,0.2734375
0.0005346354213452275,1.2129681557910563e-05,-5.709142572279531e-06,-0.00027266514494293586,-6.619063415623398e-05,-0.00023708856968879255,0.00048823654784608313,8.554067635670851e-05,-0.00010331671213052088,-8.76846145936814e-05,-0.00022736340045720295,2.289505889164077e-05,1.0014592745801165e-06,-0.0001444206267236735,0.28125
0.0005346354213444287,1.212968155723679e-05,-5.70914257301179e-06,-0.00027266514494360075,-6.619063415681362e-05,-0.00023708856968952523,0.00048823654784535043,8.554067635610744e-05,-0.0001033167121312347,-8.768461459441572e-05,-0.00022736340045785886,2.2895058890809303e-05,1.0014592738478574e-06,-0.00014442062672443873,0.2890625
0.0005346354213450947,1.2129681557892696e-05,-5.70914257241814e-06,-0.00027266514494298487,-6.619063415624155e-05,-0.00023708856968888454,0.0004882365478459911,8.554067635670976e-05,-0.00010331671213051504,-8.768461459373541e-05,-0.00022736340045725762,2.289505889153841e-05,1.0014592744415072e-06,-0.00014442062672378282,0.296875
0.0005346354213463832,1.2129681558889806e-05,-5.709142571288911e-06,-0.00027266514494175945,-6.61906341552203e-05,-0.0002370885696878828,0.0004882365478469928,8.554067635774664e-05,-0.0001033167121296271,-8.768461459258992e-05,-0.00022736340045610974,2.289505889248872e-05,1.001459275570737e-06,-0.00014442062672263497,0.3046875
0.000534635421346393,1.212968155918182e-05,-5.7091425712607435e-06,-0.0002726651449418589,-6.619063415500661e-05,-0.00023708856968774955,0.00048823654784712614,8.554067635775902e-05,-0.000103316712129661,-8.768461459256123e-05,-0.00022736340045609608,2.289505889261936e-05,1.0014592755989038e-06,-0.00014442062672263497,0.3125
0.0005346354213451346,1.2129681557552375e-05,-5.7091425725855725e-06,-0.00027266514494316154,-6.61906341562451e-05,-0.00023708856968898838,0.0004882365478458872,8.55406763564028e-05,-0.00010331671213059692,-8.768461459369032e-05,-0.00022736340045731226,2.2895058891384127e-05,1.0014592742740748e-06,-0.0001444206267238375,0.3203125
0.0005346354213445402,1.2129681557224283e-05,-5.709142573063313e-06,-0.0002726651449437416,-6.619063415676343e-05,-0.00023708856968952696,0.00048823654784534875,8.55406763560568e-05,-0.000103316712131167,-8.768461459436838e-05,-0.00022736340045796818,2.289505889086699e-05,1.001459273796335e-06,-0.0001444206267243841,0.328125
0.0005346354213442141,1.2129681556884882e-05,-5.709142573560789e-06,-0.0002726651449440341,-6.619063415725014e-05,-0.00023708856968994338,0.0004882365478449323,8.554067635564097e-05,-0.00010331671213178527,-8.768461459498364e-05,-0.00022736340045848745,2.2895058890431116e-05,1.001459273298859e-06,-0.00014442062672498533,0.3359375
0.000534635421344302,1.2129681556996347e-05,-5.709142573216347e-06,-0.00027266514494367057,-6.619063415702777e-05,-0.0002370885696895846,0.0004882365478452911,8.554067635600394e-05,-0.00010331671213144429,-8.768461459446619e-05,-0.00022736340045785886,2.2895058890783506e-05,1.0014592736433006e-06,-0.0001444206267244934,0.34375
0.0005346354213437213,1.2129681556342636e-05,-5.709142573833207e-06,-0.0002726651449444732,-6.619063415766945e-05,-0.00023708856969035592,0.00048823654784451977,8.55406763552334e-05,-0.0001033167121321297,-8.768461459526519e-05,-0.0002273634004587334,2.2895058890021877e-05,1.00145927302644e-06,-0.00014442062672525863,0.3515625
0.0005346354213437021,1.2129681556409615e-05,-5.7091425739114755e-06,-0.0002726651449445384,-6.619063415762144e-05,-0.00023708856969041544,0.0004882365478444602,8.554067635519006e-05,-0.00010331671213203231,-8.768461459529731e-05,-0.00022736340045878808,2.2895058889955514e-05,1.0014592729481728e-06,-0.00014442062672531328,0.359375
0.0005346354213444055,1.2129681557027667e-05,-5.709142573238828e-06,-0.0002726651449438221,-6.619063415694746e-05,-0.00023708856968971553,0.0004882365478451601,8.554067635588507e-05,-0.00010331671213133949,-8.76846145946183e-05,-0.00022736340045802285,2.2895058890647137e-05,1.0014592736208193e-06,-0.00014442062672460272,0.3671875
0.0005346354213446527,1.2129681557266762e-05,-5.709142573003747e-06,-0.0002726651449435647,-6.619063415677485e-05,-0.0002370885696894298,0.0004882365478454459,8.554067635613101e-05,-0.00010331671213114497,-8.768461459442522e-05,-0.00022736340045774955,2.2895058890994153e-05,1.001459273855901e-06,-0.00014442062672427475,0.375
0.0005346354213445046,1.2129681557003853e-05,-5.709142573200964e-06,-0.00027266514494373036,-6.619063415690238e-05,-0.00023708856968954764,0.00048823654784532804,8.554067635595736e-05,-0.00010331671213147834,-8.768461459456001e-05,-0.00022736340045791353,2.2895058890719334e-05,1.0014592736586838e-06,-0.00014442062672443873,0.3828125
0.0005346354213447571,1.2129681557488466e-05,-5.709142572770843e-06,-0.00027266514494339464,-6.619063415672763e-05,-0.00023708856968929502,0.0004882365478455806,8.554067635634282e-05,-0.00010331671213121135,-8.76846145941768e-05,-0.00022736340045766755,2.2895058891077382e-05,1.0014592740888043e-06,-0.00014442062672419278,0.390625
0.000534635421344651,1.2129681557353356e-05,-5.7091425729367184e-06,-0.00027266514494354556,-6.619063415685524e-05,-0.00023708856968943017,0.00048823654784544546,8.554067635609591e-05,-0.00010331671213127143,-8.768461459424726e-05,-0.00022736340045773589,2.289505889089026e-05,1.0014592739229295e-06,-0.00014442062672428844,0.3984375
0.0005346354213449318,1.212968155756807e-05,-5.709142572644472e-06,-0.00027266514494331896,-6.619063415662493e-05,-0.00023708856968920387,0.0004882365478456718,8.55406763563286e-05,-0.00010331671213100488,-8.768461459411691e-05,-0.00022736340045753092,2.2895058891149085e-05,1.0014592742151764e-06,-0.00014442062672405612,0.40625
0.000534635421344625,1.2129681557372257e-05,-5.709142572973613e-06,-0.00027266514494351173,-6.61906341568208e-05,-0.0002370885696893657,0.00048823654784550997,8.554067635617842e-05,-0.00010331671213113637,-8.768461459430376e-05,-0.00022736340045785886,2.289505889098359e-05,1.001459273886035e-06,-0.00014442062672427475,0.4140625
0.0005346354213458644,1.2129681558580073e-05,-5.709142571675147e-06,-0.0002726651449422498,-6.619063415547705e-05,-0.00023708856968824988,0.0004882365478466258,8.55406763574346e-05,-0.00010331671212984924,-8.768461459309038e-05,-0.00022736340045643772,2.289505889212612e-05,1.0014592751845012e-06,-0.00014442062672296294,0.421875
0.0005346354213458236,1.2129681558547469e-05,-5.7091425716765325e-06,-0.00027266514494240666,-6.619063415550601e-05,-0.00023708856968823372,0.0004882365478466419,8.554067635736166e-05,-0.00010331671212992686,-8.768461459318831e-05,-0.0002273634004566017,2.2895058892129807e-05,1.001459275183115e-06,-0.00014442062672318157,0.4296875
0.000534635421344846,1.212968155737742e-05,-5.709142572782543e-06,-0.00027266514494334867,-6.619063415646913e-05,-0.00023708856968937135,0.0004882365478455043,8.554067635635396e-05,-0.00010331671213108163,-8.768461459398582e-05,-0.00022736340045750357,2.2895058891079845e-05,1.0014592740771043e-06,-0.00014442062672405612,0.4375
0.000534635421344873,1.2129681557502774e-05,-5.709142572881227e-06,-0.00027266514494342267,-6.61906341564521e-05,-0.00023708856968922946,0.00048823654784564615,8.554067635632567e-05,-0.00010331671213096134,-8.768461459408843e-05,-0.00022736340045753092,2.2895058891122556e-05,1.0014592739784213e-06,-0.00014442062672416543,0.4453125
0.0005346354213451526,1.2129681557863492e-05,-5.709142572354859e-06,-0.0002726651449429736,-6.619063415625414e-05,-0.00023708856968897472,0.0004882365478459009,8.554067635661234e-05,-0.00010331671213056326,-8.76846145938711e-05,-0.00022736340045714827,2.2895058891490402e-05,1.0014592745047875e-06,-0.00014442062672361886,0.453125
0.0005346354213446125,1.2129681557251415e-05,-5.709142572932434e-06,-0.00027266514494359896,-6.619063415678366e-05,-0.00023708856968946313,0.0004882365478454125,8.554067635610748e-05,-0.00010331671213110498,-8.76846145943712e-05,-0.00022736340045785886,2.2895058890858973e-05,1.001459273927214e-06,-0.0001444206267243841,0.4609375
0.0005346354213437391,1.2129681556425645e-05,-5.709142573825918e-06,-0.00027266514494456043,-6.619063415769053e-05,-0.00023708856969031501,0.00048823654784456064,8.554067635525e-05,-0.00010331671213220037,-8.768461459521902e-05,-0.00022736340045867876,2.289505889004902e-05,1.0014592730337293e-06,-0.00014442062672520396,0.46875
0.0005346354213427742,1.2129681555449122e-05,-5.7091425747246305e-06,-0.00027266514494532636,-6.619063415859985e-05,-0.00023708856969116327,0.00048823654784371236,8.554067635433362e-05,-0.00010331671213298333,-8.768461459616114e-05,-0.00022736340045948497,2.2895058889148376e-05,1.0014592721350168e-06,-0.00014442062672606485,0.4765625
0.0005346354213446167,1.2129681557208581e-05,-5.7091425730995715e-06,-0.00027266514494370293,-6.619063415670854e-05,-0.00023708856968942662,0.000488236547845449,8.554067635602827e-05,-0.00010331671213118305,-8.768461459439633e-05,-0.00022736340045781788,2.2895058890951215e-05,1.0014592737600757e-06,-0.0001444206267243841,0.484375
0.0005346354213455535,1.2129681558300427e-05,-5.709142571962689e-06,-0.00027266514494248456,-6.619063415587857e-05,-0.000237088569688436,0.0004882365478464397,8.554067635720605e-05,-0.0001033167121302856,-8.7684614593379e-05,-0.00022736340045684765,2.289505889192885e-05,1.0014592748969585e-06,-0.0001444206267234002,0.4921875
0.000534635421344257,1.2129681556894127e-05,-5.709142573497771e-06,-0.00027266514494411867,-6.619063415734805e-05,-0.0002370885696897719,0.0004882365478451037,8.554067635577298e-05,-0.0001033167121316652,-8.768461459474658e-05,-0.00022736340045824148,2.2895058890379112e-05,1.0014592733618769e-06,-0.0001444206267247667,0.5
0.0005346354213443137,1.2129681556923582e-05,-5.709142573092881e-06,-0.000272665144943848,-6.619063415700343e-05,-0.00023708856968981148,0.00048823654784506415,8.554067635590897e-05,-0.00010331671213141236,-8.768461459458362e-05,-0.00022736340045815948,2.2895058890440105e-05,1.0014592737667664e-06,-0.00014442062672460272,0.5078125
0.0005346354213458152,1.2129681558561282e-05,-5.709142571700153e-06,-0.0002726651449421998,-6.619063415537634e-05,-0.00023708856968817862,0.00048823654784669706,8.554067635765156e-05,-0.00010331671212981651,-8.76846145930546e-05,-0.00022736340045666318,2.2895058892100222e-05,1.0014592751594953e-06,-0.00014442062672314056,0.515625
0.0005346354213458248,1.2129681558408103e-05,-5.709142571965146e-06,-0.0002726651449426007,-6.619063415562503e-05,-0.00023708856968860325,0.0004882365478462724,8.554067635732737e-05,-0.00010331671213001882,-8.76846145931391e-05,-0.0002273634004566837,2.289505889199591e-05,1.0014592748945008e-06,-0.00014442062672318157,0.5234375
0.0005346354213445862,1.2129681557434398e-05,-5.709142572812795e-06,-0.0002726651449436048,-6.619063415691042e-05,-0.00023708856968957082,0.0004882365478453049,8.554067635607417e-05,-0.00010331671213111075,-8.7684614594063e-05,-0.00022736340045785886,2.2895058890925648e-05,1.0014592740468525e-06,-0.00014442062672427475,0.53125
0.0005346354213442256,1.2129681557035329e-05,-5.709142573134674e-06,-0.00027266514494382247,-6.619063415727933e-05,-0.00023708856968970618,0.0004882365478451695,8.554067635587818e-05,-0.00010331671213148396,-8.768461459441636e-05,-0.00022736340045798867,2.2895058890445092e-05,1.0014592737249732e-06,-0.0001444206267245959,0.5390625
0.0005346354213453072,1.2129681557978476e-05,-5.709142572133398e-06,-0.00027266514494305057,-6.619063415607176e-05,-0.0002370885696886741,0.00048823654784620153,8.554067635682193e-05,-0.00010331671213057464,-8.76846145934007e-05,-0.00022736340045709363,2.2895058891469114e-05,1.0014592747262487e-06,-0.00014442062672361886,0.546875
0.0005346354213468036,1.2129681559371995e-05,-5.709142570834792e-06,-0.00027266514494131487,-6.619063415463592e-05,-0.00023708856968730646,0.0004882365478475692,8.554067635823873e-05,-0.00010331671212882139,-8.768461459217947e-05,-0.00022736340045572713,2.2895058892974356e-05,1.0014592760248563e-06,-0.00014442062672214304,0.5546875
0.0005346354213459793,1.2129681558687265e-05,-5.709142571607195e-06,-0.00027266514494218006,-6.619063415546317e-05,-0.0002370885696880572,0.0004882365478468185,8.554067635747395e-05,-0.00010331671212986819,-8.76846145929809e-05,-0.00022736340045638305,2.2895058892294402e-05,1.001459275252453e-06,-0.00014442062672290827,0.5625
0.0005346354213438367,1.2129681556393581e-05,-5.709142573653412e-06,-0.0002726651449444858,-6.619063415791611e-05,-0.00023708856969025907,0.0004882365478446166,8.554067635510179e-05,-0.00010331671213231685,-8.768461459521913e-05,-0.00022736340045867876,2.2895058890058147e-05,1.001459273206236e-06,-0.00014442062672520396,0.5703125
0.0005346354213434287,1.2129681555750268e-05,-5.709142574307932e-06,-0.0002726651449447995,-6.619063415812802e-05,-0.0002370885696908052,0.0004882365478440704,8.554067635468798e-05,-0.00010331671213237832,-8.768461459572885e-05,-0.00022736340045911602,2.2895058889668715e-05,1.001459272551716e-06,-0.00014442062672569592,0.578125
0.0005346354213449353,1.2129681557622778e-05,-5.709142572630773e-06,-0.0002726651449432309,-6.619063415638435e-05,-0.00023708856968909453,0.00048823654784578113,8.554067635649777e-05,-0.00010331671213083775,-8.768461459396369e-05,-0.00022736340045753092,2.289505889125699e-05,1.0014592742288752e-06,-0.0001444206267238375,0.5859375
0.0005346354213445107,1.2129681557306749e-05,-5.709142573109258e-06,-0.00027266514494363295,-6.619063415676206e-05,-0.0002370885696895578,0.0004882365478453178,8.55406763561495e-05,-0.00010331671213118541,-8.76846145943636e-05,-0.00022736340045791353,2.2895058890853094e-05,1.0014592737503895e-06,-0.00014442062672443873,0.59375
0.0005346354213439861,1.2129681556676112e-05,-5.709142573637193e-06,-0.0002726651449442521,-6.619063415745988e-05,-0.0002370885696900514,0.00048823654784482427,8.554067635556331e-05,-0.00010331671213185576,-8.768461459495553e-05,-0.00022736340045848745,2.2895058890201882e-05,1.0014592732224546e-06,-0.00014442062672501266,0.6015625
0.0005346354213435158,1.212968155623464e-05,-5.70914257405413e-06,-0.00027266514494466695,-6.619063415786794e-05,-0.0002370885696905053,0.0004882365478443704,8.554067635507992e-05,-0.00010331671213239598,-8.768461459546517e-05,-0.00022736340045876075,2.2895058889822374e-05,1.0014592728055179e-06,-0.00014442062672544994,0.609375
0.0005346354213452689,1.2129681557944563e-05,-5.709142572285482e-06,-0.0002726651449429233,-6.619063415614065e-05,-0.00023708856968878038,0.0004882365478460953,8.554067635699297e-05,-0.00010331671213066166,-8.768461459367456e-05,-0.00022736340045714827,2.2895058891644576e-05,1.0014592745741652e-06,-0.00014442062672372817,0.6171875
0.0005346354213462501,1.2129681558703835e-05,-5.709142571355649e-06,-0.0002726651449420212,-6.619063415508787e-05,-0.0002370885696877893,0.00048823654784708635,8.55406763578229e-05,-0.0001033167121295896,-8.768461459291106e-05,-0.00022736340045638305,2.289505889258052e-05,1.0014592755039986e-06,-0.0001444206267228536,0.625
0.0005346354213453373,1.2129681557996076e-05,-5.709142572364181e-06,-0.00027266514494305057,-6.619063415609866e-05,-0.00023708856968882535,0.00048823654784605034,8.554067635677511e-05,-0.00010331671213046222,-8.768461459377313e-05,-0.00022736340045731226,2.2895058891464486e-05,1.0014592744954666e-06,-0.0001444206267232909,0.6328125
0.0005346354213440178,1.2129681556644623e-05,-5.709142573460188e-06,-0.00027266514494415526,-6.619063415741319e-05,-0.00023708856969010316,0.0004882365478447725,8.554067635556186e-05,-0.00010331671213187979,-8.768461459492523e-05,-0.00022736340045829615,2.289505889027382e-05,1.001459273399459e-06,-0.00014442062672487602,0.640625
0.0005346354213448516,1.2129681557497856e-05,-5.709142572782673e-06,-0.00027266514494341464,-6.619063415658918e-05,-0.00023708856968928025,0.00048823654784559546,8.554067635630459e-05,-0.00010331671213110383,-8.768461459410004e-05,-0.00022736340045761288,2.289505889104292e-05,1.0014592740769753e-06,-0.00014442062672416543,0.6484375
0.0005346354213464058,1.2129681558909923e-05,-5.709142571304873e-06,-0.00027266514494175706,-6.619063415490201e-05,-0.00023708856968772987,0.00048823654784714576,8.554067635817887e-05,-0.00010331671212944085,-8.76846145923285e-05,-0.0002273634004559731,2.2895058892658864e-05,1.0014592755547746e-06,-0.00014442062672244367,0.65625
0.0005346354213456526,1.2129681558361984e-05,-5.709142572208656e-06,-0.0002726651449426644,-6.619063415585966e-05,-0.0002370885696884429,0.00048823654784643273,8.554067635712203e-05,-0.00010331671213015611,-8.768461459310519e-05,-0.0002273634004570048,2.2895058891752613e-05,1.0014592746509911e-06,-0.00014442062672337288,0.6640625
0.0005346354213444833,1.2129681556896388e-05,-5.70914257324559e-06,-0.000272665144943747,-6.619063415707841e-05,-0.00023708856968965243,0.0004882365478452232,8.554067635582681e-05,-0.00010331671213161873,-8.768461459493161e-05,-0.00022736340045813216,2.2895058890489043e-05,1.0014592736140576e-06,-0.0001444206267246574,0.671875
0.0005346354213436775,1.2129681556317848e-05,-5.709142574001884e-06,-0.0002726651449445187,-6.619063415770096e-05,-0.00023708856969041907,0.00048823654784445656,8.554067635522165e-05,-0.00010331671213205103,-8.76846145953055e-05,-0.0002273634004587334,2.28950588898344e-05,1.001459272857764e-06,-0.00014442062672525863,0.6796875
0.0005346354213441938,1.2129681556819776e-05,-5.709142573413328e-06,-0.00027266514494398797,-6.619063415725289e-05,-0.00023708856968990445,0.0004882365478449712,8.554067635574655e-05,-0.00010331671213160667,-8.768461459474715e-05,-0.00022736340045802285,2.2895058890546587e-05,1.0014592734463195e-06,-0.0001444206267247667,0.6875
0.0005346354213448315,1.2129681557623871e-05,-5.70914257253189e-06,-0.000272665144943249,-6.619063415650697e-05,-0.00023708856968911648,0.0004882365478457591,8.554067635644665e-05,-0.00010331671213078263,-8.768461459396556e-05,-0.00022736340045744892,2.289505889118067e-05,1.0014592743277576e-06,-0.00014442062672391948,0.6953125
0.0005346354213450336,1.2129681557877063e-05,-5.70914257244243e-06,-0.0002726651449432518,-6.619063415625449e-05,-0.00023708856968904045,0.00048823654784583523,8.554067635663016e-05,-0.00010331671213076027,-8.768461459384836e-05,-0.00022736340045725762,2.2895058891586117e-05,1.0014592744172172e-06,-0.0001444206267238375,0.703125
0.0005346354213445986,1.2129681557315883e-05,-5.709142572942646e-06,-0.00027266514494371806,-6.619063415682559e-05,-0.00023708856968941139,0.00048823654784546427,8.554067635612724e-05,-0.00010331671213113329,-8.768461459428642e-05,-0.00022736340045781102,2.289505889082041e-05,1.001459273917002e-06,-0.0001444206267243841,0.7109375
0.0005346354213439541,1.2129681556657711e-05,-5.709142573573608e-06,-0.0002726651449442451,-6.619063415740019e-05,-0.0002370885696900698,0.0004882365478448059,8.554067635550781e-05,-0.00010331671213176486,-8.768461459500909e-05,-0.00022736340045843278,2.2895058890324034e-05,1.0014592732860397e-06,-0.00014442062672493066,0.71875
0.0005346354213438986,1.2129681556572776e-05,-5.709142573510721e-06,-0.0002726651449441907,-6.619063415754108e-05,-0.0002370885696900504,0.0004882365478448253,8.55406763554344e-05,-0.00010331671213187156,-8.768461459492237e-05,-0.0002273634004584601,2.2895058890186954e-05,1.0014592733489264e-06,-0.00014442062672504,0.7265625
0.0005346354213443059,1.2129681556971442e-05,-5.709142573292804e-06,-0.00027266514494378257,-6.619063415696506e-05,-0.00023708856968954862,0.00048823654784532707,8.554067635592898e-05,-0.00010331671213145738,-8.768461459462672e-05,-0.0002273634004580775,2.2895058890898312e-05,1.001459273566843e-06,-0.00014442062672460272,0.734375
0.0005346354213456741,1.2129681558812756e-05,-5.7091425716872805e-06,-0.0002726651449425381,-6.619063415557856e-05,-0.00023708856968823356,0.0004882365478466421,8.554067635733822e-05,-0.00010331671212988296,-8.768461459302679e-05,-0.00022736340045646504,2.2895058892124816e-05,1.0014592751723679e-06,-0.0001444206267230449,0.7421875
0.0005346354213451243,1.212968155774906e-05,-5.709142572378993e-06,-0.00027266514494293125,-6.619063415635867e-05,-0.0002370885696888812,0.0004882365478459944,8.554067635677969e-05,-0.00010331671213084648,-8.768461459387477e-05,-0.00022736340045722344,2.28950588914896e-05,1.0014592744806545e-06,-0.00014442062672374867,0.75
0.0005346354213448893,1.2129681557597395e-05,-5.709142572615368e-06,-0.00027266514494312245,-6.619063415657774e-05,-0.00023708856968917842,0.0004882365478456973,8.554067635642765e-05,-0.00010331671213107595,-8.768461459405406e-05,-0.00022736340045750357,2.289505889113894e-05,1.00145927424428e-06,-0.00014442062672409713,0.7578125
0.0005346354213442464,1.2129681556965711e-05,-5.709142573296729e-06,-0.0002726651449438077,-6.619063415715653e-05,-0.0002370885696897967,0.000488236547845079,8.554067635580467e-05,-0.00010331671213161626,-8.768461459469962e-05,-0.00022736340045810484,2.2895058890554444e-05,1.0014592735629186e-06,-0.0001444206267246847,0.765625
0.0005346354213439054,1.2129681556867433e-05,-5.709142573443346e-06,-0.0002726651449441977,-6.619063415742281e-05,-0.00023708856969010096,0.0004882365478447747,8.554067635543086e-05,-0.00010331671213181325,-8.768461459493633e-05,-0.00022736340045848745,2.289505889012283e-05,1.0014592734163015e-06,-0.00014442062672493066,0.7734375
0.0005346354213445534,1.2129681557066176e-05,-5.709142573111109e-06,-0.0002726651449436316,-6.619063415680624e-05,-0.0002370885696894986,0.00048823654784537705,8.554067635627395e-05,-0.00010331671213105952,-8.768461459444484e-05,-0.00022736340045796818,2.2895058890926505e-05,1.0014592737485391e-06,-0.0001444206267244934,0.78125
0.000534635421345019,1.2129681557641803e-05,-5.709142572591755e-06,-0.00027266514494313665,-6.619063415613406e-05,-0.00023708856968898085,0.0004882365478458948,8.554067635674416e-05,-0.00010331671213093086,-8.768461459366724e-05,-0.00022736340045731226,2.289505889139751e-05,1.001459274267893e-06,-0.0001444206267238375,0.7890625
0.0005346354213450836,1.2129681557782605e-05,-5.70914257243934e-06,-0.00027266514494311714,-6.619063415620747e-05,-0.00023708856968903547,0.00048823654784584016,8.55406763566711e-05,-0.00010331671213063838,-8.76846145938684e-05,-0.00022736340045736693,2.2895058891345973e-05,1.0014592744203078e-06,-0.00014442062672389213,0.796875
0.0005346354213454,1.2129681557943023e-05,-5.709142572214854e-06,-0.00027266514494304786,-6.619063415607585e-05,-0.00023708856968877425,0.0004882365478461014,8.55406763567592e-05,-0.00010331671213047958,-8.768461459365082e-05,-0.00022736340045720295,2.2895058891580537e-05,1.0014592746447936e-06,-0.00014442062672372817,0.8046875
0.0005346354213444001,1.2129681557052417e-05,-5.709142573229676e-06,-0.0002726651449438547,-6.619063415686531e-05,-0.00023708856968967842,0.0004882365478451973,8.554067635600236e-05,-0.00010331671213158768,-8.768461459463127e-05,-0.00022736340045791353,2.2895058890548468e-05,1.001459273629972e-06,-0.00014442062672460272,0.8125
0.0005346354213438502,1.2129681556430757e-05,-5.7091425736909e-06,-0.00027266514494426764,-6.619063415769003e-05,-0.00023708856969013208,0.00048823654784474355,8.554067635541395e-05,-0.0001033167121318941,-8.768461459494178e-05,-0.00022736340045848745,2.2895058890257325e-05,1.0014592731687476e-06,-0.00014442062672501266,0.8203125
0.0005346354213442213,1.2129681556887918e-05,-5.7091425733785274e-06,-0.00027266514494386193,-6.619063415738915e-05,-0.00023708856968984835,0.0004882365478450273,8.554067635557267e-05,-0.0001033167121317454,-8.76846145946687e-05,-0.0002273634004581868,2.289505889049528e-05,1.00145927348112e-06,-0.00014442062672460272,0.828125
0.000534635421344777,1.21296815574521e-05,-5.709142572831419e-06,-0.00027266514494333756,-6.619063415671147e-05,-0.00023708856968932514,0.0004882365478455505,8.554067635631209e-05,-0.00010331671213102404,-8.76846145941526e-05,-0.00022736340045764023,2.2895058891099737e-05,1.001459274028229e-06,-0.00014442062672416543,0.8359375
0.0005346354213447073,1.2129681557449596e-05,-5.709142572811028e-06,-0.0002726651449433966,-6.619063415674955e-05,-0.00023708856968934335,0.00048823654784553225,8.554067635631735e-05,-0.00010331671213111465,-8.768461459411647e-05,-0.00022736340045772222,2.2895058890912502e-05,1.0014592740486194e-06,-0.00014442062672419278,0.84375
0.0005346354213450515,1.2129681557726413e-05,-5.709142572501999e-06,-0.0002726651449430647,-6.619063415651777e-05,-0.00023708856968910458,0.0004882365478457711,8.554067635645084e-05,-0.00010331671213084268,-8.768461459391899e-05,-0.00022736340045742158,2.2895058891320257e-05,1.0014592743576488e-06,-0.0001444206267238648,0.8515625
0.0005346354213450687,1.2129681557621337e-05,-5.709142572581105e-06,-0.00027266514494322594,-6.619063415643376e-05,-0.0002370885696891577,0.0004882365478457179,8.554067635646348e-05,-0.00010331671213087395,-8.768461459392539e-05,-0.00022736340045753092,2.28950588912106e-05,1.0014592742785416e-06,-0.0001444206267239468,0.859375
0.000534635421343871,1.2129681556569615e-05,-5.709142573705979e-06,-0.00027266514494433925,-6.619063415753837e-05,-0.00023708856969019177,0.00048823654784468386,8.554067635539028e-05,-0.00010331671213198195,-8.768461459506318e-05,-0.0002273634004584601,2.2895058890119317e-05,1.0014592731536687e-06,-0.00014442062672512197,0.8671875
0.0005346354213449479,1.2129681557598541e-05,-5.709142572636199e-06,-0.0002726651449433011,-6.619063415645816e-05,-0.0002370885696891358,0.00048823654784573993,8.554067635648328e-05,-0.00010331671213100854,-8.768461459404702e-05,-0.00022736340045742158,2.2895058891219223e-05,1.001459274223449e-06,-0.00014442062672397413,0.875
0.000534635421345325,1.2129681557958934e-05,-5.709142572214655e-06,-0.00027266514494301815,-6.619063415615007e-05,-0.00023708856968878976,0.0004882365478460859,8.554067635678136e-05,-0.0001033167121306092,-8.768461459364927e-05,-0.00022736340045714827,2.2895058891527712e-05,1.001459274644992e-06,-0.00014442062672364618,0.8828125
0.0005346354213450584,1.2129681557673965e-05,-5.7091425725451055e-06,-0.0002726651449432604,-6.61906341562692e-05,-0.0002370885696890837,0.000488236547845792,8.554067635661336e-05,-0.00010331671213070244,-8.768461459394005e-05,-0.00022736340045744892,2.28950588912868e-05,1.0014592743145426e-06,-0.0001444206267239468,0.890625
0.0005346354213448214,1.212968155756653e-05,-5.7091425726929026e-06,-0.00027266514494339426,-6.61906341563825e-05,-0.0002370885696892172,0.00048823654784565845,8.554067635642644e-05,-0.00010331671213077876,-8.768461459400122e-05,-0.00022736340045742158,2.289505889120206e-05,1.0014592741667456e-06,-0.0001444206267241108,0.8984375
0.0005346354213447466,1.212968155739454e-05,-5.709142572943984e-06,-0.0002726651449434252,-6.619063415666857e-05,-0.0002370885696893834,0.00048823654784549224,8.554067635628882e-05,-0.00010331671213120666,-8.7684614594267e-05,-0.00022736340045770854,2.289505889080335e-05,1.0014592739156632e-06,-0.0001444206267242611,0.90625
0.0005346354213447354,1.2129681557463167e-05,-5.709142572789113e-06,-0.00027266514494336244,-6.619063415676257e-05,-0.00023708856968927892,0.00048823654784559676,8.55406763562975e-05,-0.00010331671213124915,-8.768461459410973e-05,-0.00022736340045772222,2.2895058890946556e-05,1.0014592740705343e-06,-0.00014442062672427475,0.9140625
0.0005346354213445442,1.2129681557214473e-05,-5.709142573018473e-06,-0.0002726651449436479,-6.619063415688064e-05,-0.00023708856968950945,0.00048823654784536626,8.554067635608259e-05,-0.000103316712131375,-8.768461459439822e-05,-0.00022736340045783154,2.2895058890803963e-05,1.0014592738411743e-06,-0.00014442062672432942,0.921875
0.0005346354213451393,1.212968155766191e-05,-5.709142572371088e-06,-0.0002726651449430565,-6.619063415625952e-05,-0.00023708856968899521,0.0004882365478458805,8.55406763566806e-05,-0.00010331671213090135,-8.7684614593873e-05,-0.00022736340045723027,2.289505889134127e-05,1.0014592744885599e-06,-0.00014442062672389213,0.9296875
0.0005346354213454844,1.2129681558044462e-05,-5.709142572104624e-06,-0.00027266514494254186,-6.6190634155918e-05,-0.00023708856968861423,0.00048823654784626143,8.554067635709428e-05,-0.00010331671213029465,-8.768461459356264e-05,-0.00022736340045697066,2.2895058891753226e-05,1.0014592747550241e-06,-0.0001444206267235232,0.9375
0.0005346354213450479,1.21296815577156e-05,-5.7091425724983094e-06,-0.00027266514494309475,-6.619063415637473e-05,-0.00023708856968903175,0.0004882365478458439,8.55406763565299e-05,-0.00010331671213073917,-8.768461459389315e-05,-0.00022736340045736693,2.289505889128275e-05,1.0014592743613376e-06,-0.00014442062672389213,0.9453125
0.0005346354213440717,1.2129681556765385e-05,-5.70914257344595e-06,-0.00027266514494410794,-6.619063415737169e-05,-0.00023708856969000415,0.00048823654784487154,8.554067635558594e-05,-0.00010331671213175592,-8.768461459486904e-05,-0.00022736340045832347,2.289505889036483e-05,1.001459273413697e-06,-0.00014442062672482135,0.953125
0.0005346354213442636,1.2129681556945037e-05,-5.7091425732691255e-06,-0.0002726651449438782,-6.619063415729638e-05,-0.00023708856968991212,0.0004882365478449636,8.554067635578606e-05,-0.00010331671213175721,-8.768461459475953e-05,-0.00022736340045821415,2.2895058890443378e-05,1.0014592735905222e-06,-0.0001444206267246847,0.9609375
0.0005346354213454015,1.2129681557997314e-05,-5.709142572072905e-06,-0.00027266514494290014,-6.619063415577661e-05,-0.00023708856968862664,0.000488236547846249,8.554067635684824e-05,-0.00010331671213041521,-8.768461459349564e-05,-0.00022736340045692965,2.289505889174788e-05,1.0014592747867421e-06,-0.00014442062672350952,0.96875
0.0005346354213460417,1.2129681558623589e-05,-5.709142571637369e-06,-0.0002726651449422191,-6.619063415539065e-05,-0.00023708856968805388,0.0004882365478468218,8.5540676357431e-05,-0.00010331671212984016,-8.768461459288853e-05,-0.0002273634004564924,2.2895058892316693e-05,1.001459275222279e-06,-0.0001444206267230176,0.9765625
0.0005346354213446242,1.2129681557283875e-05,-5.709142572914024e-06,-0.0002726651449435779,-6.619063415681194e-05,-0.00023708856968948611,0.0004882365478453895,8.554067635613706e-05,-0.00010331671213129347,-8.768461459436924e-05,-0.00022736340045770854,2.2895058890936564e-05,1.0014592739456234e-06,-0.0001444206267242816,0.984375
0.0005346354213446407,1.2129681557572307e-05,-5.70914257278694e-06,-0.00027266514494342294,-6.619063415660132e-05,-0.00023708856968943838,0.0004882365478454373,8.554067635610782e-05,-0.0001033167121309346,-8.768461459414158e-05,-0.00022736340045769488,2.2895058890960674e-05,1.0014592740727071e-06,-0.00014442062672424743,0.9921875
0.0005346354213444182,1.2129681556930217e-05,-5.709142573231932e-06,-0.0002726651449441256,-6.619063415708409e-05,-0.00023708856968965894,0.0004882365478452167,8.55406763558302e-05,-0.00010331671213164442,-8.76846145947497e-05,-0.00022736340045802285,2.2895058890468352e-05,1.0014592736277148e-06,-0.00014442062672460272,1.0
0.0005346354213435189,1.2129681556230034e-05,-5.709142573947947e-06,-0.00027266514494467535,-6.619063415787976e-05,-0.00023708856969056845,0.0004882365478443072,8.554067635484462e-05,-0.0001033167121320365,-8.768461459519847e-05,-0.0002273634004588974,2.289505889002362e-05,1.0014592729117004e-06,-0.00014442062672525863,1.0078125
0.0005346354213446048,1.2129681557383368e-05,-5.709142572890065e-06,-0.0002726651449436472,-6.61906341568067e-05,-0.00023708856968940106,0.0004882365478454746,8.554067635602725e-05,-0.0001033167121312082,-8.768461459426401e-05,-0.00022736340045791353,2.2895058890781673e-05,1.0014592739695823e-06,-0.0001444206267244114,1.015625
0.00053463542134439,1.2129681556876595e-05,-5.7091425732484545e-06,-0.00027266514494417646,-6.61906341572102e-05,-0.00023708856968980235,0.0004882365478450733,8.554067635573881e-05,-0.00010331671213164627,-8.76846145948312e-05,-0.0002273634004581868,2.2895058890583884e-05,1.0014592736111923e-06,-0.00014442062672482135,1.0234375
0.0005346354213449137,1.2129681557644501e-05,-5.709142572559017e-06,-0.0002726651449430685,-6.619063415602933e-05,-0.00023708856968900007,0.0004882365478458756,8.554067635649575e-05,-0.00010331671213058394,-8.768461459402199e-05,-0.00022736340045720295,2.289505889131173e-05,1.0014592743006306e-06,-0.00014442062672361886,1.03125
0.0005346354213441839,1.2129681556808668e-05,-5.709142573455887e-06,-0.00027266514494395214,-6.619063415693942e-05,-0.00023708856969001263,0.000488236547844863,8.554067635561027e-05,-0.00010331671213146487,-8.768461459471844e-05,-0.00022736340045813558,2.2895058890374775e-05,1.0014592734037603e-06,-0.00014442062672473594,1.0390625
0.0005346354213447982,1.2129681557482708e-05,-5.7091425728740355e-06,-0.00027266514494339177,-6.619063415654169e-05,-0.00023708856968933164,0.000488236547845544,8.554067635640888e-05,-0.00010331671213092717,-8.768461459405585e-05,-0.00022736340045753092,2.2895058891089664e-05,1.0014592739856118e-06,-0.0001444206267242201,1.046875
0.0005346354213452357,1.2129681557826424e-05,-5.709142572452197e-06,-0.00027266514494300633,-6.619063415615812e-05,-0.00023708856968896835,0.0004882365478459073,8.554067635675295e-05,-0.00010331671213063399,-8.76846145937068e-05,-0.00022736340045725762,2.2895058891401518e-05,1.0014592744074503e-06,-0.00014442062672370083,1.0546875
0.0005346354213459157,1.2129681558573525e-05,-5.709142571620839e-06,-0.000272665144942325,-6.619063415537086e-05,-0.00023708856968808007,0.0004882365478467956,8.554067635749972e-05,-0.0001033167121299006,-8.768461459300119e-05,-0.00022736340045654703,2.2895058892215462e-05,1.001459275238809e-06,-0.00014442062672296294,1.0625
0.0005346354213448646,1.2129681557609109e-05,-5.709142572813327e-06,-0.00027266514494348756,-6.619063415657509e-05,-0.00023708856968950062,0.000488236547845375,8.554067635629962e-05,-0.00010331671213105826,-8.768461459407904e-05,-0.00022736340045764023,2.2895058891020075e-05,1.0014592740463214e-06,-0.00014442062672408344,1.0703125
0.0005346354213441109,1.212968155683736e-05,-5.709142573603557e-06,-0.00027266514494386806,-6.619063415728647e-05,-0.0002370885696899267,0.00048823654784494895,8.554067635574846e-05,-0.0001033167121318316,-8.768461459501103e-05,-0.00022736340045829615,2.2895058890232202e-05,1.001459273256091e-06,-0.00014442062672493066,1.078125
0.0005346354213448696,1.2129681557549842e-05,-5.709142572593484e-06,-0.0002726651449432092,-6.619063415670337e-05,-0.00023708856968920663,0.000488236547845669,8.55406763563891e-05,-0.00010331671213100077,-8.768461459408291e-05,-0.00022736340045747625,2.2895058891154543e-05,1.001459274266164e-06,-0.00014442062672405612,1.0859375
0.0005346354213449479,1.2129681557603642e-05,-5.709142572422631e-06,-0.00027266514494328275,-6.619063415625004e-05,-0.00023708856968904173,0.000488236547845834,8.554067635642074e-05,-0.00010331671213098248,-8.768461459360727e-05,-0.00022736340045725762,2.289505889132574e-05,1.0014592744370162e-06,-0.0001444206267239468,1.09375
0.0005346354213461573,1.212968155876256e-05,-5.709142571490576e-06,-0.0002726651449420662,-6.619063415538187e-05,-0.00023708856968809056,0.00048823654784678505,8.554067635752454e-05,-0.00010331671212984557,-8.768461459279332e-05,-0.0002273634004562191,2.2895058892433658e-05,1.001459275369072e-06,-0.0001444206267228536,1.1015625
0.0005346354213445528,1.2129681557242611e-05,-5.709142573070211e-06,-0.0002726651449436383,-6.619063415684893e-05,-0.00023708856968951124,0.0004882365478453644,8.554067635612903e-05,-0.00010331671213130003,-8.768461459437116e-05,-0.00022736340045788618,2.2895058890849354e-05,1.0014592737894366e-06,-0.0001444206267244114,1.109375
0.0005346354213450338,1.2129681557755032e-05,-5.709142572565984e-06,-0.0002726651449430234,-6.619063415630507e-05,-0.0002370885696889879,0.00048823654784588776,8.554067635657861e-05,-0.00010331671213076844,-8.768461459402408e-05,-0.00022736340045740791,2.2895058891111717e-05,1.001459274293664e-06,-0.0001444206267238648,1.1171875
0.0005346354213444985,1.2129681556882246e-05,-5.709142573030433e-06,-0.0002726651449437627,-6.619063415688853e-05,-0.0002370885696897819,0.0004882365478450937,8.554067635599864e-05,-0.00010331671213117945,-8.768461459452456e-05,-0.00022736340045802285,2.2895058890788764e-05,1.001459273829214e-06,-0.00014442062672443873,1.125
0.0005346354213436346,1.2129681556634914e-05,-5.709142573916396e-06,-0.0002726651449443408,-6.619063415750688e-05,-0.00023708856969026454,0.00048823654784461106,8.554067635542823e-05,-0.00010331671213172963,-8.768461459522636e-05,-0.00022736340045859677,2.2895058890049155e-05,1.0014592729432516e-06,-0.00014442062672512197,1.1328125
0.0005346354213432368,1.2129681555928482e-05,-5.709142574388373e-06,-0.0002726651449449053,-6.619063415808663e-05,-0.00023708856969081296,0.0004882365478440628,8.554067635477778e-05,-0.00010331671213233772,-8.768461459564006e-05,-0.00022736340045919118,2.2895058889445458e-05,1.0014592724712744e-06,-0.00014442062672562417,1.140625
0.0005346354213437109,1.2129681556321172e-05,-5.709142573805237e-06,-0.0002726651449445535,-6.619063415765486e-05,-0.00023708856969025161,0.00048823654784462407,8.554067635524237e-05,-0.00010331671213204672,-8.768461459525287e-05,-0.0002273634004586514,2.2895058889992472e-05,1.0014592730544105e-06,-0.0001444206267252313,1.1484375
0.0005346354213448336,1.2129681557780516e-05,-5.709142572554648e-06,-0.00027266514494329115,-6.619063415647434e-05,-0.00023708856968907268,0.000488236547845803,8.55406763565058e-05,-0.00010331671213066047,-8.768461459373976e-05,-0.00022736340045731226,2.289505889140127e-05,1.0014592743049996e-06,-0.00014442062672381017,1.15625
0.000534635421346615,1.2129681559364929e-05,-5.709142570945199e-06,-0.00027266514494172475,-6.61906341547564e-05,-0.00023708856968750652,0.0004882365478473691,8.554067635817981e-05,-0.00010331671212903856,-8.768461459234374e-05,-0.00022736340045583647,2.2895058892919282e-05,1.0014592759144486e-06,-0.00014442062672230703,1.1640625
0.0005346354213465767,1.2129681559283573e-05,-5.709142570940602e-06,-0.0002726651449415065,-6.619063415472018e-05,-0.00023708856968742965,0.000488236547847446,8.55406763582623e-05,-0.00010331671212923278,-8.768461459229372e-05,-0.00022736340045575448,2.289505889298612e-05,1.0014592759190452e-06,-0.00014442062672233435,1.171875
0.000534635421344321,1.2129681557071426e-05,-5.709142573150929e-06,-0.0002726651449437963,-6.619063415714878e-05,-0.000237088569689686,0.0004882365478451897,8.554067635595891e-05,-0.000103316712131516,-8.768461459461059e-05,-0.0002273634004580775,2.2895058890685246e-05,1.0014592737087182e-06,-0.00014442062672454805,1.1796875
0.0005346354213443327,1.2129681557044055e-05,-5.709142573175314e-06,-0.0002726651449437527,-6.619063415707085e-05,-0.00023708856968963224,0.0004882365478452435,8.554067635592123e-05,-0.00010331671213158012,-8.768461459462482e-05,-0.0002273634004580775,2.2895058890704142e-05,1.0014592736843336e-06,-0.00014442062672460272,1.1875
0.0005346354213436532,1.2129681556361572e-05,-5.70914257396108e-06,-0.00027266514494447803,-6.619063415789096e-05,-0.00023708856969049393,0.00048823654784438175,8.554067635513627e-05,-0.00010331671213225372,-8.768461459535613e-05,-0.00022736340045876075,2.289505888986151e-05,1.001459272898567e-06,-0.00014442062672539527,1.1953125
0.0005346354213426621,1.2129681555391875e-05,-5.709142574946086e-06,-0.00027266514494549024,-6.619063415879055e-05,-0.0002370885696914396,0.0004882365478434361,8.55406763541626e-05,-0.00010331671213316494,-8.768461459632005e-05,-0.00022736340045977194,2.2895058888977465e-05,1.0014592719135625e-06,-0.0001444206267262425,1.203125
0.000534635421343808,1.2129681556548519e-05,-5.709142573728854e-06,-0.00027266514494437606,-6.619063415753957e-05,-0.00023708856969021643,0.0004882365478446592,8.55406763552985e-05,-0.00010331671213204105,-8.768461459510298e-05,-0.0002273634004586241,2.28950588901514e-05,1.0014592731307931e-06,-0.00014442062672504,1.2109375
0.0005346354213441624,1.2129681556750128e-05,-5.709142573413533e-06,-0.00027266514494409883,-6.619063415738737e-05,-0.00023708856968995137,0.0004882365478449243,8.554067635547809e-05,-0.00010331671213174123,-8.768461459481946e-05,-0.00022736340045828246,2.2895058890438174e-05,1.0014592734461156e-06,-0.00014442062672479403,1.21875
0.0005346354213466856,1.2129681559568567e-05,-5.709142570857373e-06,-0.00027266514494151686,-6.61906341546264e-05,-0.00023708856968732953,0.0004882365478475461,8.554067635830522e-05,-0.0001033167121288739,-8.76846145920125e-05,-0.0002273634004557818,2.2895058893164078e-05,1.0014592760022744e-06,-0.0001444206267221977,1.2265625
0.0005346354213466587,1.2129681559403689e-05,-5.709142570855577e-06,-0.0002726651449415108,-6.619063415451945e-05,-0.00023708856968737973,0.00048823654784749596,8.554067635833429e-05,-0.0001033167121288586,-8.76846145922635e-05,-0.00022736340045567249,2.2895058893000496e-05,1.0014592760040706e-06,-0.00014442062672230703,1.234375
0.0005346354213466566,1.2129681559416466e-05,-5.709142570817845e-06,-0.000272665144941504,-6.619063415451398e-05,-0.00023708856968731703,0.0004882365478475586,8.554067635847794e-05,-0.00010331671212902406,-8.768461459227958e-05,-0.0002273634004557818,2.289505889294037e-05,1.0014592760418016e-06,-0.00014442062672236167,1.2421875
0.0005346354213451655,1.2129681557826676e-05,-5.709142572155571e-06,-0.0002726651449429124,-6.619063415596987e-05,-0.00023708856968897662,0.0004882365478458991,8.554067635685611e-05,-0.00010331671213052261,-8.768461459364877e-05,-0.00022736340045714827,2.2895058891383808e-05,1.0014592747040757e-06,-0.0001444206267236735,1.25
0.0005346354213438282,1.2129681556538425e-05,-5.709142573664999e-06,-0.000272665144944414,-6.619063415771587e-05,-0.00023708856969024262,0.00048823654784463307,8.554067635526692e-05,-0.00010331671213199007,-8.768461459514849e-05,-0.0002273634004586241,2.289505889015801e-05,1.0014592731946488e-06,-0.00014442062672514932,1.2578125
0.000534635421342592,1.2129681555374455e-05,-5.70914257468628e-06,-0.0002726651449455964,-6.619063415864754e-05,-0.00023708856969123051,0.00048823654784364514,8.554067635411567e-05,-0.00010331671213314512,-8.768461459614754e-05,-0.00022736340045960795,2.28950588887646e-05,1.0014592721733672e-06,-0.0001444206267262425,1.265625
0.0005346354213434462,1.2129681555929429e-05,-5.709142574461936e-06,-0.0002726651449447166,-6.619063415837017e-05,-0.0002370885696908449,0.00048823654784403085,8.554067635485154e-05,-0.00010331671213266085,-8.768461459572312e-05,-0.0002273634004591707,2.2895058889474498e-05,1.001459272397712e-06,-0.00014442062672558658,1.2734375
0.0005346354213439315,1.2129681556632883e-05,-5.7091425736757555e-06,-0.0002726651449443337,-6.619063415753562e-05,-0.00023708856969012628,0.0004882365478447494,8.554067635538696e-05,-0.00010331671213207595,-8.768461459493916e-05,-0.00022736340045840546,2.2895058890269167e-05,1.0014592731838926e-06,-0.00014442062672493066,1.28125
0.0005346354213450983,1.2129681557795082e-05,-5.709142572483788e-06,-0.0002726651449431203,-6.619063415626491e-05,-0.0002370885696889797,0.000488236547845896,8.55406763566283e-05,-0.00010331671213066,-8.768461459389105e-05,-0.00022736340045731226,2.289505889134188e-05,1.0014592743758604e-06,-0.00014442062672372817,1.2890625
0.000534635421346331,1.2129681558955397e-05,-5.709142571254076e-06,-0.0002726651449419337,-6.619063415504517e-05,-0.00023708856968775573,0.00048823654784711996,8.554067635788198e-05,-0.00010331671212944542,-8.768461459262122e-05,-0.00022736340045610974,2.289505889261895e-05,1.001459275605572e-06,-0.00014442062672263497,1.296875
0.0005346354213457688,1.2129681558452949e-05,-5.709142571821223e-06,-0.0002726651449424546,-6.61906341556253e-05,-0.00023708856968833293,0.00048823654784654273,8.554067635730635e-05,-0.00010331671213004909,-8.768461459318282e-05,-0.0002273634004566017,2.289505889202101e-05,1.0014592750384248e-06,-0.0001444206267231269,1.3046875
0.000534635421344681,1.2129681557411976e-05,-5.709142572935318e-06,-0.000272665144943425,-6.619063415675177e-05,-0.00023708856968930833,0.00048823654784556727,8.55406763560956e-05,-0.00010331671213122817,-8.768461459424885e-05,-0.0002273634004578042,2.289505889093223e-05,1.0014592739243298e-06,-0.00014442062672416543,1.3125
0.0005346354213452449,1.2129681557970809e-05,-5.709142572359637e-06,-0.00027266514494295304,-6.61906341564833e-05,-0.00023708856968890027,0.0004882365478459754,8.554067635674025e-05,-0.00010331671213059558,-8.768461459391589e-05,-0.00022736340045731226,2.289505889146938e-05,1.0014592745000105e-06,-0.0001444206267239468,1.3203125
0.0005346354213446844,1.2129681557626419e-05,-5.70914257289028e-06,-0.00027266514494336835,-6.619063415647054e-05,-0.00023708856968931654,0.0004882365478455591,8.554067635632615e-05,-0.00010331671213092331,-8.768461459409303e-05,-0.00022736340045753092,2.289505889121673e-05,1.0014592739693676e-06,-0.00014442062672416543,1.328125
0.0005346354213445524,1.212968155734989e-05,-5.7091425729322275e-06,-0.0002726651449437078,-6.61906341569675e-05,-0.00023708856968934257,0.0004882365478455331,8.554067635627574e-05,-0.00010331671213124082,-8.768461459465213e-05,-0.00022736340045802285,2.2895058891021705e-05,1.00145927392742e-06,-0.00014442062672443873,1.3359375
0.0005346354213442928,1.2129681556849134e-05,-5.70914257336091e-06,-0.0002726651449438995,-6.619063415719028e-05,-0.00023708856968991782,0.0004882365478449578,8.554067635585243e-05,-0.0001033167121315551,-8.768461459478837e-05,-0.00022736340045813216,2.289505889043936e-05,1.0014592734987381e-06,-0.00014442062672460272,1.34375
0.0005346354213442702,1.2129681557221303e-05,-5.709142573122128e-06,-0.00027266514494363734,-6.619063415721216e-05,-0.00023708856968956645,0.00048823654784530923,8.554067635593969e-05,-0.00010331671213146398,-8.768461459458003e-05,-0.00022736340045796818,2.2895058890702644e-05,1.0014592737375197e-06,-0.0001444206267246574,1.3515625
0.0005346354213449275,1.2129681557439926e-05,-5.7091425726821935e-06,-0.0002726651449433141,-6.619063415673156e-05,-0.00023708856968938347,0.00048823654784549224,8.554067635612967e-05,-0.00010331671213103803,-8.768461459412544e-05,-0.00022736340045768121,2.2895058890986936e-05,1.0014592741774542e-06,-0.00014442062672423377,1.359375
0.0005346354213443712,1.2129681557121166e-05,-5.709142573148264e-06,-0.0002726651449438934,-6.619063415713968e-05,-0.0002370885696896279,0.00048823654784524776,8.554067635590996e-05,-0.0001033167121312841,-8.768461459452327e-05,-0.00022736340045796818,2.289505889069056e-05,1.0014592737113828e-06,-0.00014442062672454805,1.3671875
0.000534635421344701,1.2129681557291538e-05,-5.709142572877496e-06,-0.0002726651449433039,-6.619063415687178e-05,-0.00023708856968953002,0.00048823654784534566,8.554067635593371e-05,-0.00010331671213116727,-8.768461459432741e-05,-0.00022736340045774955,2.2895058891046747e-05,1.0014592739821517e-06,-0.00014442062672427475,1.375
0.000534635421345399,1.2129681558060215e-05,-5.7091425721955206e-06,-0.00027266514494274455,-6.619063415600631e-05,-0.00023708856968877078,0.0004882365478461049,8.554067635632004e-05,-0.00010331671213031755,-8.768461459362618e-05,-0.000227363400456875,2.2895058891613076e-05,1.0014592746641265e-06,-0.00014442062672350952,1.3828125
0.0005346354213463918,1.2129681559227877e-05,-5.709142571104255e-06,-0.0002726651449418448,-6.619063415487027e-05,-0.00023708856968755095,0.0004882365478473247,8.554067635808302e-05,-0.00010331671212930763,-8.768461459248421e-05,-0.00022736340045594579,2.2895058892799332e-05,1.001459275755393e-06,-0.00014442062672252566,1.390625
0.0005346354213458934,1.2129681558698714e-05,-5.709142571570219e-06,-0.0002726651449423139,-6.619063415520934e-05,-0.00023708856968807839,0.00048823654784679724,8.554067635748675e-05,-0.00010331671212973775,-8.768461459297311e-05,-0.00022736340045638305,2.289505889232092e-05,1.0014592752894284e-06,-0.00014442062672290827,1.3984375
0.0005346354213450655,1.2129681557715171e-05,-5.70914257260709e-06,-0.00027266514494323467,-6.619063415615763e-05,-0.00023708856968899605,0.0004882365478458795,8.554067635653976e-05,-0.00010331671213076795,-8.768461459395962e-05,-0.00022736340045747625,2.2895058891084155e-05,1.0014592742525574e-06,-0.00014442062672405612,1.40625
0.0005346354213435217,1.2129681556197313e-05,-5.709142574060013e-06,-0.000272665144944657,-6.619063415773062e-05,-0.00023708856969054804,0.0004882365478443276,8.554067635502037e-05,-0.0001033167121321285,-8.768461459542178e-05,-0.0002273634004588974,2.2895058889781266e-05,1.0014592727996342e-06,-0.00014442062672536795,1.4140625
0.0005346354213424767,1.212968155509408e-05,-5.709142575135415e-06,-0.00027266514494582385,-6.619063415910316e-05,-0.00023708856969169127,0.00048823654784318436,8.554067635391933e-05,-0.00010331671213346786,-8.768461459652322e-05,-0.00022736340046001791,2.2895058888683392e-05,1.0014592717242323e-06,-0.00014442062672650213,1.421875
0.0005346354213434718,1.2129681556080714e-05,-5.709142574138671e-06,-0.0002726651449445862,-6.61906341580684e-05,-0.00023708856969056828,0.00048823654784430743,8.554067635502618e-05,-0.00010331671213251622,-8.768461459560865e-05,-0.00022736340045906138,2.2895058889733934e-05,1.0014592727209768e-06,-0.00014442062672553193,1.4296875
0.0005346354213446033,1.2129681557375568e-05,-5.709142572856167e-06,-0.0002726651449432741,-6.619063415676756e-05,-0.00023708856968940743,0.00048823654784546823,8.554067635629494e-05,-0.00010331671213121348,-8.768461459414508e-05,-0.00022736340045777687,2.2895058890851732e-05,1.0014592740034808e-06,-0.00014442062672419278,1.4375
0.0005346354213457794,1.2129681558450326e-05,-5.709142571824724e-06,-0.0002726651449423236,-6.619063415565601e-05,-0.00023708856968833732,0.00048823654784653834,8.554067635732697e-05,-0.00010331671213015264,-8.768461459318212e-05,-0.00022736340045665635,2.2895058892083064e-05,1.0014592750349234e-06,-0.00014442062672318157,1.4453125
0.0005346354213452142,1.2129681557899895e-05,-5.709142572336192e-06,-0.00027266514494294556,-6.61906341561912e-05,-0.0002370885696888235,0.0004882365478460522,8.554067635675013e-05,-0.00010331671213060595,-8.768461459367724e-05,-0.00022736340045717562,2.28950588915619e-05,1.0014592745234553e-06,-0.0001444206267236735,1.453125
0.0005346354213440148,1.2129681556774063e-05,-5.709142573500145e-06,-0.0002726651449441246,-6.619063415732088e-05,-0.00023708856969003922,0.0004882365478448364,8.554067635559613e-05,-0.00010331671213182386,-8.768461459490175e-05,-0.00022736340045829615,2.2895058890317648e-05,1.001459273359502e-06,-0.00014442062672487602,1.4609375
0.0005346354213452329,1.2129681557784785e-05,-5.709142572580317e-06,-0.0002726651449429886,-6.619063415632873e-05,-0.0002370885696890463,0.0004882365478458294,8.554067635669261e-05,-0.00010331671213075723,-8.768461459394068e-05,-0.00022736340045731226,2.2895058891329747e-05,1.0014592742793313e-06,-0.00014442062672372817,1.46875
0.000534635421346406,1.2129681559274975e-05,-5.709142571177526e-06,-0.00027266514494170166,-6.619063415509137e-05,-0.00023708856968773093,0.00048823654784714473,8.554067635811891e-05,-0.00010331671212913553,-8.768461459231146e-05,-0.00022736340045594579,2.289505889263576e-05,1.0014592756821216e-06,-0.00014442062672252566,1.4765625
0.0005346354213462411,1.2129681559090043e-05,-5.709142571267852e-06,-0.0002726651449417641,-6.619063415508919e-05,-0.00023708856968774713,0.00048823654784712847,8.55406763579734e-05,-0.00010331671212948389,-8.768461459264251e-05,-0.00022736340045610974,2.289505889260693e-05,1.001459275591795e-06,-0.00014442062672258033,1.484375
0.0005346354213448737,1.2129681557607046e-05,-5.7091425726561566e-06,-0.0002726651449432928,-6.619063415646093e-05,-0.00023708856968918422,0.0004882365478456914,8.554067635652417e-05,-0.00010331671213076085,-8.768461459402754e-05,-0.00022736340045758556,2.289505889126068e-05,1.0014592742034907e-06,-0.00014442062672405612,1.4921875
0.0005346354213438593,1.2129681556611624e-05,-5.709142573388891e-06,-0.0002726651449440687,-6.619063415745966e-05,-0.00023708856968992757,0.0004882365478449481,8.554067635556935e-05,-0.0001033167121318746,-8.768461459506687e-05,-0.00022736340045829615,2.2895058890570802e-05,1.0014592734707566e-06,-0.00014442062672487602,1.5
0.0005346354213445309,1.2129681557107886e-05,-5.709142573252784e-06,-0.0002726651449438164,-6.619063415712867e-05,-0.00023708856968944107,0.00048823654784543456,8.554067635580784e-05,-0.00010331671213140754,-8.768461459453273e-05,-0.00022736340045785886,2.2895058890907362e-05,1.0014592736068644e-06,-0.00014442062672460272,1.5078125
0.0005346354213454208,1.2129681557871212e-05,-5.709142572290972e-06,-0.000272665144943,-6.619063415615004e-05,-0.000237088569688882,0.0004882365478459937,8.554067635681895e-05,-0.00010331671213081979,-8.768461459374724e-05,-0.00022736340045698432,2.289505889157326e-05,1.001459274568676e-06,-0.00014442062672372817,1.515625
0.000534635421345131,1.2129681557794933e-05,-5.7091425724389045e-06,-0.00027266514494316414,-6.61906341562219e-05,-0.00023708856968885562,0.00048823654784602003,8.554067635660379e-05,-0.00010331671213064274,-8.768461459395351e-05,-0.00022736340045731226,2.2895058891325607e-05,1.0014592744207428e-06,-0.00014442062672372817,1.5234375
0.0005346354213435588,1.2129681556241923e-05,-5.709142573948209e-06,-0.0002726651449446332,-6.619063415772461e-05,-0.00023708856969051253,0.00048823654784436316,8.554067635509056e-05,-0.00010331671213212482,-8.768461459544135e-05,-0.0002273634004587334,2.2895058889858837e-05,1.001459272911439e-06,-0.00014442062672547726,1.53125
0.0005346354213427557,1.2129681555494076e-05,-5.709142574752093e-06,-0.000272665144945525,-6.619063415860944e-05,-0.00023708856969126312,0.00048823654784361256,8.554067635436277e-05,-0.00010331671213299027,-8.768461459618227e-05,-0.00022736340045960795,2.2895058889131757e-05,1.0014592721075547e-06,-0.00014442062672607854,1.5390625
0.000534635421344735,1.2129681557453985e-05,-5.709142572753245e-06,-0.0002726651449435184,-6.619063415656897e-05,-0.00023708856968928,0.0004882365478455957,8.554067635629231e-05,-0.00010331671213101537,-8.768461459416608e-05,-0.00022736340045758556,2.2895058891096488e-05,1.0014592741064027e-06,-0.00014442062672416543,1.546875
0.0005346354213458001,1.2129681558583092e-05,-5.709142571683636e-06,-0.0002726651449424001,-6.619063415551428e-05,-0.0002370885696882767,0.000488236547846599,8.55406763573599e-05,-0.00010331671212996311,-8.768461459319332e-05,-0.00022736340045654703,2.2895058892063996e-05,1.001459275176012e-06,-0.00014442062672307226,1.5546875
0.0005346354213456976,1.2129681558358174e-05,-5.70914257186858e-06,-0.0002726651449423718,-6.619063415571404e-05,-0.00023708856968838752,0.00048823654784648814,8.554067635727482e-05,-0.00010331671213016042,-8.768461459319816e-05,-0.00022736340045673834,2.2895058892000143e-05,1.0014592749910679e-06,-0.0001444206267232089,1.5625
0.0005346354213462578,1.2129681558907866e-05,-5.709142571243555e-06,-0.0002726651449416993,-6.619063415519354e-05,-0.00023708856968778283,0.00048823654784709285,8.554067635783097e-05,-0.00010331671212959558,-8.768461459271146e-05,-0.0002273634004561371,2.2895058892552585e-05,1.0014592756160924e-06,-0.0001444206267226623,1.5703125
0.0005346354213462084,1.2129681558862733e-05,-5.709142571434023e-06,-0.00027266514494192343,-6.619063415531026e-05,-0.000237088569687941,0.0004882365478469347,8.554067635779598e-05,-0.00010331671212965184,-8.7684614592729e-05,-0.00022736340045619174,2.2895058892480936e-05,1.001459275425624e-06,-0.00014442062672277164,1.578125
0.0005346354213458119,1.212968155850616e-05,-5.709142571733856e-06,-0.00027266514494228865,-6.619063415562335e-05,-0.00023708856968829338,0.0004882365478465822,8.554067635736638e-05,-0.00010331671213002324,-8.768461459316036e-05,-0.00022736340045654703,2.2895058892091287e-05,1.0014592751257912e-06,-0.00014442062672307226,1.5859375
0.0005346354213446261,1.2129681557282625e-05,-5.709142572881748e-06,-0.0002726651449434078,-6.619063415673949e-05,-0.00023708856968942033,0.0004882365478454554,8.55406763560962e-05,-0.00010331671213128486,-8.768461459431184e-05,-0.0002273634004578042,2.2895058890919932e-05,1.0014592739778996e-06,-0.00014442062672432942,1.59375
0.000534635421343806,1.2129681556578184e-05,-5.709142573735635e-06,-0.00027266514494435617,-6.619063415756132e-05,-0.00023708856969025967,0.000488236547844616,8.55406763553841e-05,-0.00010331671213198409,-8.768461459529001e-05,-0.00022736340045851478,2.289505889013225e-05,1.0014592731240124e-06,-0.00014442062672514932,1.6015625
0.0005346354213431246,1.2129681555866349e-05,-5.709142574386608e-06,-0.00027266514494506057,-6.619063415822677e-05,-0.0002370885696909044,0.00048823654784397127,8.554067635468733e-05,-0.0001033167121325494,-8.768461459575189e-05,-0.00022736340045928,2.289505888945971e-05,1.0014592724730399e-06,-0.00014442062672580523,1.609375
0.0005346354213442707,1.2129681556935833e-05,-5.709142573293694e-06,-0.0002726651449439869,-6.619063415712777e-05,-0.00023708856968984276,0.000488236547845033,8.554067635576393e-05,-0.00010331671213153747,-8.768461459468052e-05,-0.0002273634004581868,2.2895058890528017e-05,1.001459273565954e-06,-0.0001444206267246847,1.6171875
0.0005346354213447016,1.2129681557446362e-05,-5.709142572812416e-06,-0.00027266514494346576,-6.619063415675444e-05,-0.00023708856968930874,0.00048823654784556695,8.554067635620636e-05,-0.00010331671213114096,-8.768461459432789e-05,-0.00022736340045764023,2.289505889095431e-05,1.001459274047231e-06,-0.0001444206267242201,1.625
0.0005346354213437693,1.212968155655468e-05,-5.709142573682878e-06,-0.00027266514494443493,-6.619063415766441e-05,-0.00023708856969032195,0.0004882365478445537,8.554067635526861e-05,-0.00010331671213195315,-8.768461459527376e-05,-0.0002273634004586514,2.289505889013918e-05,1.0014592731767699e-06,-0.00014442062672514932,1.6328125
0.0005346354213438831,1.2129681556670005e-05,-5.709142573509198e-06,-0.00027266514494426753,-6.619063415754992e-05,-0.00023708856969028124,0.0004882365478445944,8.554067635544951e-05,-0.00010331671213168584,-8.768461459491058e-05,-0.0002273634004585421,2.289505889032166e-05,1.001459273350449e-06,-0.00014442062672497167,1.640625
0.0005346354213461094,1.2129681558980723e-05,-5.709142571586011e-06,-0.0002726651449421987,-6.619063415507275e-05,-0.00023708856968781636,0.0004882365478470593,8.554067635748476e-05,-0.00010331671212973257,-8.768461459299149e-05,-0.0002273634004562191,2.2895058892441352e-05,1.0014592752736366e-06,-0.00014442062672263497,1.6484375
0.0005346354213473289,1.2129681559966005e-05,-5.70914257040543e-06,-0.00027266514494099395,-6.619063415422553e-05,-0.00023708856968687774,0.00048823654784799794,8.554067635883503e-05,-0.00010331671212855935,-8.768461459168936e-05,-0.00022736340045518056,2.2895058893611976e-05,1.0014592764542182e-06,-0.00014442062672159644,1.65625
0.0005346354213457233,1.2129681558417289e-05,-5.709142571821837e-06,-0.0002726651449426107,-6.61906341557329e-05,-0.00023708856968843514,0.00048823654784644054,8.554067635719379e-05,-0.00010331671213021611,-8.768461459329552e-05,-0.00022736340045657435,2.289505889191824e-05,1.0014592750378101e-06,-0.0001444206267232089,1.6640625
0.0005346354213444403,1.2129681557077274e-05,-5.709142573235716e-06,-0.0002726651449437194,-6.619063415697892e-05,-0.0002370885696896496,0.00048823654784522607,8.554067635615801e-05,-0.00010331671213142879,-8.768461459443583e-05,-0.00022736340045805017,2.289505889076739e-05,1.001459273623932e-06,-0.0001444206267244934,1.671875
0.0005346354213438876,1.2129681556611084e-05,-5.709142573550484e-06,-0.0002726651449442524,-6.61906341575254e-05,-0.0002370885696900999,0.0004882365478447758,8.554067635554079e-05,-0.00010331671213178926,-8.768461459504991e-05,-0.00022736340045840546,2.2895058890130816e-05,1.0014592733091632e-06,-0.00014442062672510148,1.6796875
0.0005346354213452158,1.2129681557925301e-05,-5.709142572317666e-06,-0.00027266514494296345,-6.619063415588727e-05,-0.00023708856968888015,0.0004882365478459955,8.554067635679396e-05,-0.00010331671213037585,-8.768461459376069e-05,-0.00022736340045709363,2.289505889164334e-05,1.0014592745419814e-06,-0.00014442062672363252,1.6875
0.0005346354213454348,1.212968155803333e-05,-5.709142572151695e-06,-0.0002726651449426981,-6.619063415587067e-05,-0.00023708856968868356,0.00048823654784619215,8.55406763571208e-05,-0.00010331671213024812,-8.768461459352562e-05,-0.00022736340045698432,2.289505889169523e-05,1.001459274707953e-06,-0.0001444206267234002,1.6953125
0.000534635421344469,1.2129681557204517e-05,-5.709142573035702e-06,-0.0002726651449437673,-6.619063415693928e-05,-0.00023708856968956813,0.00048823654784530755,8.554067635600958e-05,-0.00010331671213124412,-8.768461459444848e-05,-0.00022736340045791353,2.2895058890775588e-05,1.0014592738239456e-06,-0.0001444206267244934,1.703125
0.0005346354213435871,1.212968155618356e-05,-5.7091425739117635e-06,-0.00027266514494474713,-6.619063415780484e-05,-0.00023708856969024804,0.0004882365478446276,8.554067635490081e-05,-0.00010331671213222242,-8.768461459522622e-05,-0.00022736340045884272,2.2895058890101664e-05,1.0014592729478842e-06,-0.0001444206267252313,1.7109375
0.0005346354213439432,1.2129681556976438e-05,-5.709142573476505e-06,-0.0002726651449438948,-6.619063415749765e-05,-0.00023708856968959304,0.00048823654784528256,8.554067635576512e-05,-0.00010331671213154263,-8.768461459450194e-05,-0.00022736340045791353,2.289505889061016e-05,1.0014592733831425e-06,-0.0001444206267244934,1.71875
0.0005346354213448857,1.2129681557418516e-05,-5.709142572696468e-06,-0.00027266514494340776,-6.619063415662126e-05,-0.0002370885696893018,0.0004882365478455739,8.554067635623783e-05,-0.00010331671213102345,-8.768461459413785e-05,-0.00022736340045761288,2.2895058891081285e-05,1.0014592741631798e-06,-0.00014442062672412445,1.7265625
0.0005346354213454194,1.2129681558048489e-05,-5.709142572142983e-06,-0.000272665144942713,-6.619063415599732e-05,-0.00023708856968870866,0.00048823654784616705,8.554067635696219e-05,-0.00010331671213050395,-8.768461459349899e-05,-0.00022736340045725762,2.2895058891676485e-05,1.0014592747166646e-06,-0.0001444206267236735,1.734375
0.0005346354213456535,1.2129681558271541e-05,-5.709142571843118e-06,-0.0002726651449426158,-6.619063415587702e-05,-0.0002370885696882773,0.00048823654784659835,8.55406763569794e-05,-0.00010331671213035295,-8.768461459328902e-05,-0.000227363400456875,2.2895058891873935e-05,1.0014592750165303e-06,-0.00014442062672318157,1.7421875
0.0005346354213444335,1.2129681557217446e-05,-5.709142572996758e-06,-0.00027266514494351683,-6.619063415698993e-05,-0.00023708856968959882,0.0004882365478452769,8.554067635599004e-05,-0.0001033167121312664,-8.768461459434368e-05,-0.00022736340045785886,2.2895058890749868e-05,1.0014592738628899e-06,-0.00014442062672454805,1.75
0.0005346354213441053,1.2129681556979232e-05,-5.709142573210049e-06,-0.0002726651449440177,-6.619063415692564e-05,-0.00023708856968988285,0.0004882365478449928,8.55406763557982e-05,-0.00010331671213160104,-8.768461459455805e-05,-0.0002273634004580775,2.2895058890484076e-05,1.0014592736495985e-06,-0.0001444206267247667,1.7578125
0.000534635421344498,1.21296815571203e-05,-5.709142573036832e-06,-0.0002726651449437706,-6.619063415686152e-05,-0.0002370885696897048,0.0004882365478451709,8.554067635602564e-05,-0.00010331671213136956,-8.768461459444365e-05,-0.00022736340045791353,2.2895058890678362e-05,1.0014592738228159e-06,-0.0001444206267244934,1.765625
0.0005346354213450274,1.2129681557700922e-05,-5.7091425725245675e-06,-0.0002726651449430605,-6.619063415635372e-05,-0.0002370885696890081,0.0004882365478458676,8.554067635653883e-05,-0.00010331671213074135,-8.768461459396407e-05,-0.00022736340045736693,2.2895058891365793e-05,1.0014592743350794e-06,-0.0001444206267238375,1.7734375
0.00053463542134451,1.2129681557230033e-05,-5.709142573006786e-06,-0.00027266514494359457,-6.619063415695603e-05,-0.00023708856968950848,0.00048823654784536724,8.554067635602774e-05,-0.00010331671213122553,-8.768461459445787e-05,-0.00022736340045785886,2.289505889083304e-05,1.0014592738528616e-06,-0.0001444206267243841,1.78125
0.0005346354213451914,1.2129681557890072e-05,-5.70914257239958e-06,-0.0002726651449430995,-6.619063415632844e-05,-0.0002370885696889541,0.0004882365478459216,8.554067635670979e-05,-0.00010331671213055453,-8.768461459361998e-05,-0.00022736340045720295,2.2895058891521004e-05,1.0014592744600682e-06,-0.00014442062672372817,1.7890625
0.0005346354213459677,1.2129681558547937e-05,-5.709142571595374e-06,-0.0002726651449422381,-6.619063415550551e-05,-0.00023708856968811286,0.00048823654784676277,8.554067635749757e-05,-0.00010331671212990855,-8.768461459302092e-05,-0.00022736340045654703,2.289505889221769e-05,1.001459275264273e-06,-0.00014442062672290827,1.796875
0.0005346354213462075,1.2129681558962839e-05,-5.7091425713445786e-06,-0.0002726651449419081,-6.619063415516676e-05,-0.00023708856968788952,0.00048823654784698606,8.55406763577804e-05,-0.00010331671212967035,-8.768461459274311e-05,-0.0002273634004562054,2.289505889248435e-05,1.0014592755150691e-06,-0.00014442062672271697,1.8046875
0.0005346354213456268,1.2129681558325318e-05,-5.7091425718682414e-06,-0.00027266514494251335,-6.619063415566932e-05,-0.00023708856968843598,0.0004882365478464397,8.55406763573335e-05,-0.00010331671213011666,-8.768461459329963e-05,-0.00022736340045673834,2.2895058892035176e-05,1.0014592749914065e-06,-0.00014442062672326357,1.8125
0.0005346354213444208,1.212968155708593e-05,-5.709142573136459e-06,-0.00027266514494385044,-6.619063415694748e-05,-0.0002370885696897057,0.0004882365478451699,8.554067635592649e-05,-0.00010331671213128307,-8.768461459460147e-05,-0.00022736340045813216,2.289505889069041e-05,1.0014592737231885e-06,-0.00014442062672443873,1.8203125
0.0005346354213445482,1.2129681557221066e-05,-5.709142572989535e-06,-0.00027266514494365366,-6.619063415678199e-05,-0.00023708856968950598,0.0004882365478453697,8.554067635617809e-05,-0.00010331671213115919,-8.768461459433382e-05,-0.00022736340045783154,2.2895058890881467e-05,1.0014592738701123e-06,-0.00014442062672435674,1.828125
0.0005346354213452956,1.2129681557984179e-05,-5.7091425723263965e-06,-0.00027266514494296643,-6.619063415606142e-05,-0.0002370885696887925,0.00048823654784608313,8.554067635686434e-05,-0.00010331671213054497,-8.768461459348175e-05,-0.00022736340045709363,2.2895058891528884e-05,1.001459274533251e-06,-0.00014442062672361886,1.8359375
0.0005346354213444832,1.2129681557258263e-05,-5.709142573040677e-06,-0.0002726651449437839,-6.619063415678821e-05,-0.00023708856968962497,0.00048823654784525063,8.554067635602224e-05,-0.00010331671213130356,-8.768461459450911e-05,-0.00022736340045785886,2.2895058890882503e-05,1.0014592738189695e-06,-0.0001444206267243841,1.84375
0.0005346354213430983,1.2129681555648382e-05,-5.70914257446678e-06,-0.0002726651449451475,-6.619063415829482e-05,-0.00023708856969105178,0.0004882365478438238,8.554067635458536e-05,-0.00010331671213284248,-8.768461459582662e-05,-0.00022736340045938932,2.2895058889329845e-05,1.0014592723928676e-06,-0.00014442062672591455,1.8515625
0.0005346354213430367,1.2129681555728728e-05,-5.709142574745667e-06,-0.0002726651449454967,-6.619063415848915e-05,-0.00023708856969114673,0.00048823654784372895,8.5540676354478e-05,-0.00010331671213303178,-8.768461459594256e-05,-0.00022736340045966262,2.2895058889132208e-05,1.0014592721139796e-06,-0.00014442062672618785,1.859375
0.000534635421343558,1.2129681556279586e-05,-5.709142574014805e-06,-0.00027266514494453565,-6.61906341580794e-05,-0.00023708856969043742,0.00048823654784443824,8.554067635493356e-05,-0.00010331671213227546,-8.76846145952462e-05,-0.00022736340045897938,2.2895058889794988e-05,1.001459272844843e-06,-0.00014442062672550459,1.8671875
0.0005346354213448089,1.2129681557397175e-05,-5.7091425729587405e-06,-0.0002726651449433725,-6.619063415685405e-05,-0.0002370885696893609,0.00048823654784551474,8.554067635617893e-05,-0.00010331671213128104,-8.768461459423063e-05,-0.00022736340045755824,2.2895058890989135e-05,1.0014592739009072e-06,-0.00014442062672416543,1.875
0.0005346354213455767,1.2129681557931046e-05,-5.709142572230013e-06,-0.00027266514494268026,-6.619063415592862e-05,-0.00023708856968868326,0.0004882365478461924,8.55406763568737e-05,-0.00010331671213056189,-8.768461459349342e-05,-0.00022736340045703896,2.289505889191442e-05,1.0014592746296353e-06,-0.00014442062672350952,1.8828125
0.0005346354213456098,1.2129681558351867e-05,-5.709142571956371e-06,-0.00027266514494241105,-6.619063415576073e-05,-0.00023708856968842015,0.0004882365478464555,8.554067635720257e-05,-0.00010331671213013593,-8.76846145933019e-05,-0.00022736340045673834,2.2895058891947932e-05,1.001459274903277e-06,-0.00014442062672323622,1.890625
0.0005346354213457725,1.212968155831747e-05,-5.709142572252221e-06,-0.0002726651449425333,-6.619063415595397e-05,-0.00023708856968864952,0.0004882365478462262,8.554067635722134e-05,-0.00010331671213048189,-8.768461459328868e-05,-0.0002273634004568955,2.2895058891796798e-05,1.0014592746074263e-06,-0.00014442062672336605,1.8984375
0.0005346354213457357,1.2129681558310483e-05,-5.7091425719087804e-06,-0.0002726651449417038,-6.619063415553665e-05,-0.00023708856968768235,0.0004882365478471933,8.554067635771304e-05,-0.00010331671213006709,-8.768461459337003e-05,-0.0002273634004565197,2.2895058891880976e-05,1.0014592749508673e-06,-0.0001444206267228536,1.90625
0.0005346354213457971,1.2129681558654466e-05,-5.709142571829624e-06,-0.00027266514494220104,-6.619063415541457e-05,-0.00023708856968846927,0.0004882365478464064,8.554067635781991e-05,-0.00010331671213021887,-8.768461459317482e-05,-0.0002273634004566837,2.289505889254387e-05,1.0014592750300227e-06,-0.0001444206267233182,1.9140625
0.0005346354213455155,1.2129681558940513e-05,-5.709142571858698e-06,-0.00027266514494275664,-6.619063415524137e-05,-0.0002370885696884855,0.0004882365478463902,8.554067635705956e-05,-0.00010331671213029309,-8.768461459315772e-05,-0.00022736340045658804,2.2895058892077728e-05,1.0014592750009491e-06,-0.00014442062672314056,1.921875
0.0005346354213453026,1.2129681558332235e-05,-5.709142571731182e-06,-0.00027266514494217323,-6.61906341557956e-05,-0.0002370885696882781,0.0004882365478465976,8.554067635708255e-05,-0.00010331671212987548,-8.768461459303141e-05,-0.00022736340045673834,2.2895058891869473e-05,1.0014592751284653e-06,-0.00014442062672307226,1.9296875
0.0005346354213444349,1.212968155714966e-05,-5.709142573096897e-06,-0.0002726651449437808,-6.619063415689306e-05,-0.00023708856968963565,0.00048823654784523995,8.554067635607501e-05,-0.00010331671213124136,-8.768461459452937e-05,-0.0002273634004580775,2.289505889074511e-05,1.0014592737627507e-06,-0.0001444206267243841,1.9375
0.0005346354213420511,1.2129681555333135e-05,-5.709142574852361e-06,-0.00027266514494537727,-6.619063415880656e-05,-0.00023708856969168534,0.0004882365478431903,8.554067635388849e-05,-0.0001033167121330058,-8.768461459628468e-05,-0.00022736340046004524,2.289505888827184e-05,1.001459272007286e-06,-0.0001444206267267891,1.9453125
0.0005346354213435741,1.212968155574265e-05,-5.709142574074422e-06,-0.0002726651449455117,-6.619063415817125e-05,-0.0002370885696904843,0.00048823654784439134,8.554067635467738e-05,-0.00010331671213197086,-8.768461459581011e-05,-0.0002273634004591707,2.2895058890352335e-05,1.0014592727852255e-06,-0.00014442062672566857,1.953125
0.00053463542134445,1.2129681556891301e-05,-5.70914257347115e-06,-0.0002726651449444138,-6.619063415730387e-05,-0.00023708856968993449,0.00048823654784494114,8.55406763553761e-05,-0.0001033167121319081,-8.768461459443812e-05,-0.0002273634004581868,2.2895058890230546e-05,1.0014592733884983e-06,-0.0001444206267244934,1.9609375
0.0005346354213440241,1.2129681556767294e-05,-5.709142573542941e-06,-0.0002726651449443484,-6.619063415739342e-05,-0.00023708856969024104,0.00048823654784463464,8.554067635526567e-05,-0.000103316712131671,-8.768461459496488e-05,-0.00022736340045851478,2.2895058890257993e-05,1.0014592733167063e-06,-0.00014442062672482135,1.96875
0.0005346354213438265,1.2129681556684849e-05,-5.709142573691826e-06,-0.0002726651449442739,-6.619063415758135e-05,-0.00023708856969007372,0.00048823654784480193,8.554067635544939e-05,-0.00010331671213196761,-8.768461459515933e-05,-0.0002273634004585421,2.2895058889982995e-05,1.0014592731678212e-06,-0.00014442062672506733,1.9765625
0.0005346354213451738,1.2129681557914475e-05,-5.709142572500093e-06,-0.00027266514494308055,-6.619063415623775e-05,-0.00023708856968889257,0.0004882365478459831,8.554067635667093e-05,-0.00010331671213062371,-8.768461459379398e-05,-0.00022736340045725762,2.289505889138746e-05,1.0014592743595544e-06,-0.0001444206267236735,1.984375
0.0005346354213456111,1.212968155823345e-05,-5.70914257195812e-06,-0.00027266514494242916,-6.619063415579313e-05,-0.00023708856968842823,0.0004882365478464475,8.55406763571547e-05,-0.00010331671213026491,-8.768461459330921e-05,-0.00022736340045676566,2.2895058891957886e-05,1.0014592749015278e-06,-0.0001444206267233182,1.9921875
0.0005346354213449302,1.212968155767151e-05,-5.709142572773449e-06,-0.00027266514494314235,-6.619063415650682e-05,-0.00023708856968918265,0.00048823654784569304,8.554067635651838e-05,-0.00010331671213091408,-8.76846145939468e-05,-0.00022736340045736693,2.289505889126292e-05,1.0014592740861989e-06,-0.00014442062672391948,2.0
0.0005346354213444841,1.2129681556823096e-05,-5.709142573170527e-06,-0.00027266514494384426,-6.619063415745738e-05,-0.00023708856968983897,0.0004882365478450367,8.554067635580927e-05,-0.00010331671213134848,-8.768461459492905e-05,-0.00022736340045840546,2.2895058890315344e-05,1.001459273689121e-06,-0.00014442062672471203,2.0078125
0.0005346354213441352,1.2129681556996636e-05,-5.709142573877975e-06,-0.0002726651449434587,-6.619063415694832e-05,-0.00023708856968976028,0.0004882365478451154,8.554067635599451e-05,-0.00010331671213192413,-8.768461459486897e-05,-0.00022736340045824148,2.2895058890613116e-05,1.0014592729816726e-06,-0.00014442062672487602,2.015625
0.0005346354213445443,1.2129681557590108e-05,-5.7091425725603444e-06,-0.0002726651449432251,-6.619063415631703e-05,-0.0002370885696891943,0.0004882365478456814,8.554067635643359e-05,-0.00010331671213097585,-8.768461459435656e-05,-0.00022736340045747625,2.2895058891182035e-05,1.001459274299303e-06,-0.0001444206267239468,2.0234375
0.0005346354213462628,1.2129681558963235e-05,-5.709142571152264e-06,-0.00027266514494196046,-6.61906341550747e-05,-0.00023708856968777858,0.0004882365478470971,8.554067635780181e-05,-0.00010331671212942033,-8.768461459272671e-05,-0.0002273634004562054,2.2895058892505446e-05,1.0014592757073835e-06,-0.0001444206267227033,2.03125
0.0005346354213463738,1.2129681559120871e-05,-5.709142571197169e-06,-0.00027266514494177257,-6.619063415500427e-05,-0.00023708856968756144,0.00048823654784731425,8.554067635794387e-05,-0.00010331671212933009,-8.768461459255873e-05,-0.00022736340045594579,2.2895058892830777e-05,1.0014592756624787e-06,-0.000144420626722471,2.0390625
0.0005346354213452965,1.2129681557902894e-05,-5.7091425721612505e-06,-0.0002726651449427583,-6.619063415609248e-05,-0.00023708856968879087,0.0004882365478460847,8.554067635683104e-05,-0.0001033167121304185,-8.768461459361543e-05,-0.00022736340045698432,2.289505889157733e-05,1.0014592746983974e-06,-0.00014442062672350952,2.046875
0.0005346354213450415,1.2129681557661205e-05,-5.709142572579562e-06,-0.00027266514494322973,-6.619063415644231e-05,-0.00023708856968909886,0.00048823654784577685,8.554067635644347e-05,-0.00010331671213081806,-8.768461459396969e-05,-0.00022736340045720295,2.2895058891312234e-05,1.0014592742800858e-06,-0.00014442062672389213,2.0546875
0.0005346354213439482,1.212968155690189e-05,-5.70914257366533e-06,-0.0002726651449442643,-6.619063415748495e-05,-0.00023708856969016946,0.0004882365478447062,8.554067635570927e-05,-0.00010331671213186896,-8.768461459499645e-05,-0.00022736340045856942,2.289505889042015e-05,1.001459273194318e-06,-0.00014442062672487602,2.0625
0.0005346354213439417,1.2129681556522284e-05,-5.709142573681355e-06,-0.0002726651449445319,-6.619063415746622e-05,-0.00023708856969020453,0.0004882365478446712,8.554067635540057e-05,-0.00010331671213192552,-8.768461459523993e-05,-0.00022736340045856942,2.2895058890066296e-05,1.0014592731782924e-06,-0.00014442062672493066,2.0703125
0.0005346354213432677,1.2129681555940847e-05,-5.70914257424307e-06,-0.0002726651449449147,-6.619063415811201e-05,-0.0002370885696907875,0.00048823654784408815,8.554067635487239e-05,-0.00010331671213248769,-8.768461459557347e-05,-0.0002273634004591707,2.289505888960342e-05,1.001459272616577e-06,-0.00014442062672550459,2.078125
0.0005346354213429852,1.2129681555657723e-05,-5.709142574572657e-06,-0.0002726651449450944,-6.619063415844853e-05,-0.00023708856969101324,0.00048823654784386236,8.554067635455794e-05,-0.00010331671213268405,-8.768461459599138e-05,-0.000227363400459444,2.2895058889370265e-05,1.001459272286991e-06,-0.0001444206267259692,2.0859375
0.0005346354213443429,1.2129681556805202e-05,-5.7091425734353e-06,-0.00027266514494384166,-6.6190634156828e-05,-0.00023708856968972204,0.0004882365478451536,8.554067635610933e-05,-0.0001033167121314265,-8.768461459461763e-05,-0.00022736340045785886,2.2895058890438197e-05,1.0014592734243479e-06,-0.00014442062672471203,2.09375
0.0005346354213448365,1.212968155788164e-05,-5.7091425728686526e-06,-0.00027266514494356285,-6.61906341561773e-05,-0.0002370885696894465,0.00048823654784542914,8.554067635633812e-05,-0.00010331671213083981,-8.768461459415782e-05,-0.00022736340045736693,2.2895058891359166e-05,1.0014592739909955e-06,-0.0001444206267239468,2.1015625
0.000534635421344724,1.2129681557329988e-05,-5.709142572774304e-06,-0.0002726651449435097,-6.619063415652225e-05,-0.00023708856968926645,0.00048823654784560923,8.554067635643392e-05,-0.00010331671213089069,-8.768461459420732e-05,-0.00022736340045758556,2.2895058890988488e-05,1.001459274085343e-06,-0.0001444206267242201,2.109375
0.000534635421344161,1.212968155683946e-05,-5.709142573505407e-06,-0.00027266514494417467,-6.619063415704403e-05,-0.00023708856968995116,0.0004882365478449245,8.554067635581985e-05,-0.0001033167121316358,-8.768461459483787e-05,-0.00022736340045829615,2.289505889041954e-05,1.0014592733542404e-06,-0.00014442062672482135,2.1171875
0.000534635421344488,1.2129681557134916e-05,-5.709142573064897e-06,-0.00027266514494348555,-6.61906341568926e-05,-0.00023708856968947492,0.00048823654784540074,8.55406763561689e-05,-0.00010331671213131727,-8.768461459443257e-05,-0.00022736340045796818,2.289505889087371e-05,1.0014592737947503e-06,-0.00014442062672460272,2.125
0.0005346354213462569,1.212968155900919e-05,-5.709142571210133e-06,-0.0002726651449419712,-6.619063415528125e-05,-0.00023708856968796763,0.00048823654784690805,8.554067635752924e-05,-0.00010331671212975135,-8.76846145928334e-05,-0.00022736340045610974,2.2895058892421444e-05,1.0014592756495142e-06,-0.0001444206267228536,2.1328125
0.0005346354213468441,1.212968155962506e-05,-5.709142570788026e-06,-0.00027266514494096093,-6.619063415496575e-05,-0.0002370885696870287,0.00048823654784784697,8.554067635848662e-05,-0.00010331671212917754,-8.768461459209416e-05,-0.00022736340045556317,2.2895058893161422e-05,1.0014592760716214e-06,-0.00014442062672214304,2.140625
0.000534635421345263,1.2129681557610254e-05,-5.709142572393083e-06,-0.00027266514494273057,-6.619063415607879e-05,-0.0002370885696888321,0.0004882365478460435,8.554067635689105e-05,-0.00010331671213074941,-8.768461459361959e-05,-0.00022736340045698432,2.2895058891760667e-05,1.0014592744665643e-06,-0.00014442062672378282,2.1484375
0.0005346354213444334,1.2129681557119441e-05,-5.709142573158631e-06,-0.0002726651449435218,-6.619063415687317e-05,-0.00023708856968953759,0.00048823654784533807,8.554067635598875e-05,-0.00010331671213133768,-8.76846145944466e-05,-0.00022736340045791353,2.2895058890787348e-05,1.0014592737010168e-06,-0.0001444206267244934,2.15625
0.0005346354213439526,1.212968155661464e-05,-5.70914257358809e-06,-0.00027266514494423164,-6.619063415738669e-05,-0.00023708856969011034,0.00048823654784476534,8.554067635540142e-05,-0.00010331671213188236,-8.768461459493226e-05,-0.00022736340045840546,2.289505889036733e-05,1.0014592732715573e-06,-0.00014442062672504,2.1640625
0.0005346354213445587,1.2129681557267079e-05,-5.709142572973718e-06,-0.00027266514494357787,-6.619063415684726e-05,-0.0002370885696895887,0.00048823654784528695,8.554067635609418e-05,-0.00010331671213129435,-8.768461459426915e-05,-0.00022736340045774955,2.2895058890778474e-05,1.0014592738859296e-06,-0.0001444206267243841,2.171875
0.0005346354213453022,1.2129681557866104e-05,-5.7091425723043025e-06,-0.0002726651449428303,-6.619063415615698e-05,-0.0002370885696887396,0.0004882365478461361,8.554067635671578e-05,-0.00010331671213060093,-8.768461459365611e-05,-0.00022736340045698432,2.2895058891638186e-05,1.0014592745553448e-06,-0.00014442062672361886,2.1796875
0.0005346354213440341,1.2129681556613019e-05,-5.709142573573672e-06,-0.00027266514494415114,-6.619063415725607e-05,-0.00023708856968982027,0.00048823654784505536,8.554067635549929e-05,-0.00010331671213166477,-8.768461459473715e-05,-0.0002273634004581868,2.2895058890286348e-05,1.001459273285976e-06,-0.00014442062672454805,2.1875
0.0005346354213442224,1.212968155719733e-05,-5.709142573316816e-06,-0.0002726651449442068,-6.619063415704505e-05,-0.00023708856968986352,0.00048823654784501216,8.554067635540742e-05,-0.00010331671213156938,-8.768461459447852e-05,-0.0002273634004581868,2.2895058890740832e-05,1.0014592735428321e-06,-0.0001444206267246847,2.1953125
0.0005346354213446707,1.212968155740422e-05,-5.709142572695364e-06,-0.0002726651449434593,-6.619063415664926e-05,-0.00023708856968936045,0.0004882365478455152,8.554067635638684e-05,-0.00010331671213112982,-8.768461459425403e-05,-0.00022736340045772222,2.2895058890959553e-05,1.0014592741642837e-06,-0.00014442062672416543,2.203125
0.0005346354213431435,1.2129681555828839e-05,-5.7091425743929875e-06,-0.00027266514494494245,-6.61906341582448e-05,-0.00023708856969096166,0.000488236547843914,8.554067635470591e-05,-0.00010331671213267343,-8.768461459577133e-05,-0.0002273634004591707,2.2895058889421717e-05,1.0014592724666598e-06,-0.00014442062672591455,2.2109375
0.000534635421344419,1.2129681556940205e-05,-5.709142573144863e-06,-0.00027266514494395246,-6.619063415693789e-05,-0.00023708856968976811,0.00048823654784510757,8.554067635589562e-05,-0.0001033167121312881,-8.768461459459743e-05,-0.00022736340045796818,2.289505889061138e-05,1.0014592737147845e-06,-0.00014442062672460272,2.21875
0.0005346354213460756,1.2129681558538052e-05,-5.709142571538701e-06,-0.000272665144942475,-6.61906341552286e-05,-0.00023708856968809896,0.00048823654784677675,8.554067635748243e-05,-0.00010331671212980434,-8.768461459298643e-05,-0.00022736340045638305,2.289505889230335e-05,1.0014592753209472e-06,-0.00014442062672296294,2.2265625
0.0005346354213467795,1.2129681559507235e-05,-5.709142570717408e-06,-0.0002726651449416044,-6.619063415435837e-05,-0.00023708856968726158,0.00048823654784761414,8.554067635831108e-05,-0.00010331671212879328,-8.7684614592085e-05,-0.00022736340045565883,2.289505889312396e-05,1.001459276142239e-06,-0.00014442062672210203,2.234375
0.0005346354213461159,1.2129681558651144e-05,-5.709142571352622e-06,-0.00027266514494197184,-6.61906341550768e-05,-0.00023708856968782623,0.0004882365478470494,8.55406763578079e-05,-0.00010331671212956762,-8.768461459282837e-05,-0.00022736340045626007,2.289505889240103e-05,1.0014592755070257e-06,-0.00014442062672275795,2.2421875
0.0005346354213446463,1.212968155729828e-05,-5.709142572925237e-06,-0.0002726651449434998,-6.619063415678348e-05,-0.0002370885696894273,0.00048823654784544833,8.554067635607168e-05,-0.00010331671213102281,-8.768461459423368e-05,-0.00022736340045774955,2.2895058890836164e-05,1.0014592739344104e-06,-0.00014442062672427475,2.25
0.0005346354213450578,1.2129681557747225e-05,-5.7091425724828706e-06,-0.0002726651449431302,-6.619063415653532e-05,-0.00023708856968901882,0.0004882365478458568,8.554067635647342e-05,-0.00010331671213087296,-8.768461459391097e-05,-0.00022736340045731226,2.2895058891316347e-05,1.0014592743767765e-06,-0.00014442062672389213,2.2578125
0.0005346354213448957,1.2129681557703385e-05,-5.709142572626537e-06,-0.00027266514494323776,-6.619063415673936e-05,-0.000237088569689112,0.0004882365478457636,8.554067635642334e-05,-0.00010331671213106484,-8.768461459405413e-05,-0.00022736340045742158,2.2895058891152216e-05,1.0014592742331112e-06,-0.00014442062672405612,2.265625
0.0005346354213434262,1.2129681556217324e-05,-5.709142574134092e-06,-0.00027266514494461957,-6.619063415813917e-05,-0.00023708856969047707,0.0004882365478443986,8.554067635470549e-05,-0.00010331671213273452,-8.768461459560476e-05,-0.0002273634004590067,2.2895058889581752e-05,1.0014592727255563e-06,-0.00014442062672558658,2.2734375
0.0005346354213418786,1.2129681554442375e-05,-5.709142575782567e-06,-0.0002726651449463716,-6.619063415981457e-05,-0.00023708856969232705,0.00048823654784254863,8.554067635308934e-05,-0.0001033167121341879,-8.768461459716565e-05,-0.00022736340046050984,2.2895058888120993e-05,1.00145927107708e-06,-0.00014442062672711707,2.28125
0.000534635421343361,1.2129681556102283e-05,-5.70914257420427e-06,-0.0002726651449448554,-6.619063415809689e-05,-0.00023708856969072105,0.00048823654784415466,8.554067635484386e-05,-0.0001033167121324984,-8.768461459559727e-05,-0.00022736340045912968,2.289505888972502e-05,1.0014592726553781e-06,-0.00014442062672564125,2.2890625
0.0005346354213462166,1.2129681558858491e-05,-5.709142571379011e-06,-0.00027266514494196637,-6.6190634155174e-05,-0.00023708856968793606,0.00048823654784693965,8.554067635771578e-05,-0.00010331671212961144,-8.768461459279007e-05,-0.0002273634004562464,2.2895058892449684e-05,1.0014592754806358e-06,-0.00014442062672271697,2.296875
0.0005346354213460014,1.2129681558676506e-05,-5.709142571497718e-06,-0.0002726651449420107,-6.619063415528455e-05,-0.00023708856968804654,0.0004882365478468291,8.554067635763361e-05,-0.00010331671212981471,-8.768461459291844e-05,-0.00022736340045634206,2.289505889228463e-05,1.0014592753619302e-06,-0.00014442062672292193,2.3046875
0.0005346354213449616,1.2129681557819754e-05,-5.709142572556466e-06,-0.00027266514494316387,-6.61906341562186e-05,-0.0002370885696890609,0.00048823654784581474,8.55406763565366e-05,-0.00010331671213059767,-8.768461459369422e-05,-0.00022736340045739425,2.2895058891397933e-05,1.0014592743031825e-06,-0.0001444206267238648,2.3125
0.000534635421345659,1.2129681558488497e-05,-5.709142571775738e-06,-0.00027266514494218744,-6.619063415523713e-05,-0.00023708856968814086,0.0004882365478467348,8.554067635745389e-05,-0.00010331671212966696,-8.768461459312528e-05,-0.0002273634004566017,2.289505889225922e-05,1.0014592750839092e-06,-0.0001444206267230176,2.3203125
0.0005346354213466773,1.212968155944156e-05,-5.709142570856209e-06,-0.0002726651449415444,-6.619063415443e-05,-0.00023708856968741884,0.00048823654784745676,8.554067635839579e-05,-0.00010331671212891508,-8.768461459236166e-05,-0.00022736340045575448,2.289505889297192e-05,1.001459276003439e-06,-0.0001444206267223207,2.328125
0.0005346354213457099,1.2129681558472124e-05,-5.709142571927314e-06,-0.0002726651449425357,-6.619063415561485e-05,-0.00023708856968842422,0.00048823654784645144,8.55406763571765e-05,-0.00010331671213019051,-8.768461459323173e-05,-0.00022736340045676566,2.2895058891952086e-05,1.0014592749323327e-06,-0.0001444206267232909,2.3359375
0.0005346354213438034,1.2129681556523516e-05,-5.709142573740704e-06,-0.00027266514494438284,-6.619063415760811e-05,-0.00023708856969024245,0.0004882365478446332,8.554067635529371e-05,-0.00010331671213204181,-8.768461459508244e-05,-0.00022736340045859677,2.2895058890126384e-05,1.0014592731189427e-06,-0.00014442062672514932,2.34375
0.0005346354213437161,1.2129681556309156e-05,-5.7091425738684056e-06,-0.0002726651449447747,-6.619063415778981e-05,-0.00023708856969031084,0.0004882365478445648,8.554067635511339e-05,-0.00010331671213222642,-8.768461459535285e-05,-0.0002273634004588974,2.289505888987711e-05,1.0014592729912417e-06,-0.00014442062672536795,2.3515625
0.0005346354213447547,1.2129681557520091e-05,-5.709142572971375e-06,-0.0002726651449437627,-6.61906341566126e-05,-0.00023708856968950904,0.0004882365478453666,8.554067635620303e-05,-0.00010331671213128818,-8.768461459451891e-05,-0.0002273634004578042,2.2895058890917005e-05,1.001459273888273e-06,-0.00014442062672432942,2.359375
0.0005346354213441305,1.2129681556632531e-05,-5.709142573437953e-06,-0.00027266514494449706,-6.619063415743234e-05,-0.00023708856969026525,0.0004882365478446104,8.554067635545352e-05,-0.00010331671213186698,-8.768461459506678e-05,-0.00022736340045840546,2.2895058890204698e-05,1.0014592734216941e-06,-0.00014442062672498533,2.3671875
0.0005346354213439923,1.2129681556742222e-05,-5.7091425735541606e-06,-0.000272665144944336,-6.61906341573691e-05,-0.00023708856969003342,0.0004882365478448423,8.554067635543822e-05,-0.00010331671213177011,-8.768461459498787e-05,-0.00022736340045840546,2.2895058890327965e-05,1.0014592733054873e-06,-0.00014442062672487602,2.375
0.0005346354213446697,1.2129681557425018e-05,-5.709142572814158e-06,-0.0002726651449433949,-6.619063415667166e-05,-0.0002370885696893592,0.0004882365478455165,8.55406763562092e-05,-0.00010331671213112669,-8.768461459424195e-05,-0.00022736340045764023,2.2895058891049833e-05,1.001459274045489e-06,-0.0001444206267242201,2.3828125
0.0005346354213453519,1.2129681558126272e-05,-5.709142572137045e-06,-0.0002726651449426463,-6.619063415605723e-05,-0.00023708856968866524,0.00048823654784621037,8.554067635692599e-05,-0.00010331671213054296,-8.76846145934791e-05,-0.00022736340045698432,2.289505889167622e-05,1.0014592747226025e-06,-0.00014442062672350952,2.390625
0.0005346354213448349,1.2129681557504443e-05,-5.709142572822629e-06,-0.0002726651449433268,-6.619063415667772e-05,-0.00023708856968940092,0.00048823654784547473,8.554067635623913e-05,-0.00010331671213128768,-8.768461459425318e-05,-0.00022736340045773589,2.2895058891103223e-05,1.001459274037018e-06,-0.0001444206267241381,2.3984375
0.0005346354213439437,1.2129681556499443e-05,-5.709142573613754e-06,-0.0002726651449440383,-6.619063415774909e-05,-0.0002370885696902651,0.0004882365478446105,8.554067635504883e-05,-0.00010331671213189764,-8.76846145951529e-05,-0.0002273634004587334,2.2895058890072445e-05,1.0014592732458928e-06,-0.00014442062672520396,2.40625
0.0005346354213433759,1.2129681556343948e-05,-5.709142573951615e-06,-0.00027266514494440506,-6.61906341578937e-05,-0.00023708856969043005,0.0004882365478444456,8.554067635519811e-05,-0.00010331671213205414,-8.768461459553398e-05,-0.00022736340045878808,2.289505888981414e-05,1.0014592729080324e-06,-0.00014442062672531328,2.4140625
0.0005346354213444601,1.2129681557195115e-05,-5.7091425730988685e-06,-0.0002726651449435375,-6.619063415691275e-05,-0.0002370885696895484,0.0004882365478453273,8.554067635605116e-05,-0.00010331671213126181,-8.76846145944046e-05,-0.00022736340045783154,2.2895058890707398e-05,1.001459273760779e-06,-0.0001444206267243841,2.421875
0.0005346354213450819,1.212968155774152e-05,-5.709142572428922e-06,-0.0002726651449430407,-6.619063415624847e-05,-0.00023708856968897353,0.00048823654784590207,8.554067635657159e-05,-0.00010331671213057543,-8.768461459383734e-05,-0.00022736340045731226,2.289505889137103e-05,1.0014592744307257e-06,-0.00014442062672387847,2.4296875
0.000534635421345647,1.2129681558299863e-05,-5.709142571969833e-06,-0.00027266514494261017,-6.619063415573219e-05,-0.00023708856968844973,0.0004882365478464259,8.554067635714704e-05,-0.00010331671213010017,-8.768461459344747e-05,-0.00022736340045682033,2.289505889183385e-05,1.0014592748898142e-06,-0.00014442062672323622,2.4375
0.0005346354213453491,1.2129681558044697e-05,-5.709142572197621e-06,-0.0002726651449428832,-6.619063415599038e-05,-0.0002370885696887048,0.0004882365478461709,8.554067635690712e-05,-0.00010331671213038922,-8.768461459358427e-05,-0.00022736340045698432,2.2895058891660524e-05,1.001459274662027e-06,-0.00014442062672361886,2.4453125
0.0005346354213451359,1.21296815577648e-05,-5.709142572617811e-06,-0.00027266514494312993,-6.619063415633418e-05,-0.000237088569688828,0.0004882365478460477,8.554067635652077e-05,-0.00010331671213052699,-8.768461459379427e-05,-0.00022736340045723027,2.289505889134432e-05,1.001459274241836e-06,-0.00014442062672381017,2.453125
0.0005346354213453312,1.2129681557882692e-05,-5.7091425722629825e-06,-0.00027266514494301625,-6.619063415632407e-05,-0.00023708856968871451,0.00048823654784616114,8.554067635665578e-05,-0.00010331671213054527,-8.76846145937466e-05,-0.00022736340045709363,2.2895058891401843e-05,1.001459274596665e-06,-0.00014442062672372817,2.4609375
0.0005346354213449339,1.2129681557496682e-05,-5.7091425727808195e-06,-0.0002726651449435661,-6.619063415641805e-05,-0.00023708856968915923,0.0004882365478457164,8.554067635625025e-05,-0.00010331671213090235,-8.768461459409438e-05,-0.00022736340045764023,2.2895058891007563e-05,1.0014592740788286e-06,-0.00014442062672416543,2.46875
0.0005346354213452247,1.2129681557863746e-05,-5.709142572402321e-06,-0.00027266514494294296,-6.619063415616814e-05,-0.0002370885696888786,0.0004882365478459971,8.554067635677001e-05,-0.00010331671213041202,-8.76846145936692e-05,-0.00022736340045709363,2.2895058891439627e-05,1.0014592744573261e-06,-0.00014442062672372817,2.4765625
0.0005346354213438918,1.212968155662224e-05,-5.709142573720422e-06,-0.0002726651449441469,-6.619063415740454e-05,-0.00023708856969016737,0.0004882365478447083,8.554067635553087e-05,-0.00010331671213171681,-8.768461459498657e-05,-0.00022736340045851478,2.2895058890264403e-05,1.0014592731392254e-06,-0.00014442062672504,2.484375
0.0005346354213432654,1.2129681555926095e-05,-5.709142574465142e-06,-0.00027266514494480036,-6.619063415802758e-05,-0.0002370885696909026,0.00048823654784397306,8.55406763547353e-05,-0.00010331671213252677,-8.768461459567757e-05,-0.00022736340045938932,2.289505888948117e-05,1.0014592723945055e-06,-0.00014442062672591455,2.4921875
0.0005346354213437369,1.2129681556574336e-05,-5.709142573924419e-06,-0.00027266514494426726,-6.619063415751045e-05,-0.00023708856969030542,0.0004882365478445703,8.554067635525128e-05,-0.00010331671213201804,-8.76846145953288e-05,-0.0002273634004587334,2.2895058890078222e-05,1.0014592729352293e-06,-0.00014442062672504,2.5
0.0005346354213446313,1.2129681557341575e-05,-5.709142572957499e-06,-0.0002726651449435269,-6.619063415685415e-05,-0.00023708856968952143,0.00048823654784535417,8.554067635620283e-05,-0.00010331671213124156,-8.768461459428289e-05,-0.0002273634004578042,2.289505889097093e-05,1.0014592739021488e-06,-0.00014442062672435674,2.5078125
0.0005346354213440938,1.2129681556736962e-05,-5.709142573646362e-06,-0.00027266514494405205,-6.619063415747156e-05,-0.00023708856969007592,0.0004882365478447997,8.554067635563957e-05,-0.0001033167121318324,-8.768461459483234e-05,-0.00022736340045829615,2.2895058890395144e-05,1.0014592732132863e-06,-0.0001444206267248487,2.515625
0.000534635421344056,1.2129681556720715e-05,-5.709142573487397e-06,-0.0002726651449441376,-6.619063415741037e-05,-0.00023708856968996037,0.00048823654784491534,8.554067635545734e-05,-0.00010331671213184958,-8.768461459494678e-05,-0.00022736340045840546,2.2895058890316618e-05,1.0014592733722515e-06,-0.00014442062672487602,2.5234375
0.0005346354213440341,1.2129681556729833e-05,-5.7091425734855695e-06,-0.0002726651449441421,-6.619063415736117e-05,-0.00023708856968996585,0.00048823654784490986,8.554067635561859e-05,-0.00010331671213184321,-8.76846145948994e-05,-0.00022736340045840546,2.28950588902902e-05,1.0014592733740775e-06,-0.00014442062672487602,2.53125
0.0005346354213449067,1.21296815575572e-05,-5.709142572649912e-06,-0.00027266514494326524,-6.619063415658838e-05,-0.00023708856968917655,0.0004882365478456991,8.554067635636848e-05,-0.00010331671213107542,-8.76846145941038e-05,-0.00022736340045753262,2.2895058891240924e-05,1.0014592742097357e-06,-0.0001444206267240493,2.5390625
0.0005346354213455836,1.2129681558231483e-05,-5.709142572024805e-06,-0.0002726651449426028,-6.61906341559402e-05,-0.00023708856968843663,0.0004882365478464391,8.554067635709903e-05,-0.0001033167121303819,-8.768461459342988e-05,-0.00022736340045682033,2.28950588919414e-05,1.0014592748348424e-06,-0.0001444206267234002,2.546875
0.0005346354213459924,1.2129681558687472e-05,-5.7091425716361536e-06,-0.0002726651449422017,-6.619063415552314e-05,-0.00023708856968808798,0.0004882365478467876,8.554067635744225e-05,-0.00010331671212993365,-8.768461459295473e-05,-0.00022736340045643772,2.289505889223629e-05,1.0014592752234937e-06,-0.00014442062672296294,2.5546875
0.0005346354213457829,1.2129681558667888e-05,-5.709142571707435e-06,-0.00027266514494219367,-6.619063415558243e-05,-0.0002370885696883203,0.0004882365478465554,8.554067635724636e-05,-0.00010331671212999011,-8.768461459297435e-05,-0.00022736340045654703,2.289505889205258e-05,1.0014592751522131e-06,-0.0001444206267230449,2.5625
0.0005346354213454265,1.212968155830178e-05,-5.70914257213596e-06,-0.0002726651449426071,-6.619063415561123e-05,-0.00023708856968861994,0.00048823654784625574,8.554067635714252e-05,-0.00010331671213018414,-8.768461459321075e-05,-0.00022736340045690232,2.2895058891884293e-05,1.0014592747236875e-06,-0.0001444206267233182,2.5703125
0.0005346354213442883,1.2129681556971046e-05,-5.709142573259216e-06,-0.0002726651449438639,-6.619063415701626e-05,-0.000237088569689768,0.0004882365478451077,8.554067635587252e-05,-0.00010331671213134953,-8.768461459462187e-05,-0.00022736340045813216,2.2895058890531066e-05,1.0014592736004314e-06,-0.00014442062672454805,2.578125
0.0005346354213446862,1.2129681557288685e-05,-5.7091425728493885e-06,-0.00027266514494358974,-6.619063415662728e-05,-0.00023708856968919766,0.00048823654784567797,8.554067635620907e-05,-0.00010331671213087505,-8.768461459436112e-05,-0.00022736340045764023,2.2895058891169973e-05,1.0014592740102586e-06,-0.00014442062672405612,2.5859375
0.0005346354213442167,1.2129681556875016e-05,-5.709142573381762e-06,-0.00027266514494412794,-6.619063415715031e-05,-0.00023708856968993075,0.0004882365478449449,8.55406763558019e-05,-0.00010331671213154316,-8.768461459483597e-05,-0.00022736340045821415,2.2895058890408785e-05,1.0014592734778852e-06,-0.00014442062672479403,2.59375
0.0005346354213430016,1.2129681555727906e-05,-5.709142574575786e-06,-0.0002726651449452331,-6.619063415830046e-05,-0.00023708856969106235,0.00048823654784381325,8.554067635465602e-05,-0.00010331671213274628,-8.768461459593271e-05,-0.00022736340045938932,2.2895058889358115e-05,1.0014592722838616e-06,-0.00014442062672580523,2.6015625
0.0005346354213437273,1.2129681556385785e-05,-5.709142573850789e-06,-0.00027266514494446795,-6.619063415768532e-05,-0.0002370885696903249,0.0004882365478445507,8.554067635521336e-05,-0.00010331671213209565,-8.768461459521704e-05,-0.0002273634004587334,2.2895058890052706e-05,1.0014592730088587e-06,-0.00014442062672525863,2.609375
0.0005346354213450107,1.2129681557914685e-05,-5.709142572380757e-06,-0.0002726651449430083,-6.619063415613947e-05,-0.00023708856968893935,0.00048823654784593633,8.554067635662272e-05,-0.00010331671213075599,-8.768461459382663e-05,-0.00022736340045725762,2.2895058891466736e-05,1.0014592744788903e-06,-0.00014442062672361886,2.6171875
0.000534635421345418,1.2129681558073932e-05,-5.7091425721301356e-06,-0.00027266514494275393,-6.619063415590661e-05,-0.0002370885696887938,0.00048823654784608183,8.554067635697265e-05,-0.00010331671213041743,-8.768461459350946e-05,-0.00022736340045703896,2.2895058891638592e-05,1.001459274729512e-06,-0.0001444206267235642,2.625
0.0005346354213429524,1.2129681555674565e-05,-5.7091425743749906e-06,-0.0002726651449451673,-6.61906341583863e-05,-0.00023708856969118135,0.00048823654784369437,8.554067635456396e-05,-0.00010331671213298293,-8.768461459597982e-05,-0.00022736340045928,2.2895058889316624e-05,1.001459272484657e-06,-0.00014442062672591455,2.6328125
0.0005346354213434153,1.2129681556002028e-05,-5.7091425740260435e-06,-0.00027266514494457284,-6.619063415829958e-05,-0.00023708856969067088,0.00048823654784420486,8.55406763548216e-05,-0.00010331671213277252,-8.768461459538599e-05,-0.00022736340045906138,2.2895058889821432e-05,1.0014592728336038e-06,-0.00014442062672558658,2.640625
0.0005346354213445713,1.2129681557360908e-05,-5.709142573096921e-06,-0.00027266514494331945,-6.619063415724923e-05,-0.0002370885696894575,0.00048823654784541814,8.554067635615968e-05,-0.00010331671213149834,-8.768461459428751e-05,-0.00022736340045785886,2.2895058890952506e-05,1.0014592737627265e-06,-0.0001444206267244934,2.6484375
0.0005346354213457988,1.212968155844397e-05,-5.709142571916097e-06,-0.0002726651449424569,-6.619063415590397e-05,-0.0002370885696883429,0.0004882365478465328,8.554067635717662e-05,-0.00010331671213032064,-8.768461459334756e-05,-0.00022736340045665635,2.289505889201621e-05,1.0014592749435512e-06,-0.0001444206267232909,2.65625
0.0005346354213456085,1.2129681558324657e-05,-5.709142571958976e-06,-0.00027266514494261103,-6.619063415576311e-05,-0.00023708856968850746,0.00048823654784636817,8.554067635714923e-05,-0.00010331671213011116,-8.768461459334648e-05,-0.00022736340045686131,2.2895058891895948e-05,1.0014592749006723e-06,-0.00014442062672335922,2.6640625
0.0005346354213452191,1.2129681557962642e-05,-5.7091425723483024e-06,-0.0002726651449430161,-6.6190634156047e-05,-0.00023708856968876013,0.0004882365478461155,8.554067635679116e-05,-0.00010331671213041842,-8.768461459374362e-05,-0.00022736340045714827,2.2895058891510538e-05,1.0014592745113457e-06,-0.0001444206267238375,2.671875
0.000534635421345953,1.2129681558589243e-05,-5.709142571534511e-06,-0.0002726651449422278,-6.619063415527297e-05,-0.0002370885696880598,0.0004882365478468159,8.554067635738432e-05,-0.00010331671212984386,-8.768461459304549e-05,-0.00022736340045643772,2.2895058892324408e-05,1.0014592753251366e-06,-0.00014442062672307226,2.6796875
0.0005346354213465943,1.2129681559236632e-05,-5.7091425709813005e-06,-0.00027266514494173456,-6.619063415489924e-05,-0.00023708856968751877,0.00048823654784735696,8.554067635814268e-05,-0.00010331671212924226,-8.768461459240008e-05,-0.00022736340045583647,2.2895058892897537e-05,1.0014592758783467e-06,-0.000144420626722471,2.6875
0.0005346354213450036,1.2129681557788627e-05,-5.7091425724961885e-06,-0.00027266514494318815,-6.619063415629693e-05,-0.0002370885696889912,0.00048823654784588445,8.554067635650882e-05,-0.0001033167121306543,-8.768461459383058e-05,-0.00022736340045742158,2.2895058891269784e-05,1.0014592743634584e-06,-0.00014442062672372817,2.6953125
0.0005346354213445117,1.2129681557219447e-05,-5.709142573238548e-06,-0.0002726651449437161,-6.619063415689827e-05,-0.00023708856968968813,0.00048823654784518753,8.554067635605784e-05,-0.00010331671213122402,-8.768461459449545e-05,-0.00022736340045796818,2.2895058890686768e-05,1.0014592736210994e-06,-0.0001444206267243841,2.703125
0.0005346354213444512,1.2129681557166871e-05,-5.7091425731430735e-06,-0.00027266514494371746,-6.619063415689045e-05,-0.00023708856968960855,0.00048823654784526706,8.554067635596658e-05,-0.00010331671213137215,-8.768461459444896e-05,-0.00022736340045791353,2.2895058890712792e-05,1.0014592737165744e-06,-0.00014442062672450707,2.7109375
0.0005346354213445066,1.2129681557104408e-05,-5.7091425731884744e-06,-0.0002726651449438152,-6.619063415697079e-05,-0.00023708856968950026,0.0004882365478453754,8.554067635596117e-05,-0.00010331671213133224,-8.76846145944497e-05,-0.00022736340045796818,2.2895058890780843e-05,1.0014592736711737e-06,-0.0001444206267244934,2.71875
0.0005346354213436093,1.212968155644253e-05,-5.709142573883762e-06,-0.00027266514494451023,-6.619063415768844e-05,-0.00023708856969025628,0.0004882365478446194,8.554067635528062e-05,-0.00010331671213209893,-8.768461459523066e-05,-0.00022736340045851478,2.2895058890116996e-05,1.0014592729758846e-06,-0.00014442062672525863,2.7265625
0.0005346354213436262,1.2129681556263302e-05,-5.7091425739715776e-06,-0.000272665144944509,-6.619063415801832e-05,-0.000237088569690608,0.00048823654784426775,8.554067635511257e-05,-0.00010331671213239929,-8.768461459543506e-05,-0.0002273634004588974,2.289505888980758e-05,1.00145927288807e-06,-0.00014442062672547726,2.734375
0.0005346354213443958,1.2129681557063906e-05,-5.70914257312185e-06,-0.0002726651449436385,-6.619063415701694e-05,-0.00023708856968973816,0.0004882365478451375,8.554067635594414e-05,-0.00010331671213152599,-8.768461459452101e-05,-0.0002273634004580775,2.2895058890639358e-05,1.0014592737377973e-06,-0.0001444206267244934,2.7421875
0.0005346354213448943,1.2129681557521461e-05,-5.709142572720692e-06,-0.0002726651449433699,-6.619063415656191e-05,-0.00023708856968928237,0.00048823654784559335,8.554067635633744e-05,-0.00010331671213091145,-8.76846145940547e-05,-0.00022736340045753092,2.2895058891213737e-05,1.0014592741389561e-06,-0.00014442062672405612,2.75
0.0005346354213451803,1.212968155796588e-05,-5.709142572449633e-06,-0.0002726651449430315,-6.619063415615557e-05,-0.00023708856968882256,0.00048823654784605316,8.554067635665562e-05,-0.00010331671213061214,-8.768461459376809e-05,-0.00022736340045720295,2.2895058891519523e-05,1.0014592744100151e-06,-0.00014442062672372817,2.7578125
0.0005346354213460141,1.2129681558692903e-05,-5.709142571570527e-06,-0.00027266514494215155,-6.61906341554851e-05,-0.00023708856968804418,0.0004882365478468315,8.554067635752749e-05,-0.00010331671212984035,-8.768461459296915e-05,-0.00022736340045643772,2.2895058892291438e-05,1.0014592752891203e-06,-0.0001444206267229356,2.765625
0.000534635421344855,1.2129681557535688e-05,-5.709142572758861e-06,-0.0002726651449433551,-6.619063415668909e-05,-0.00023708856968926364,0.000488236547845612,8.554067635639622e-05,-0.00010331671213107495,-8.768461459419908e-05,-0.00022736340045758556,2.2895058891107397e-05,1.0014592741007873e-06,-0.0001444206267241108,2.7734375
0.0005346354213452801,1.2129681558009613e-05,-5.709142572328052e-06,-0.0002726651449427856,-6.619063415613285e-05,-0.0002370885696886846,0.00048823654784619107,8.554067635682399e-05,-0.00010331671213050444,-8.76846145936787e-05,-0.00022736340045714827,2.289505889161139e-05,1.0014592745315957e-06,-0.00014442062672361886,2.78125
0.0005346354213445062,1.2129681557644534e-05,-5.709142572759307e-06,-0.00027266514494341134,-6.619063415662995e-05,-0.0002370885696891957,0.0004882365478456799,8.554067635619278e-05,-0.00010331671213104794,-8.768461459401897e-05,-0.00022736340045747625,2.2895058891170417e-05,1.00145927410034e-06,-0.0001444206267241108,2.7890625
0.0005346354213447163,1.2129681557343275e-05,-5.709142572867907e-06,-0.00027266514494341806,-6.619063415680236e-05,-0.00023708856968934395,0.0004882365478455317,8.55406763561886e-05,-0.00010331671213104045,-8.768461459424249e-05,-0.00022736340045764023,2.2895058891088695e-05,1.0014592739917411e-06,-0.00014442062672416543,2.796875
0.0005346354213441154,1.2129681556996906e-05,-5.709142573412363e-06,-0.00027266514494406695,-6.619063415714001e-05,-0.00023708856968999086,0.00048823654784488477,8.554067635571938e-05,-0.00010331671213156415,-8.768461459481259e-05,-0.0002273634004581868,2.2895058890467423e-05,1.0014592734472847e-06,-0.0001444206267247667,2.8046875
0.0005346354213440862,1.212968155670976e-05,-5.709142573470718e-06,-0.00027266514494408707,-6.619063415699482e-05,-0.00023708856968991608,0.00048823654784495963,8.554067635569115e-05,-0.00010331671213144875,-8.768461459489896e-05,-0.00022736340045815948,2.2895058890440945e-05,1.0014592733889298e-06,-0.00014442062672463004,2.8125
0.0005346354213457661,1.2129681558463628e-05,-5.70914257179625e-06,-0.00027266514494239517,-6.619063415551117e-05,-0.00023708856968826633,0.00048823654784660935,8.554067635734002e-05,-0.00010331671212987067,-8.768461459316004e-05,-0.00022736340045671102,2.2895058892081702e-05,1.0014592750633973e-06,-0.00014442062672309958,2.8203125
0.0005346354213452614,1.2129681557937517e-05,-5.709142572293425e-06,-0.00027266514494278884,-6.61906341561124e-05,-0.00023708856968883023,0.00048823654784604546,8.554067635687735e-05,-0.00010331671213038714,-8.768461459360605e-05,-0.00022736340045712095,2.289505889159773e-05,1.0014592745662224e-06,-0.00014442062672350952,2.828125
0.0005346354213437934,1.212968155669323e-05,-5.7091425737665075e-06,-0.000272665144944225,-6.61906341573791e-05,-0.0002370885696901905,0.00048823654784468516,8.55406763554493e-05,-0.00010331671213189734,-8.76846145951126e-05,-0.0002273634004583918,2.289505889024308e-05,1.00145927309314e-06,-0.00014442062672502632,2.8359375
0.0005346354213431287,1.2129681555808754e-05,-5.709142574375342e-06,-0.0002726651449451014,-6.619063415811582e-05,-0.00023708856969104295,0.0004882365478438327,8.554067635464861e-05,-0.00010331671213257644,-8.768461459571446e-05,-0.00022736340045928,2.2895058889523202e-05,1.0014592724843063e-06,-0.00014442062672591455,2.84375
0.0005346354213436742,1.2129681556405812e-05,-5.7091425738813304e-06,-0.0002726651449445401,-6.619063415764006e-05,-0.000237088569690324,0.0004882365478445516,8.554067635523748e-05,-0.00010331671213226971,-8.768461459512118e-05,-0.0002273634004586241,2.2895058889999614e-05,1.0014592729783173e-06,-0.00014442062672514932,2.8515625
0.0005346354213448416,1.2129681557522678e-05,-5.709142572690827e-06,-0.00027266514494328855,-6.619063415666108e-05,-0.0002370885696892546,0.0004882365478456211,8.554067635634381e-05,-0.00010331671213115854,-8.768461459412827e-05,-0.00022736340045764023,2.2895058891123796e-05,1.00145927416882e-06,-0.0001444206267241108,2.859375
0.0005346354213458284,1.2129681558485852e-05,-5.709142571762187e-06,-0.0002726651449423515,-6.61906341557093e-05,-0.00023708856968824777,0.0004882365478466279,8.554067635729925e-05,-0.00010331671213006436,-8.768461459309017e-05,-0.00022736340045665635,2.2895058892123834e-05,1.0014592750974603e-06,-0.0001444206267231269,2.8671875
0.0005346354213456512,1.2129681558335018e-05,-5.709142572020757e-06,-0.0002726651449425328,-6.619063415590603e-05,-0.00023708856968847743,0.00048823654784639826,8.554067635708003e-05,-0.00010331671213015104,-8.768461459332785e-05,-0.00022736340045682033,2.289505889190382e-05,1.0014592748388897e-06,-0.0001444206267232909,2.875
0.0005346354213450206,1.2129681557571741e-05,-5.709142572627657e-06,-0.000272665144943254,-6.619063415643888e-05,-0.00023708856968905094,0.00048823654784582477,8.554067635645447e-05,-0.00010331671213078229,-8.768461459402572e-05,-0.00022736340045743524,2.289505889121373e-05,1.0014592742319904e-06,-0.0001444206267239878,2.8828125
0.000534635421344281,1.2129681557245906e-05,-5.709142573016099e-06,-0.00027266514494387055,-6.619063415698432e-05,-0.00023708856968954298,0.00048823654784533276,8.55406763558946e-05,-0.00010331671213126513,-8.768461459444647e-05,-0.00022736340045794085,2.2895058890890137e-05,1.0014592738435487e-06,-0.00014442062672432942,2.890625
0.0005346354213444821,1.2129681557184081e-05,-5.709142572961979e-06,-0.0002726651449436238,-6.619063415700824e-05,-0.00023708856968956423,0.0004882365478453115,8.554067635596795e-05,-0.00010331671213141018,-8.768461459430491e-05,-0.00022736340045796818,2.289505889064588e-05,1.0014592738976686e-06,-0.00014442062672443873,2.8984375
0.0005346354213452099,1.2129681557874556e-05,-5.7091425723605505e-06,-0.0002726651449429009,-6.619063415622425e-05,-0.0002370885696888605,0.0004882365478460151,8.554067635673109e-05,-0.0001033167121306254,-8.768461459373025e-05,-0.00022736340045720295,2.2895058891535525e-05,1.0014592744990974e-06,-0.00014442062672372817,2.90625
0.0005346354213450052,1.2129681557663846e-05,-5.709142572537063e-06,-0.00027266514494314945,-6.619063415631809e-05,-0.00023708856968900112,0.00048823654784587453,8.55406763566693e-05,-0.00010331671213076759,-8.768461459375609e-05,-0.00022736340045724393,2.2895058891356723e-05,1.0014592743225846e-06,-0.00014442062672385115,2.9140625
0.0005346354213444365,1.2129681557085202e-05,-5.7091425730906455e-06,-0.00027266514494373427,-6.61906341569624e-05,-0.00023708856968965435,0.0004882365478452213,8.554067635597047e-05,-0.0001033167121312915,-8.768461459464744e-05,-0.00022736340045794085,2.2895058890758945e-05,1.0014592737690018e-06,-0.00014442062672442507,2.921875
0.0005346354213442411,1.2129681556977538e-05,-5.709142573305512e-06,-0.0002726651449439143,-6.619063415714592e-05,-0.00023708856968979877,0.00048823654784507694,8.5540676355794e-05,-0.00010331671213152226,-8.768461459472117e-05,-0.00022736340045813216,2.2895058890519936e-05,1.0014592735541351e-06,-0.00014442062672471203,2.9296875
0.0005346354213440429,1.21296815567068e-05,-5.709142573554385e-06,-0.00027266514494417223,-6.619063415738232e-05,-0.00023708856968997113,0.00048823654784490455,8.554067635557418e-05,-0.0001033167121317993,-8.76846145948445e-05,-0.0002273634004583508,2.2895058890282333e-05,1.0014592733052627e-06,-0.00014442062672498533,2.9375
0.0005346354213452591,1.2129681557892458e-05,-5.709142572321144e-06,-0.0002726651449430058,-6.61906341560632e-05,-0.0002370885696888816,0.00048823654784599407,8.55406763568266e-05,-0.00010331671213056045,-8.768461459374244e-05,-0.00022736340045714827,2.289505889154512e-05,1.0014592745385037e-06,-0.0001444206267236735,2.9453125
0.0005346354213454067,1.2129681558170936e-05,-5.709142572167792e-06,-0.0002726651449428053,-6.619063415584498e-05,-0.00023708856968860742,0.00048823654784626826,8.554067635703739e-05,-0.00010331671213033583,-8.768461459353855e-05,-0.00022736340045709363,2.2895058891709174e-05,1.001459274691855e-06,-0.0001444206267234002,2.953125
0.0005346354213453267,1.2129681558075038e-05,-5.709142572245642e-06,-0.00027266514494282164,-6.619063415599965e-05,-0.00023708856968872186,0.0004882365478461538,8.554067635683306e-05,-0.00010331671213039178,-8.768461459359845e-05,-0.00022736340045709363,2.2895058891666622e-05,1.0014592746140048e-06,-0.0001444206267235642,2.9609375
0.0005346354213456254,1.2129681558281862e-05,-5.70914257204637e-06,-0.00027266514494246364,-6.619063415587653e-05,-0.0002370885696884755,0.0004882365478464002,8.554067635701374e-05,-0.00010331671213020292,-8.768461459347652e-05,-0.00022736340045690232,2.289505889197406e-05,1.0014592748132773e-06,-0.0001444206267234002,2.96875
0.0005346354213449677,1.2129681557721424e-05,-5.709142572613305e-06,-0.00027266514494323575,-6.61906341564967e-05,-0.00023708856968910358,0.000488236547845772,8.5540676356438e-05,-0.00010331671213082967,-8.76846145938081e-05,-0.00022736340045742158,2.2895058891334968e-05,1.0014592742463425e-06,-0.0001444206267239468,2.9765625
0.0005346354213442835,1.2129681557361115e-05,-5.70914257312621e-06,-0.0002726651449437027,-6.619063415696383e-05,-0.0002370885696896871,0.0004882365478451886,8.554067635602677e-05,-0.00010331671213142231,-8.768461459474356e-05,-0.00022736340045785886,2.289505889067036e-05,1.0014592737334378e-06,-0.0001444206267244934,2.984375
0.0005346354213438827,1.2129681556592697e-05,-5.709142573596611e-06,-0.0002726651449443827,-6.619063415740255e-05,-0.00023708856969021478,0.00048823654784466093,8.554067635544723e-05,-0.00010331671213193309,-8.768461459504319e-05,-0.00022736340045851478,2.2895058890160445e-05,1.0014592732630368e-06,-0.00014442062672509465,2.9921875
0.0005346354213439751,1.2129681556639087e-05,-5.70914257356733e-06,-0.0002726651449440744,-6.619063415735014e-05,-0.00023708856969003862,0.00048823654784483706,8.554067635550282e-05,-0.0001033167121317434,-8.768461459494533e-05,-0.0002273634004583781,2.2895058890279253e-05,1.0014592732923168e-06,-0.00014442062672490334,3.0
0.0005346354213446122,1.212968155725231e-05,-5.709142573070482e-06,-0.0002726651449435087,-6.619063415681715e-05,-0.00023708856968938485,0.00048823654784549083,8.55406763561848e-05,-0.00010331671213119983,-8.768461459434445e-05,-0.00022736340045791353,2.289505889096476e-05,1.0014592737891656e-06,-0.00014442062672432942,3.0078125
0.000534635421344268,1.212968155686968e-05,-5.709142573321656e-06,-0.000272665144943982,-6.619063415708884e-05,-0.00023708856968972317,0.0004882365478451524,8.554067635589498e-05,-0.00010331671213139498,-8.768461459470894e-05,-0.00022736340045813216,2.2895058890527217e-05,1.001459273537992e-06,-0.00014442062672460272,3.015625
0.0005346354213440787,1.2129681556499559e-05,-5.709142573548837e-06,-0.000272665144944144,-6.619063415748161e-05,-0.00023708856968997826,0.0004882365478448974,8.554067635543178e-05,-0.00010331671213166586,-8.768461459473534e-05,-0.0002273634004584601,2.2895058890142878e-05,1.001459273310811e-06,-0.0001444206267247667,3.0234375
0.0005346354213450132,1.2129681557931574e-05,-5.709142572209739e-06,-0.0002726651449430282,-6.619063415624615e-05,-0.0002370885696890532,0.00048823654784582244,8.554067635667231e-05,-0.00010331671213066154,-8.768461459371836e-05,-0.00022736340045714827,2.2895058891648496e-05,1.0014592746499088e-06,-0.0001444206267235642,3.03125
0.0005346354213462916,1.2129681559185156e-05,-5.709142571180014e-06,-0.0002726651449416915,-6.61906341550945e-05,-0.00023708856968770073,0.0004882365478471749,8.554067635791713e-05,-0.00010331671212938461,-8.768461459258525e-05,-0.0002273634004559731,2.2895058892595292e-05,1.0014592756796343e-06,-0.00014442062672252566,3.0390625
0.0005346354213460272,1.2129681558731024e-05,-5.709142571473307e-06,-0.00027266514494205354,-6.619063415533964e-05,-0.00023708856968796983,0.00048823654784690577,8.554067635759201e-05,-0.00010331671212977558,-8.768461459290475e-05,-0.00022736340045638305,2.28950588924084e-05,1.0014592753863407e-06,-0.00014442062672282628,3.046875
0.0005346354213437167,1.2129681556402756e-05,-5.709142573847996e-06,-0.0002726651449445625,-6.619063415780074e-05,-0.00023708856969030897,0.00048823654784456677,8.55406763552369e-05,-0.00010331671213221841,-8.768461459522967e-05,-0.0002273634004587334,2.2895058890062833e-05,1.0014592730116505e-06,-0.00014442062672520396,3.0546875
0.0005346354213437405,1.2129681556566505e-05,-5.709142573636146e-06,-0.0002726651449443738,-6.61906341577313e-05,-0.00023708856969026763,0.0004882365478446081,8.554067635521294e-05,-0.000103316712132094,-8.768461459513651e-05,-0.0002273634004586241,2.2895058890124138e-05,1.0014592732235026e-06,-0.00014442062672520396,3.0625
0.0005346354213452269,1.212968155800785e-05,-5.709142572214054e-06,-0.0002726651449426441,-6.619063415611483e-05,-0.00023708856968864618,0.0004882365478462295,8.554067635686519e-05,-0.00010331671213049487,-8.768461459356701e-05,-0.0002273634004570458,2.289505889178603e-05,1.0014592746455934e-06,-0.00014442062672358468,3.0703125
0.0005346354213456436,1.2129681558193213e-05,-5.709142571894e-06,-0.0002726651449427218,-6.61906341557227e-05,-0.00023708856968866968,0.00048823654784620603,8.554067635712e-05,-0.00010331671213018461,-8.768461459336727e-05,-0.00022736340045692965,2.2895058891795832e-05,1.001459274965648e-06,-0.00014442062672345487,3.078125
0.0005346354213454466,1.2129681557861718e-05,-5.709142572393781e-06,-0.0002726651449430141,-6.619063415601667e-05,-0.00023708856968902348,0.0004882365478458522,8.554067635680927e-05,-0.00010331671213037798,-8.768461459399631e-05,-0.00022736340045720295,2.2895058891309618e-05,1.001459274465866e-06,-0.00014442062672372817,3.0859375
0.0005346354213446321,1.2129681557396297e-05,-5.709142572737227e-06,-0.0002726651449433328,-6.619063415634171e-05,-0.00023708856968935425,0.00048823654784552135,8.554067635643705e-05,-0.00010331671213079479,-8.768461459425058e-05,-0.00022736340045764023,2.28950588909584e-05,1.00145927412242e-06,-0.00014442062672427475,3.09375
0.0005346354213446962,1.2129681557455208e-05,-5.7091425728320624e-06,-0.000272665144943502,-6.619063415642316e-05,-0.00023708856968932956,0.00048823654784554613,8.554067635636464e-05,-0.00010331671213089313,-8.768461459425535e-05,-0.00022736340045774955,2.2895058890990195e-05,1.0014592740275853e-06,-0.00014442062672427475,3.1015625
0.0005346354213436545,1.2129681556422321e-05,-5.709142573882579e-06,-0.0002726651449446422,-6.619063415756485e-05,-0.000237088569690343,0.0004882365478445326,8.554067635517962e-05,-0.00010331671213197712,-8.768461459529959e-05,-0.0002273634004587334,2.2895058889923313e-05,1.001459272977068e-06,-0.00014442062672525863,3.109375
0.0005346354213437862,1.2129681556500473e-05,-5.7091425736972736e-06,-0.00027266514494433063,-6.619063415742308e-05,-0.0002370885696902692,0.00048823654784460645,8.554067635534623e-05,-0.00010331671213202128,-8.768461459513693e-05,-0.00022736340045856942,2.289505889014565e-05,1.0014592731623743e-06,-0.00014442062672514932,3.1171875
0.000534635421343777,1.2129681556437957e-05,-5.7091425738717505e-06,-0.0002726651449442519,-6.619063415761084e-05,-0.00023708856969022768,0.000488236547844648,8.554067635528509e-05,-0.00010331671213215432,-8.768461459521676e-05,-0.0002273634004586514,2.2895058890140503e-05,1.0014592729878966e-06,-0.00014442062672520396,3.125
0.0005346354213439989,1.2129681556781458e-05,-5.709142573525771e-06,-0.0002726651449439886,-6.619063415752712e-05,-0.00023708856968990657,0.0004882365478449691,8.554067635547847e-05,-0.00010331671213193254,-8.768461459484628e-05,-0.0002273634004584601,2.2895058890373633e-05,1.0014592733338765e-06,-0.00014442062672482135,3.1328125
0.0005346354213445379,1.2129681557318324e-05,-5.709142572902442e-06,-0.00027266514494339193,-6.619063415674621e-05,-0.00023708856968938807,0.00048823654784548764,8.55406763559598e-05,-0.00010331671213128691,-8.76846145942558e-05,-0.00022736340045774955,2.289505889098938e-05,1.0014592739572049e-06,-0.00014442062672427475,3.140625
0.0005346354213454369,1.2129681557953508e-05,-5.709142572231486e-06,-0.00027266514494272726,-6.619063415617685e-05,-0.00023708856968879065,0.00048823654784608503,8.554067635677556e-05,-0.00010331671213060105,-8.768461459348439e-05,-0.00022736340045698432,2.2895058891705267e-05,1.0014592746281617e-06,-0.00014442062672350952,3.1484375
0.0005346354213451133,1.212968155775495e-05,-5.7091425724615075e-06,-0.00027266514494305897,-6.619063415650326e-05,-0.00023708856968894282,0.0004882365478459328,8.55406763565865e-05,-0.00010331671213076976,-8.768461459387496e-05,-0.00022736340045731226,2.2895058891422606e-05,1.00145927439814e-06,-0.0001444206267238375,3.15625
0.0005346354213455894,1.2129681558299343e-05,-5.709142571998984e-06,-0.0002726651449425833,-6.619063415599951e-05,-0.0002370885696883162,0.0004882365478465595,8.55406763570765e-05,-0.00010331671213016999,-8.768461459337148e-05,-0.00022736340045671102,2.2895058891953563e-05,1.0014592748606633e-06,-0.0001444206267234002,3.1640625
0.0005346354213448991,1.212968155754456e-05,-5.7091425726182146e-06,-0.00027266514494339746,-6.619063415651804e-05,-0.0002370885696891552,0.00048823654784572047,8.55406763562605e-05,-0.00010331671213084252,-8.768461459404742e-05,-0.00022736340045747625,2.2895058891196177e-05,1.0014592742414333e-06,-0.0001444206267241381,3.171875
0.0005346354213446462,1.2129681557201263e-05,-5.709142572978608e-06,-0.00027266514494362287,-6.619063415674352e-05,-0.000237088569689396,0.0004882365478454796,8.554067635601624e-05,-0.00010331671213118591,-8.768461459434461e-05,-0.00022736340045774955,2.2895058890929714e-05,1.0014592738810397e-06,-0.00014442062672432942,3.1796875
0.000534635421345447,1.212968155798107e-05,-5.709142572129645e-06,-0.00027266514494260274,-6.619063415596018e-05,-0.0002370885696883959,0.00048823654784647974,8.55406763572412e-05,-0.00010331671213018247,-8.76846145937058e-05,-0.000227363400456875,2.2895058891696485e-05,1.0014592747300026e-06,-0.00014442062672350952,3.1875
0.0005346354213455528,1.2129681558217008e-05,-5.709142571989435e-06,-0.00027266514494269815,-6.619063415579655e-05,-0.0002370885696885978,0.00048823654784627786,8.55406763571581e-05,-0.00010331671213035864,-8.768461459344175e-05,-0.000227363400456875,2.2895058891743445e-05,1.0014592748702124e-06,-0.0001444206267234002,3.1953125
0.0005346354213453692,1.2129681558063478e-05,-5.709142572258343e-06,-0.00027266514494293494,-6.619063415597957e-05,-0.00023708856968879038,0.00048823654784608525,8.55406763569749e-05,-0.00010331671213027352,-8.768461459359511e-05,-0.00022736340045720295,2.28950588915904e-05,1.0014592746013048e-06,-0.00014442062672361886,3.203125
0.0005346354213451351,1.2129681557857093e-05,-5.709142572410859e-06,-0.0002726651449431505,-6.619063415623915e-05,-0.00023708856968899833,0.0004882365478458773,8.554067635668069e-05,-0.00010331671213048465,-8.76846145938762e-05,-0.00022736340045725762,2.28950588914879e-05,1.001459274448788e-06,-0.00014442062672372817,3.2109375
0.0005346354213455017,1.2129681558202423e-05,-5.709142572023041e-06,-0.0002726651449426938,-6.619063415577307e-05,-0.00023708856968862268,0.000488236547846253,8.554067635711165e-05,-0.00010331671213018502,-8.768461459346841e-05,-0.00022736340045692965,2.289505889180195e-05,1.0014592748366061e-06,-0.00014442062672334556,3.21875
0.0005346354213450762,1.2129681557789971e-05,-5.7091425725160175e-06,-0.0002726651449431461,-6.619063415616931e-05,-0.00023708856968895022,0.00048823654784592544,8.554067635662271e-05,-0.00010331671213061602,-8.768461459387016e-05,-0.00022736340045740791,2.2895058891366942e-05,1.0014592743436298e-06,-0.00014442062672381017,3.2265625
0.0005346354213432662,1.2129681555952296e-05,-5.709142574243894e-06,-0.00027266514494493453,-6.619063415801332e-05,-0.00023708856969078694,0.0004882365478440887,8.554067635482134e-05,-0.00010331671213247813,-8.768461459564115e-05,-0.00022736340045914337,2.2895058889565337e-05,1.0014592726157535e-06,-0.00014442062672561393,3.234375
0.0005346354213425858,1.2129681555230534e-05,-5.709142574937376e-06,-0.0002726651449455989,-6.619063415887078e-05,-0.00023708856969147947,0.00048823654784339616,8.554067635406284e-05,-0.00010331671213335818,-8.768461459635255e-05,-0.0002273634004598266,2.2895058888847358e-05,1.001459271922271e-06,-0.0001444206267263518,3.2421875
0.0005346354213438285,1.2129681556495142e-05,-5.709142573703055e-06,-0.0002726651449442808,-6.619063415772553e-05,-0.00023708856969023446,0.00048823654784464125,8.55406763552871e-05,-0.00010331671213209765,-8.76846145950713e-05,-0.0002273634004585421,2.289505889020289e-05,1.0014592731565927e-06,-0.00014442062672509465,3.25
0.0005346354213453774,1.2129681558171053e-05,-5.709142572185396e-06,-0.0002726651449426682,-6.619063415612184e-05,-0.00023708856968867006,0.0004882365478462056,8.554067635689589e-05,-0.00010331671213059235,-8.76846145935303e-05,-0.000227363400456875,2.2895058891720012e-05,1.001459274674252e-06,-0.00014442062672345487,3.2578125
0.0005346354213456308,1.2129681558364068e-05,-5.709142571919774e-06,-0.00027266514494238893,-6.619063415587614e-05,-0.00023708856968840698,0.0004882365478464686,8.554067635715202e-05,-0.00010331671213025748,-8.768461459329989e-05,-0.00022736340045673834,2.2895058891984246e-05,1.0014592749398738e-06,-0.00014442062672326357,3.265625
0.0005346354213444494,1.212968155716176e-05,-5.709142573127809e-06,-0.0002726651449436641,-6.61906341570565e-05,-0.00023708856968962758,0.0004882365478452481,8.554067635594067e-05,-0.000103316712131501,-8.768461459451221e-05,-0.00022736340045791353,2.2895058890751854e-05,1.0014592737318388e-06,-0.00014442062672443873,3.2734375
0.0005346354213445361,1.2129681557146516e-05,-5.7091425730349124e-06,-0.00027266514494368044,-6.619063415700997e-05,-0.00023708856968959052,0.0004882365478452851,8.554067635594599e-05,-0.00010331671213144131,-8.768461459445893e-05,-0.00022736340045786485,2.2895058890832918e-05,1.0014592738247346e-06,-0.00014442062672445454,3.28125
0.0005346354213440763,1.212968155675037e-05,-5.709142573462786e-06,-0.00027266514494418833,-6.619063415741865e-05,-0.00023708856968992714,0.0004882365478449485,8.554067635554503e-05,-0.00010331671213171354,-8.768461459482178e-05,-0.00022736340045829615,2.2895058890413654e-05,1.001459273396862e-06,-0.00014442062672482135,3.2890625
0.0005346354213451886,1.2129681557807877e-05,-5.709142572425517e-06,-0.00027266514494311806,-6.619063415623053e-05,-0.00023708856968886226,0.0004882365478460134,8.554067635672614e-05,-0.00010331671213053148,-8.768461459379827e-05,-0.00022736340045733958,2.2895058891457998e-05,1.0014592744341308e-06,-0.0001444206267237555,3.296875
0.0005346354213452023,1.2129681557923053e-05,-5.709142572342303e-06,-0.0002726651449429445,-6.619063415608713e-05,-0.0002370885696888452,0.0004882365478460305,8.554067635683886e-05,-0.0001033167121304851,-8.768461459367972e-05,-0.00022736340045717562,2.2895058891535447e-05,1.0014592745173448e-06,-0.00014442062672370083,3.3046875
0.0005346354213447684,1.2129681557438991e-05,-5.709142572780536e-06,-0.0002726651449433885,-6.619063415652023e-05,-0.00023708856968929226,0.0004882365478455834,8.554067635633725e-05,-0.00010331671213091283,-8.768461459420461e-05,-0.00022736340045758556,2.2895058891120245e-05,1.0014592740791117e-06,-0.0001444206267242201,3.3125
0.0005346354213449026,1.2129681557629656e-05,-5.709142572866859e-06,-0.0002726651449432328,-6.619063415629795e-05,-0.00023708856968916365,0.00048823654784571207,8.554067635655801e-05,-0.00010331671213079896,-8.768461459406707e-05,-0.00022736340045750357,2.2895058891096867e-05,1.0014592739927883e-06,-0.0001444206267241381,3.3203125
0.0005346354213462316,1.212968155897912e-05,-5.709142571408137e-06,-0.0002726651449420051,-6.619063415488524e-05,-0.00023708856968785528,0.00048823654784702037,8.554067635800102e-05,-0.00010331671212919024,-8.768461459270691e-05,-0.00022736340045619174,2.2895058892519415e-05,1.0014592754515103e-06,-0.00014442062672277164,3.328125
0.0005346354213465425,1.2129681559254803e-05,-5.709142571144127e-06,-0.0002726651449416568,-6.619063415449313e-05,-0.0002370885696874663,0.0004882365478474094,8.554067635831473e-05,-0.00010331671212902557,-8.768461459227084e-05,-0.00022736340045594579,2.2895058892770635e-05,1.00145927571552e-06,-0.000144420626722471,3.3359375
0.0005346354213441497,1.2129681556958173e-05,-5.709142573387023e-06,-0.00027266514494405595,-6.619063415708554e-05,-0.00023708856968987412,0.0004882365478450016,8.554067635580277e-05,-0.00010331671213153274,-8.768461459474402e-05,-0.0002273634004581868,2.2895058890477774e-05,1.0014592734726245e-06,-0.00014442062672471203,3.34375
0.0005346354213435046,1.2129681556254578e-05,-5.7091425740967834e-06,-0.00027266514494469574,-6.619063415806856e-05,-0.00023708856969049437,0.0004882365478443813,8.554067635486001e-05,-0.0001033167121324783,-8.768461459555576e-05,-0.00022736340045888373,2.2895058889831895e-05,1.0014592727628643e-06,-0.00014442062672540893,3.3515625
0.0005346354213436946,1.2129681556447236e-05,-5.709142573765888e-06,-0.0002726651449443515,-6.619063415781392e-05,-0.00023708856969029853,0.0004882365478445771,8.554067635512582e-05,-0.00010331671213217362,-8.768461459519663e-05,-0.0002273634004586241,2.2895058889963683e-05,1.0014592730937592e-06,-0.00014442062672512197,3.359375
0.0005346354213446016,1.2129681557383778e-05,-5.70914257311378e-06,-0.0002726651449432547,-6.619063415717171e-05,-0.0002370885696895004,0.0004882365478453752,8.554067635588891e-05,-0.0001033167121313039,-8.76846145943263e-05,-0.0002273634004578042,2.289505889086557e-05,1.0014592737458678e-06,-0.00014442062672427475,3.3671875
0.0005346354213445237,1.2129681557431762e-05,-5.70914257292819e-06,-0.000272665144943305,-6.61906341568021e-05,-0.00023708856968912258,0.00048823654784575316,8.554067635627303e-05,-0.00010331671213127067,-8.768461459406735e-05,-0.00022736340045758556,2.2895058890610382e-05,1.0014592739314587e-06,-0.00014442062672400147,3.375
0.0005346354213441992,1.2129681556975737e-05,-5.709142573319224e-06,-0.0002726651449440563,-6.619063415724836e-05,-0.00023708856968996105,0.0004882365478449146,8.554067635579232e-05,-0.0001033167121317467,-8.768461459465973e-05,-0.00022736340045813216,2.2895058890490036e-05,1.0014592735404227e-06,-0.00014442062672471203,3.3828125
0.0005346354213444418,1.212968155729292e-05,-5.709142573205931e-06,-0.0002726651449436714,-6.619063415695616e-05,-0.00023708856968971003,0.0004882365478451657,8.554067635581932e-05,-0.00010331671213145035,-8.768461459462396e-05,-0.00022736340045796818,2.2895058890755628e-05,1.0014592736537163e-06,-0.00014442062672454805,3.390625
0.0005346354213449552,1.212968155778626e-05,-5.709142572590547e-06,-0.0002726651449431877,-6.619063415616312e-05,-0.00023708856968904774,0.00048823654784582786,8.554067635664322e-05,-0.000103316712130744,-8.768461459392233e-05,-0.00022736340045758556,2.289505889123154e-05,1.001459274269101e-06,-0.00014442062672400147,3.3984375
0.0005346354213444596,1.2129681557057292e-05,-5.709142573125877e-06,-0.0002726651449437621,-6.619063415689566e-05,-0.00023708856968971057,0.00048823654784516514,8.554067635603995e-05,-0.00010331671213129501,-8.768461459447313e-05,-0.00022736340045796818,2.289505889077743e-05,1.0014592737337703e-06,-0.00014442062672454805,3.40625
0.0005346354213438079,1.2129681556654835e-05,-5.709142573698825e-06,-0.00027266514494438566,-6.619063415769294e-05,-0.00023708856969020803,0.00048823654784466765,8.55406763552859e-05,-0.00010331671213203719,-8.768461459519212e-05,-0.0002273634004586241,2.2895058890053976e-05,1.0014592731608217e-06,-0.00014442062672512197,3.4140625
0.0005346354213434345,1.2129681556136447e-05,-5.70914257399573e-06,-0.0002726651449447834,-6.619063415807276e-05,-0.00023708856969070706,0.00048823654784416854,8.554067635491108e-05,-0.00010331671213230619,-8.768461459544222e-05,-0.0002273634004590067,2.289505888968456e-05,1.0014592728639183e-06,-0.00014442062672555926,3.421875
0.0005346354213452372,1.2129681557917375e-05,-5.709142572266877e-06,-0.00027266514494293754,-6.619063415622631e-05,-0.00023708856968898928,0.00048823654784588635,8.554067635653821e-05,-0.00010331671213057807,-8.768461459371526e-05,-0.00022736340045720295,2.2895058891467542e-05,1.0014592745927705e-06,-0.00014442062672372817,3.4296875
0.0005346354213463747,1.2129681559005582e-05,-5.709142571298939e-06,-0.000272665144941779,-6.619063415499214e-05,-0.00023708856968784097,0.00048823654784703463,8.554067635796684e-05,-0.00010331671212947358,-8.768461459276684e-05,-0.00022736340045616442,2.2895058892546347e-05,1.0014592755607083e-06,-0.0001444206267226623,3.4375
0.0005346354213459409,1.2129681558690853e-05,-5.7091425716057264e-06,-0.00027266514494200415,-6.61906341552571e-05,-0.00023708856968816718,0.0004882365478467085,8.554067635779632e-05,-0.00010331671212965868,-8.768461459282074e-05,-0.0002273634004563284,2.2895058892385533e-05,1.0014592752539215e-06,-0.00014442062672290827,3.4453125
0.0005346354213450019,1.2129681557869916e-05,-5.709142572498955e-06,-0.00027266514494311193,-6.619063415610877e-05,-0.00023708856968883207,0.0004882365478460436,8.554067635658119e-05,-0.00010331671213080404,-8.768461459385211e-05,-0.00022736340045731226,2.2895058891425177e-05,1.0014592743606935e-06,-0.0001444206267238375,3.453125
0.000534635421345035,1.2129681557739622e-05,-5.709142572520834e-06,-0.0002726651449432198,-6.619063415633945e-05,-0.00023708856968901882,0.0004882365478458568,8.55406763566283e-05,-0.00010331671213074845,-8.768461459387758e-05,-0.00022736340045739425,2.2895058891336083e-05,1.0014592743388133e-06,-0.00014442062672389213,3.4609375
0.0005346354213451039,1.2129681557741085e-05,-5.709142572466611e-06,-0.0002726651449431088,-6.61906341562872e-05,-0.00023708856968893916,0.00048823654784593644,8.554067635660951e-05,-0.00010331671213073106,-8.768461459385977e-05,-0.00022736340045731226,2.2895058891386593e-05,1.0014592743930368e-06,-0.00014442062672389213,3.46875
0.0005346354213453055,1.2129681557920583e-05,-5.7091425721881455e-06,-0.0002726651449429195,-6.619063415604971e-05,-0.00023708856968880773,0.00048823654784606796,8.554067635686538e-05,-0.00010331671213042235,-8.768461459364397e-05,-0.00022736340045716196,2.2895058891620306e-05,1.0014592746715018e-06,-0.00014442062672365984,3.4765625
0.0005346354213442741,1.212968155692443e-05,-5.709142573316342e-06,-0.00027266514494396504,-6.619063415719324e-05,-0.0002370885696898664,0.0004882365478450093,8.554067635576866e-05,-0.00010331671213150361,-8.768461459473477e-05,-0.00022736340045816631,2.289505889056227e-05,1.0014592735433058e-06,-0.0001444206267246847,3.484375
0.0005346354213435757,1.2129681556311314e-05,-5.709142573922289e-06,-0.00027266514494458363,-6.61906341578312e-05,-0.0002370885696904481,0.00048823654784442756,8.554067635512074e-05,-0.0001033167121322616,-8.768461459531741e-05,-0.0002273634004587334,2.2895058889934677e-05,1.001459272937359e-06,-0.00014442062672531328,3.4921875
0.0005346354213440708,1.2129681556779655e-05,-5.709142573516542e-06,-0.0002726651449440446,-6.6190634157396e-05,-0.00023708856969002122,0.00048823654784485446,8.554067635561446e-05,-0.00010331671213188871,-8.768461459482734e-05,-0.00022736340045829615,2.28950588903538e-05,1.001459273343106e-06,-0.00014442062672482135,3.5
0.0005346354213439993,1.2129681556705157e-05,-5.709142573612435e-06,-0.000272665144944176,-6.61906341574596e-05,-0.00023708856969008557,0.0004882365478447901,8.554067635555657e-05,-0.00010331671213190708,-8.768461459498781e-05,-0.00022736340045840546,2.289505889018362e-05,1.001459273247213e-06,-0.00014442062672504,3.5078125
0.0005346354213447274,1.2129681557338272e-05,-5.7091425728165744e-06,-0.00027266514494347064,-6.619063415676195e-05,-0.0002370885696893456,0.00048823654784553003,8.554067635635067e-05,-0.00010331671213119939,-8.768461459436917e-05,-0.00022736340045769488,2.289505889104666e-05,1.001459274043073e-06,-0.00014442062672416543,3.515625
0.0005346354213447277,1.212968155742026e-05,-5.709142572734053e-06,-0.0002726651449432147,-6.619063415635428e-05,-0.00023708856968926255,0.0004882365478456131,8.554067635641053e-05,-0.00010331671213089555,-8.768461459415798e-05,-0.00022736340045753092,2.2895058890969606e-05,1.0014592741255948e-06,-0.00014442062672400147,3.5234375
0.0005346354213451353,1.2129681557733725e-05,-5.70914257228701e-06,-0.0002726651449430495,-6.619063415607952e-05,-0.0002370885696887366,0.0004882365478461391,8.554067635665017e-05,-0.00010331671213060053,-8.768461459380941e-05,-0.00022736340045709363,2.2895058891552398e-05,1.0014592745726374e-06,-0.00014442062672350952,3.53125
0.0005346354213455364,1.2129681558066602e-05,-5.709142572091135e-06,-0.00027266514494276033,-6.619063415590584e-05,-0.00023708856968889636,0.0004882365478459794,8.554067635679869e-05,-0.00010331671213037906,-8.768461459356069e-05,-0.00022736340045714827,2.2895058891523453e-05,1.0014592747685131e-06,-0.00014442062672361886,3.5390625
0.0005346354213451995,1.2129681557534895e-05,-5.709142572397189e-06,-0.0002726651449432639,-6.619063415645113e-05,-0.00023708856968892208,0.0004882365478459535,8.554067635634648e-05,-0.00010331671213086869,-8.768461459374822e-05,-0.00022736340045742158,2.2895058891696326e-05,1.0014592744624592e-06,-0.0001444206267238375,3.546875
0.0005346354213447209,1.2129681557386478e-05,-5.709142572768483e-06,-0.00027266514494365637,-6.61906341565267e-05,-0.0002370885696891883,0.0004882365478456874,8.554067635626585e-05,-0.00010331671213098788,-8.768461459411019e-05,-0.00022736340045764023,2.289505889107122e-05,1.0014592740911644e-06,-0.00014442062672416543,3.5546875
0.0005346354213450193,1.2129681557644705e-05,-5.709142572566528e-06,-0.0002726651449432133,-6.619063415638737e-05,-0.00023708856968906994,0.0004882365478458057,8.554067635654018e-05,-0.00010331671213079228,-8.768461459398868e-05,-0.00022736340045758556,2.2895058891360013e-05,1.0014592742931203e-06,-0.00014442062672400147,3.5625
0.000534635421344873,1.2129681557469913e-05,-5.709142572643411e-06,-0.00027266514494334076,-6.619063415641006e-05,-0.00023708856968918557,0.00048823654784569006,8.554067635634694e-05,-0.00010331671213084594,-8.768461459400488e-05,-0.00022736340045751723,2.2895058891179317e-05,1.0014592742162362e-06,-0.0001444206267241381,3.5703125
0.0005346354213437881,1.2129681556430134e-05,-5.709142573787046e-06,-0.00027266514494447906,-6.619063415756091e-05,-0.00023708856969029642,0.00048823654784457924,8.554067635531848e-05,-0.00010331671213188026,-8.76846145951534e-05,-0.00022736340045867876,2.289505889001831e-05,1.0014592730726013e-06,-0.00014442062672514932,3.578125
0.0005346354213436002,1.2129681556431967e-05,-5.709142573864079e-06,-0.00027266514494457707,-6.619063415759243e-05,-0.00023708856969034299,0.0004882365478445327,8.554067635531618e-05,-0.00010331671213210567,-8.768461459518077e-05,-0.00022736340045867876,2.289505889001445e-05,1.0014592729955686e-06,-0.0001444206267252313,3.5859375
0.0005346354213453446,1.2129681557985109e-05,-5.709142572174731e-06,-0.0002726651449428624,-6.619063415596647e-05,-0.00023708856968864044,0.00048823654784623525,8.554067635705371e-05,-0.00010331671213032288,-8.768461459353422e-05,-0.00022736340045703896,2.2895058891670203e-05,1.0014592746849167e-06,-0.00014442062672353687,3.59375
0.0005346354213457199,1.2129681558425186e-05,-5.709142571809316e-06,-0.00027266514494244,-6.61906341555605e-05,-0.0002370885696883087,0.00048823654784656696,8.554067635737688e-05,-0.00010331671213004382,-8.768461459316166e-05,-0.0002273634004566017,2.289505889200338e-05,1.0014592750503316e-06,-0.0001444206267232089,3.6015625
0.0005346354213458693,1.2129681558374273e-05,-5.709142571842022e-06,-0.00027266514494239723,-6.619063415549693e-05,-0.00023708856968832317,0.00048823654784655243,8.554067635744826e-05,-0.00010331671213004014,-8.768461459316573e-05,-0.00022736340045665635,2.2895058892038334e-05,1.0014592750176249e-06,-0.00014442062672307226,3.609375
0.0005346354213466811,1.212968155964855e-05,-5.709142570618587e-06,-0.00027266514494118596,-6.619063415472237e-05,-0.00023708856968736924,0.0004882365478475064,8.554067635856003e-05,-0.00010331671212901625,-8.768461459211935e-05,-0.00022736340045561782,2.289505889317552e-05,1.001459276241061e-06,-0.00014442062672230703,3.6171875
0.0005346354213462113,1.2129681559048206e-05,-5.709142571162506e-06,-0.0002726651449415626,-6.619063415490638e-05,-0.0002370885696876381,0.0004882365478472376,8.554067635790151e-05,-0.00010331671212967433,-8.76846145924638e-05,-0.0002273634004560551,2.289505889248195e-05,1.0014592756971416e-06,-0.00014442062672258033,3.625
0.0005346354213442052,1.2129681556866356e-05,-5.709142573990504e-06,-0.0002726651449441731,-6.619063415777759e-05,-0.0002370885696904563,0.0004882365478444193,8.554067635515774e-05,-0.00010331671213216653,-8.768461459493709e-05,-0.00022736340045843278,2.289505888979479e-05,1.0014592728691442e-06,-0.00014442062672520396,3.6328125
0.0005346354213424812,1.2129681555176513e-05,-5.709142575092756e-06,-0.00027266514494561986,-6.619063415908385e-05,-0.00023708856969151758,0.00048823654784335805,8.554067635385637e-05,-0.00010331671213328245,-8.768461459646783e-05,-0.0002273634004599906,2.2895058888855537e-05,1.0014592717668918e-06,-0.00014442062672646115,3.640625
0.0005346354213434443,1.212968155615683e-05,-5.70914257403755e-06,-0.00027266514494460504,-6.619063415781494e-05,-0.00023708856969048315,0.00048823654784439254,8.554067635485068e-05,-0.00010331671213224907,-8.768461459532224e-05,-0.00022736340045893837,2.2895058889908056e-05,1.0014592728220975e-06,-0.0001444206267255456,3.6484375
0.0005346354213443804,1.2129681557177586e-05,-5.709142573134764e-06,-0.00027266514494392715,-6.619063415676097e-05,-0.00023708856968926786,0.00048823654784560777,8.554067635589825e-05,-0.00010331671213120508,-8.768461459434633e-05,-0.0002273634004581868,2.289505889088309e-05,1.001459273724884e-06,-0.00014442062672432942,3.65625
0.0005346354213446912,1.2129681557669308e-05,-5.709142572666821e-06,-0.0002726651449432934,-6.619063415625712e-05,-0.00023708856968941813,0.00048823654784545755,8.554067635660748e-05,-0.00010331671213093801,-8.768461459412488e-05,-0.00022736340045725762,2.289505889102174e-05,1.0014592741928274e-06,-0.00014442062672391948,3.6640625
0.0005346354213442784,1.2129681556691452e-05,-5.7091425736486835e-06,-0.0002726651449442183,-6.61906341575567e-05,-0.00023708856968980959,0.00048823654784506604,8.554067635557402e-05,-0.00010331671213174178,-8.768461459492475e-05,-0.00022736340045843278,2.2895058890372895e-05,1.0014592732109638e-06,-0.00014442062672490334,3.671875
0.0005346354213442697,1.2129681557238795e-05,-5.709142573086068e-06,-0.0002726651449436142,-6.619063415709568e-05,-0.0002370885696895118,0.0004882365478453638,8.554067635598763e-05,-0.00010331671213128726,-8.768461459465796e-05,-0.00022736340045788618,2.289505889087795e-05,1.0014592737735791e-06,-0.0001444206267244934,3.6796875
0.0005346354213454923,1.2129681558175383e-05,-5.709142572067544e-06,-0.00027266514494272536,-6.619063415586998e-05,-0.00023708856968857362,0.0004882365478463021,8.554067635706099e-05,-0.00010331671213028437,-8.768461459345971e-05,-0.00022736340045690232,2.289505889182749e-05,1.001459274792104e-06,-0.00014442062672342755,3.6875
0.0005346354213457201,1.2129681558338967e-05,-5.709142571992617e-06,-0.00027266514494267175,-6.619063415584704e-05,-0.0002370885696884251,0.00048823654784645057,8.554067635720472e-05,-0.0001033167121303265,-8.768461459347158e-05,-0.00022736340045692965,2.289505889185072e-05,1.0014592748670303e-06,-0.0001444206267234002,3.6953125
0.0005346354213446704,1.2129681557156577e-05,-5.709142572981335e-06,-0.0002726651449435379,-6.619063415682037e-05,-0.00023708856968954808,0.0004882365478453276,8.5540676356255e-05,-0.00010331671213115648,-8.76846145944043e-05,-0.00022736340045785886,2.2895058890826372e-05,1.0014592738783126e-06,-0.0001444206267243021,3.703125
0.0005346354213448951,1.212968155751327e-05,-5.709142572793091e-06,-0.00027266514494324003,-6.619063415650768e-05,-0.00023708856968920035,0.0004882365478456753,8.554067635650128e-05,-0.00010331671213078564,-8.768461459406317e-05,-0.00022736340045750357,2.289505889115004e-05,1.0014592740665568e-06,-0.00014442062672400147,3.7109375
0.0005346354213448046,1.2129681557587008e-05,-5.709142572637686e-06,-0.00027266514494312234,-6.619063415651302e-05,-0.0002370885696889906,0.0004882365478458851,8.554067635659767e-05,-0.0001033167121307958,-8.768461459398182e-05,-0.00022736340045747625,2.2895058891246585e-05,1.0014592742219613e-06,-0.00014442062672400147,3.71875
0.0005346354213458635,1.2129681558976273e-05,-5.709142571799939e-06,-0.0002726651449421311,-6.619063415568303e-05,-0.00023708856968796647,0.0004882365478469092,8.554067635734736e-05,-0.0001033167121295659,-8.768461459303495e-05,-0.0002273634004564924,2.2895058892326705e-05,1.0014592750597082e-06,-0.0001444206267228536,3.7265625
0.0005346354213451111,1.212968155752944e-05,-5.70914257252052e-06,-0.00027266514494266546,-6.619063415650192e-05,-0.00023708856968927944,0.0004882365478455962,8.5540676356452e-05,-0.00010331671213067952,-8.768461459357519e-05,-0.00022736340045742158,2.2895058891508925e-05,1.0014592743391276e-06,-0.0001444206267238375,3.734375
0.000534635421344932,1.2129681557400715e-05,-5.70914257285244e-06,-0.0002726651449432191,-6.619063415659249e-05,-0.00023708856968915183,0.0004882365478457239,8.554067635633931e-05,-0.00010331671213091374,-8.76846145941259e-05,-0.00022736340045747625,2.2895058891111795e-05,1.0014592740072075e-06,-0.0001444206267242201,3.7421875
0.0005346354213445257,1.2129681557215098e-05,-5.709142572980819e-06,-0.0002726651449436946,-6.619063415680385e-05,-0.00023708856968938696,0.0004882365478454887,8.554067635614923e-05,-0.00010331671213128885,-8.768461459455144e-05,-0.0002273634004578452,2.2895058890916998e-05,1.001459273878829e-06,-0.00014442062672435674,3.75
0.0005346354213443826,1.2129681557097638e-05,-5.709142573142747e-06,-0.00027266514494381406,-6.619063415698909e-05,-0.000237088569689607,0.0004882365478452687,8.554067635591986e-05,-0.00010331671213137932,-8.768461459455644e-05,-0.00022736340045805017,2.2895058890692792e-05,1.0014592737169003e-06,-0.00014442062672452073,3.7578125
0.0005346354213445581,1.2129681557470641e-05,-5.7091425727548825e-06,-0.0002726651449436665,-6.619063415678908e-05,-0.0002370885696894639,0.00048823654784541174,8.5540676356083e-05,-0.00010331671213101282,-8.768461459421487e-05,-0.00022736340045783154,2.2895058891149112e-05,1.001459274104765e-06,-0.00014442062672432942,3.765625
0.0005346354213442909,1.212968155740484e-05,-5.709142573038828e-06,-0.0002726651449438759,-6.619063415758493e-05,-0.0002370885696896312,0.00048823654784524445,8.55406763553254e-05,-0.00010331671213158809,-8.768461459497483e-05,-0.00022736340045791353,2.2895058891282893e-05,1.0014592738208192e-06,-0.00014442062672471203,3.7734375
0.0005346354213449063,1.2129681557911937e-05,-5.709142573182995e-06,-0.000272665144943394,-6.619063415634955e-05,-0.00023708856968868437,0.0004882365478461913,8.55406763561854e-05,-0.00010331671213019903,-8.768461459398306e-05,-0.00022736340045736693,2.2895058891494915e-05,1.001459273676652e-06,-0.0001444206267241108,3.78125
0.0005346354213453694,1.212968155797911e-05,-5.709142572228122e-06,-0.00027266514494264486,-6.619063415557242e-05,-0.0002370885696885909,0.0004882365478462848,8.554067635717273e-05,-0.00010331671212994365,-8.768461459368879e-05,-0.00022736340045698432,2.2895058891703597e-05,1.001459274631526e-06,-0.0001444206267234002,3.7890625
0.0005346354213444564,1.2129681557198039e-05,-5.70914257311249e-06,-0.00027266514494377736,-6.619063415688476e-05,-0.0002370885696896059,0.00048823654784526977,8.55406763560183e-05,-0.00010331671213129326,-8.768461459449113e-05,-0.00022736340045791353,2.2895058890821158e-05,1.0014592737471574e-06,-0.0001444206267244934,3.796875
0.0005346354213444951,1.2129681557237609e-05,-5.709142573071489e-06,-0.00027266514494365333,-6.61906341569069e-05,-0.00023708856968956344,0.0004882365478453122,8.554067635599253e-05,-0.00010331671213146033,-8.768461459436596e-05,-0.00022736340045774955,2.289505889084763e-05,1.0014592737881585e-06,-0.00014442062672443873,3.8046875
0.0005346354213448725,1.2129681557477458e-05,-5.709142572706797e-06,-0.0002726651449433062,-6.619063415663988e-05,-0.00023708856968926523,0.0004882365478456104,8.554067635631106e-05,-0.000103316712131141,-8.76846145941093e-05,-0.00022736340045755824,2.2895058891096918e-05,1.0014592741528496e-06,-0.00014442062672416543,3.8125
0.0005346354213451532,1.2129681557715137e-05,-5.709142572615337e-06,-0.00027266514494318127,-6.61906341564521e-05,-0.00023708856968899204,0.0004882365478458836,8.554067635645718e-05,-0.00010331671213072844,-8.768461459378896e-05,-0.00022736340045739425,2.2895058891159e-05,1.0014592742443105e-06,-0.0001444206267239468,3.8203125
0.0005346354213452369,1.2129681557826178e-05,-5.709142572613638e-06,-0.0002726651449429023,-6.619063415625133e-05,-0.00023708856968926366,0.000488236547845612,8.554067635683366e-05,-0.00010331671213056288,-8.768461459407226e-05,-0.00022736340045728494,2.2895058891344174e-05,1.0014592742460098e-06,-0.00014442062672378282,3.828125
0.000534635421343631,1.2129681556282757e-05,-5.709142573844772e-06,-0.00027266514494457496,-6.619063415792878e-05,-0.00023708856969051047,0.0004882365478443652,8.554067635511942e-05,-0.00010331671213225498,-8.768461459546958e-05,-0.00022736340045876075,2.2895058889801767e-05,1.0014592730148756e-06,-0.00014442062672534063,3.8359375
0.0005346354213431624,1.2129681556055234e-05,-5.7091425743767405e-06,-0.00027266514494492976,-6.619063415837202e-05,-0.00023708856969085495,0.0004882365478440207,8.554067635464254e-05,-0.0001033167121327787,-8.768461459577276e-05,-0.0002273634004591707,2.2895058889511245e-05,1.0014592724829074e-06,-0.00014442062672580523,3.84375
0.0005346354213448763,1.2129681557584818e-05,-5.709142572681698e-06,-0.00027266514494328817,-6.619063415661547e-05,-0.00023708856968921138,0.0004882365478456643,8.554067635631968e-05,-0.00010331671213107115,-8.76846145940835e-05,-0.00022736340045764023,2.2895058891166297e-05,1.0014592741779493e-06,-0.00014442062672416543,3.8515625
0.0005346354213460764,1.2129681558740264e-05,-5.709142571547941e-06,-0.0002726651449420441,-6.619063415536157e-05,-0.00023708856968793703,0.0004882365478469387,8.554067635758105e-05,-0.00010331671212977766,-8.768461459290648e-05,-0.00022736340045635572,2.2895058892384723e-05,1.0014592753117069e-06,-0.0001444206267229356,3.859375
0.0005346354213460134,1.2129681558666408e-05,-5.709142571573024e-06,-0.0002726651449421908,-6.61906341554047e-05,-0.00023708856968813197,0.00048823654784674363,8.554067635762175e-05,-0.00010331671212977751,-8.768461459295485e-05,-0.00022736340045638305,2.289505889225071e-05,1.0014592752866224e-06,-0.00014442062672296294,3.8671875
0.0005346354213463444,1.2129681559069655e-05,-5.709142571259363e-06,-0.00027266514494165184,-6.619063415506188e-05,-0.0002370885696877439,0.0004882365478471317,8.554067635794797e-05,-0.00010331671212941984,-8.768461459264434e-05,-0.00022736340045610974,2.2895058892758383e-05,1.0014592756002845e-06,-0.00014442062672263497,3.875
0.000534635421346856,1.212968155939163e-05,-5.709142570722023e-06,-0.0002726651449412218,-6.619063415458207e-05,-0.00023708856968720986,0.0004882365478476658,8.554067635844942e-05,-0.00010331671212900819,-8.768461459212534e-05,-0.00022736340045561782,2.2895058893124803e-05,1.0014592761376242e-06,-0.00014442062672214304,3.8828125
0.0005346354213458462,1.2129681558579943e-05,-5.709142571766135e-06,-0.00027266514494232876,-6.61906341554322e-05,-0.00023708856968826777,0.00048823654784660794,8.554067635751834e-05,-0.00010331671212984794,-8.768461459307474e-05,-0.0002273634004565197,2.2895058892118646e-05,1.0014592750935125e-06,-0.00014442062672311324,3.890625
0.0005346354213433703,1.2129681555995938e-05,-5.709142574434285e-06,-0.00027266514494487853,-6.619063415807749e-05,-0.0002370885696908834,0.0004882365478439923,8.554067635481979e-05,-0.00010331671213230824,-8.76846145957421e-05,-0.00022736340045914337,2.289505888961247e-05,1.0014592724253614e-06,-0.00014442062672557292,3.8984375
0.0005346354213428616,1.2129681555359345e-05,-5.709142574733095e-06,-0.0002726651449455448,-6.6190634158598e-05,-0.00023708856969125437,0.0004882365478436213,8.554067635425781e-05,-0.00010331671213296785,-8.768461459607761e-05,-0.00022736340045952598,2.289505888903192e-05,1.0014592721265528e-06,-0.00014442062672626984,3.90625
0.0005346354213436384,1.2129681556342178e-05,-5.7091425739987995e-06,-0.00027266514494464153,-6.619063415779876e-05,-0.00023708856969055,0.0004882365478443257,8.554067635508214e-05,-0.00010331671213210975,-8.768461459535216e-05,-0.0002273634004588154,2.2895058889871194e-05,1.0014592728608476e-06,-0.00014442062672536795,3.9140625
0.0005346354213450717,1.2129681557655254e-05,-5.709142572554605e-06,-0.0002726651449432345,-6.619063415636407e-05,-0.0002370885696890293,0.00048823654784584634,8.554067635644817e-05,-0.00010331671213072055,-8.76846145938611e-05,-0.00022736340045753092,2.2895058891226314e-05,1.001459274305043e-06,-0.00014442062672400147,3.921875
0.0005346354213446464,1.2129681557413297e-05,-5.709142572889667e-06,-0.00027266514494364964,-6.619063415660698e-05,-0.00023708856968940285,0.0004882365478454728,8.554067635610502e-05,-0.00010331671213108385,-8.768461459427612e-05,-0.00022736340045774955,2.289505889095706e-05,1.0014592739699802e-06,-0.00014442062672427475,3.9296875
0.0005346354213442172,1.2129681556884987e-05,-5.70914257332913e-06,-0.00027266514494404186,-6.61906341572216e-05,-0.00023708856969002675,0.00048823654784484893,8.55406763557144e-05,-0.00010331671213184432,-8.768461459486444e-05,-0.00022736340045829615,2.2895058890467356e-05,1.001459273530517e-06,-0.00014442062672493066,3.9375
0.0005346354213437164,1.2129681556117852e-05,-5.709142574328926e-06,-0.0002726651449448732,-6.61906341580318e-05,-0.00023708856969076726,0.00048823654784410837,8.554067635485855e-05,-0.00010331671213264093,-8.768461459547661e-05,-0.00022736340045884272,2.2895058889782496e-05,1.001459272530722e-06,-0.00014442062672558658,3.9453125
0.0005346354213447351,1.2129681557294904e-05,-5.709142572703229e-06,-0.0002726651449434087,-6.6190634156527e-05,-0.00023708856968915755,0.00048823654784571814,8.554067635634431e-05,-0.00010331671213090372,-8.768461459419857e-05,-0.00022736340045753092,2.2895058891207923e-05,1.0014592741564192e-06,-0.00014442062672405612,3.953125
0.0005346354213448102,1.2129681557464182e-05,-5.709142572722327e-06,-0.0002726651449433406,-6.619063415660055e-05,-0.00023708856968922837,0.00048823654784564734,8.554067635637626e-05,-0.00010331671213090816,-8.76846145941621e-05,-0.00022736340045753092,2.2895058891115414e-05,1.0014592741373213e-06,-0.00014442062672408344,3.9609375
0.0005346354213447486,1.2129681557333596e-05,-5.709142572879007e-06,-0.00027266514494355516,-6.619063415679176e-05,-0.00023708856968943846,0.00048823654784543717,8.554067635621744e-05,-0.00010331671213124998,-8.768461459427041e-05,-0.00022736340045766755,2.289505889091498e-05,1.0014592739806404e-06,-0.00014442062672416543,3.96875
0.0005346354213449291,1.2129681557627146e-05,-5.709142572592739e-06,-0.00027266514494308987,-6.619063415646982e-05,-0.00023708856968913215,0.00048823654784574356,8.554067635644254e-05,-0.00010331671213100011,-8.768461459390735e-05,-0.00022736340045747625,2.289505889122572e-05,1.0014592742669083e-06,-0.0001444206267241108,3.9765625
0.0005346354213455585,1.2129681558224307e-05,-5.709142572040548e-06,-0.00027266514494255894,-6.619063415583119e-05,-0.00023708856968851562,0.00048823654784636004,8.554067635713352e-05,-0.00010331671213020818,-8.76846145933352e-05,-0.000227363400456875,2.2895058891884513e-05,1.0014592748190992e-06,-0.0001444206267234002,3.984375
0.0005346354213458888,1.2129681558483303e-05,-5.7091425718027124e-06,-0.00027266514494247795,-6.619063415560985e-05,-0.0002370885696882443,0.0004882365478466314,8.554067635734113e-05,-0.00010331671212969351,-8.76846145931718e-05,-0.00022736340045654703,2.289505889213003e-05,1.0014592750569353e-06,-0.00014442062672318157,3.9921875
0.0005346354213463141,1.2129681558781664e-05,-5.709142571414746e-06,-0.0002726651449420811,-6.619063415521977e-05,-0.00023708856968787602,0.0004882365478469996,8.554067635773998e-05,-0.00010331671212956811,-8.768461459282755e-05,-0.00022736340045627373,2.2895058892511405e-05,1.0014592754449011e-06,-0.00014442062672281262,4.0
0.0005346354213449057,1.2129681557570184e-05,-5.709142572562403e-06,-0.0002726651449431846,-6.619063415654256e-05,-0.0002370885696890632,0.0004882365478458125,8.554067635635113e-05,-0.0001033167121308826,-8.768461459388502e-05,-0.00022736340045742158,2.2895058891176068e-05,1.0014592742972445e-06,-0.00014442062672400147,4.0078125
0.0005346354213456902,1.2129681558361877e-05,-5.709142571914618e-06,-0.0002726651449424113,-6.619063415578401e-05,-0.00023708856968845599,0.0004882365478464197,8.554067635716083e-05,-0.00010331671213014045,-8.768461459339642e-05,-0.00022736340045671102,2.2895058891944978e-05,1.00145927494503e-06,-0.0001444206267232909,4.015625
0.0005346354213456386,1.2129681558343576e-05,-5.709142571931169e-06,-0.0002726651449425788,-6.61906341555988e-05,-0.00023708856968847076,0.00048823654784640487,8.554067635714679e-05,-0.00010331671213003891,-8.768461459331112e-05,-0.00022736340045676566,2.2895058891964215e-05,1.001459274928478e-06,-0.0001444206267232089,4.0234375
0.0005346354213449082,1.2129681557590855e-05,-5.709142572598349e-06,-0.0002726651449433966,-6.619063415637283e-05,-0.00023708856968913443,0.0004882365478457413,8.554067635644173e-05,-0.000103316712130825,-8.768461459400982e-05,-0.00022736340045742158,2.289505889123689e-05,1.001459274261298e-06,-0.00014442062672405612,4.03125
0.000534635421342163,1.212968155487413e-05,-5.709142575399499e-06,-0.00027266514494604297,-6.619063415919074e-05,-0.000237088569691774,0.00048823654784310163,8.554067635364881e-05,-0.00010331671213366566,-8.768461459677886e-05,-0.00022736340046015455,2.289505888847252e-05,1.001459271460149e-06,-0.00014442062672673445,4.0390625
0.000534635421342755,1.2129681555465858e-05,-5.709142574861877e-06,-0.00027266514494539055,-6.619063415871834e-05,-0.00023708856969131785,0.0004882365478435578,8.554067635422627e-05,-0.00010331671213315259,-8.768461459618288e-05,-0.00022736340045966945,2.2895058889049697e-05,1.0014592719977712e-06,-0.00014442062672621517,4.046875
0.0005346354213451597,1.212968155773355e-05,-5.709142572579663e-06,-0.0002726651449430866,-6.619063415628794e-05,-0.00023708856968908943,0.0004882365478457862,8.55406763565546e-05,-0.00010331671213068846,-8.768461459403176e-05,-0.00022736340045733958,2.289505889129562e-05,1.001459274279985e-06,-0.00014442062672389213,4.0546875
0.0005346354213460823,1.212968155874573e-05,-5.709142571541887e-06,-0.0002726651449421342,-6.61906341552684e-05,-0.00023708856968806703,0.00048823654784680863,8.554067635758405e-05,-0.00010331671212976866,-8.768461459292016e-05,-0.00022736340045643772,2.2895058892332756e-05,1.0014592753177596e-06,-0.00014442062672296294,4.0625
0.0005346354213455847,1.2129681557921524e-05,-5.709142572095267e-06,-0.0002726651449427631,-6.619063415624466e-05,-0.0002370885696888962,0.0004882365478459795,8.554067635687097e-05,-0.00010331671213052572,-8.768461459362493e-05,-0.00022736340045709363,2.2895058891730234e-05,1.001459274764381e-06,-0.00014442062672361886,4.0703125
0.0005346354213435924,1.2129681556361394e-05,-5.709142573754535e-06,-0.00027266514494434814,-6.619063415800386e-05,-0.0002370885696905726,0.0004882365478443031,8.554067635531995e-05,-0.00010331671213216138,-8.76846145953386e-05,-0.00022736340045870608,2.2895058890092134e-05,1.0014592731051134e-06,-0.00014442062672528596,4.078125
0.0005346354213442012,1.2129681556823923e-05,-5.7091425733412055e-06,-0.0002726651449438905,-6.619063415720539e-05,-0.00023708856968983954,0.0004882365478450362,8.554067635568836e-05,-0.00010331671213169344,-8.768461459467831e-05,-0.00022736340045825514,2.289505889050565e-05,1.0014592735184416e-06,-0.00014442062672469837,4.0859375
0.0005346354213443202,1.2129681556959377e-05,-5.709142573228394e-06,-0.0002726651449438411,-6.61906341570797e-05,-0.00023708856968978695,0.0004882365478450887,8.554067635580641e-05,-0.00010331671213149228,-8.768461459468552e-05,-0.00022736340045808432,2.2895058890585476e-05,1.001459273631253e-06,-0.00014442062672465395,4.09375
0.0005346354213443429,1.212968155704105e-05,-5.7091425730290366e-06,-0.0002726651449439193,-6.619063415722635e-05,-0.00023708856968980126,0.0004882365478450744,8.554067635590108e-05,-0.00010331671213161663,-8.768461459435324e-05,-0.00022736340045796818,2.289505889060252e-05,1.0014592738306116e-06,-0.0001444206267244934,4.1015625
0.0005346354213444273,1.2129681557168105e-05,-5.709142573028044e-06,-0.00027266514494407026,-6.619063415714488e-05,-0.0002370885696894344,0.0004882365478454413,8.554067635589279e-05,-0.00010331671213128941,-8.768461459430039e-05,-0.0002273634004580775,2.289505889071875e-05,1.0014592738316039e-06,-0.0001444206267243841,4.109375
0.0005346354213457897,1.2129681557933883e-05,-5.709142572052954e-06,-0.0002726651449428997,-6.619063415593142e-05,-0.00023708856968868727,0.0004882365478461884,8.554067635708881e-05,-0.00010331671213052494,-8.76846145933532e-05,-0.00022736340045676566,2.289505889181012e-05,1.0014592748066938e-06,-0.0001444206267234002,4.1171875
0.0005346354213462756,1.2129681558925845e-05,-5.709142571253368e-06,-0.00027266514494180867,-6.619063415509305e-05,-0.0002370885696878341,0.00048823654784704157,8.554067635780488e-05,-0.00010331671212943006,-8.768461459267621e-05,-0.0002273634004562191,2.2895058892540387e-05,1.0014592756062795e-06,-0.0001444206267227443,4.125
0.0005346354213453968,1.2129681558015954e-05,-5.709142572213607e-06,-0.00027266514494263895,-6.619063415586598e-05,-0.00023708856968859872,0.000488236547846277,8.554067635702601e-05,-0.00010331671213020818,-8.768461459358017e-05,-0.00022736340045709363,2.2895058891621e-05,1.0014592746460409e-06,-0.00014442062672345487,4.1328125
0.0005346354213458091,1.2129681558316644e-05,-5.7091425719048985e-06,-0.00027266514494246136,-6.619063415542623e-05,-0.00023708856968839131,0.00048823654784648434,8.55406763575614e-05,-0.00010331671212992428,-8.768461459332043e-05,-0.0002273634004566222,2.2895058891935447e-05,1.0014592749547496e-06,-0.0001444206267231269,4.140625
0.0005346354213469614,1.2129681559530793e-05,-5.709142570705113e-06,-0.0002726651449413807,-6.619063415431476e-05,-0.00023708856968726055,0.0004882365478476151,8.554067635858059e-05,-0.00010331671212878266,-8.768461459201401e-05,-0.00022736340045556317,2.289505889318046e-05,1.0014592761545347e-06,-0.00014442062672214304,4.1484375
0.000534635421345846,1.2129681558483938e-05,-5.709142571834643e-06,-0.000272665144942439,-6.619063415554135e-05,-0.00023708856968836342,0.0004882365478465122,8.554067635739542e-05,-0.00010331671212994294,-8.768461459315696e-05,-0.00022736340045676566,2.2895058892118616e-05,1.0014592750250049e-06,-0.00014442062672307226,4.15625
0.0005346354213432053,1.2129681555929571e-05,-5.70914257434281e-06,-0.0002726651449448822,-6.61906341581588e-05,-0.00023708856969081174,0.0004882365478440639,8.554067635474827e-05,-0.00010331671213257539,-8.768461459573629e-05,-0.0002273634004591707,2.2895058889557696e-05,1.0014592725168376e-06,-0.00014442062672569592,4.1640625
0.0005346354213428157,1.212968155554352e-05,-5.709142574736152e-06,-0.0002726651449452702,-6.619063415871365e-05,-0.00023708856969117137,0.0004882365478437043,8.554067635424496e-05,-0.00010331671213303251,-8.76846145960099e-05,-0.0002273634004595533,2.2895058889167343e-05,1.0014592721234958e-06,-0.00014442062672607854,4.171875
0.0005346354213427777,1.2129681555401795e-05,-5.709142574834388e-06,-0.0002726651449455244,-6.619063415863981e-05,-0.00023708856969166338,0.0004882365478432122,8.554067635420884e-05,-0.00010331671213313195,-8.768461459626031e-05,-0.0002273634004597173,2.28950588890275e-05,1.0014592720252593e-06,-0.0001444206267262425,4.1796875
0.0005346354213436443,1.2129681556432745e-05,-5.7091425739134e-06,-0.00027266514494453045,-6.619063415763426e-05,-0.0002370885696904151,0.0004882365478444605,8.554067635531633e-05,-0.00010331671213215951,-8.768461459516732e-05,-0.0002273634004587334,2.2895058889862e-05,1.0014592729462473e-06,-0.00014442062672525863,4.1875
0.0005346354213456049,1.2129681558304433e-05,-5.7091425719458e-06,-0.000272665144942559,-6.619063415592283e-05,-0.0002370885696884609,0.00048823654784641474,8.554067635704223e-05,-0.00010331671213034094,-8.768461459331009e-05,-0.00022736340045676566,2.2895058891908897e-05,1.0014592749138473e-06,-0.00014442062672337288,4.1953125
0.0005346354213450717,1.2129681557551136e-05,-5.70914257275093e-06,-0.00027266514494354394,-6.619063415667527e-05,-0.00023708856968909922,0.0004882365478457764,8.55406763563856e-05,-0.00010331671213115927,-8.768461459388588e-05,-0.00022736340045753092,2.28950588911142e-05,1.0014592741087172e-06,-0.0001444206267239468,4.203125
0.000534635421345475,1.2129681557963213e-05,-5.709142572055776e-06,-0.000272665144942728,-6.619063415630536e-05,-0.00023708856968855828,0.0004882365478463174,8.554067635663401e-05,-0.0001033167121305792,-8.768461459362564e-05,-0.00022736340045709363,2.2895058891699358e-05,1.0014592748038713e-06,-0.00014442062672350952,4.2109375
0.0005346354213443901,1.2129681557140952e-05,-5.709142572801981e-06,-0.0002726651449437205,-6.619063415666368e-05,-0.00023708856968963836,0.0004882365478452373,8.554067635584812e-05,-0.00010331671213140972,-8.768461459434827e-05,-0.00022736340045774955,2.2895058890738765e-05,1.0014592740576664e-06,-0.0001444206267244934,4.21875
0.0005346354213439358,1.2129681556637967e-05,-5.70914257360411e-06,-0.0002726651449441785,-6.619063415747932e-05,-0.00023708856969011105,0.0004882365478447646,8.554067635545414e-05,-0.00010331671213184916,-8.768461459501329e-05,-0.0002273634004584601,2.2895058890214242e-05,1.0014592732555374e-06,-0.00014442062672498533,4.2265625
0.0005346354213445469,1.2129681557163226e-05,-5.709142573084583e-06,-0.00027266514494370803,-6.619063415678331e-05,-0.0002370885696895426,0.00048823654784533303,8.554067635607089e-05,-0.0001033167121311943,-8.768461459444975e-05,-0.00022736340045788618,2.2895058890827026e-05,1.0014592737750642e-06,-0.0001444206267244114,4.234375
0.0005346354213456069,1.2129681558422184e-05,-5.7091425718136815e-06,-0.000272665144942425,-6.619063415549938e-05,-0.0002370885696883691,0.0004882365478465066,8.55406763573569e-05,-0.00010331671213000035,-8.768461459324753e-05,-0.00022736340045669736,2.289505889198408e-05,1.0014592750459651e-06,-0.00014442062672326357,4.2421875
0.000534635421345812,1.2129681558588818e-05,-5.709142571522235e-06,-0.0002726651449422149,-6.619063415514996e-05,-0.00023708856968828078,0.00048823654784659493,8.554067635762754e-05,-0.00010331671212973391,-8.768461459289281e-05,-0.0002273634004564924,2.2895058892216225e-05,1.001459275337412e-06,-0.00014442062672307226,4.25
0.0005346354213454173,1.2129681557864894e-05,-5.709142572349573e-06,-0.000272665144942664,-6.619063415590467e-05,-0.0002370885696889416,0.0004882365478459341,8.554067635689364e-05,-0.00010331671213022058,-8.768461459363417e-05,-0.000227363400456875,2.2895058891429832e-05,1.001459274510075e-06,-0.00014442062672350952,4.2578125
0.0005346354213459198,1.2129681558501904e-05,-5.709142571600521e-06,-0.00027266514494212645,-6.61906341553891e-05,-0.00023708856968819328,0.00048823654784668237,8.554067635754987e-05,-0.00010331671212980833,-8.768461459303359e-05,-0.0002273634004563284,2.2895058892292237e-05,1.0014592752591273e-06,-0.00014442062672296294,4.265625
0.0005346354213455657,1.212968155831669e-05,-5.70914257198173e-06,-0.0002726651449425666,-6.619063415582726e-05,-0.00023708856968851768,0.00048823654784635803,8.554067635705459e-05,-0.00010331671213035134,-8.768461459343327e-05,-0.00022736340045684765,2.2895058891836032e-05,1.001459274877917e-06,-0.00014442062672334556,4.2734375
0.0005346354213455777,1.2129681558137602e-05,-5.7091425719428235e-06,-0.0002726651449425782,-6.619063415595415e-05,-0.00023708856968872538,0.0004882365478461503,8.554067635715457e-05,-0.00010331671213017217,-8.768461459346001e-05,-0.000227363400456875,2.289505889185433e-05,1.0014592749168244e-06,-0.0001444206267232909,4.28125
0.0005346354213443537,1.2129681556966565e-05,-5.709142573246956e-06,-0.0002726651449437689,-6.619063415728459e-05,-0.000237088569689657,0.0004882365478452186,8.554067635583451e-05,-0.00010331671213159519,-8.768461459448771e-05,-0.00022736340045796818,2.2895058890682827e-05,1.0014592736126914e-06,-0.0001444206267244934,4.2890625
0.0005346354213439255,1.2129681556656947e-05,-5.70914257365733e-06,-0.0002726651449442857,-6.619063415754447e-05,-0.00023708856969015447,0.0004882365478447212,8.55406763553993e-05,-0.00010331671213199007,-8.768461459501828e-05,-0.00022736340045851478,2.2895058890188655e-05,1.001459273202318e-06,-0.00014442062672504,4.296875
0.0005346354213440935,1.2129681556737907e-05,-5.709142573511352e-06,-0.0002726651449441853,-6.61906341573468e-05,-0.00023708856968996398,0.0004882365478449117,8.554067635561863e-05,-0.00010331671213178546,-8.768461459487698e-05,-0.0002273634004583508,2.2895058890348158e-05,1.0014592733482951e-06,-0.0001444206267248487,4.3046875
0.0005346354213437354,1.2129681556506394e-05,-5.709142573801418e-06,-0.00027266514494440897,-6.619063415744752e-05,-0.00023708856969025454,0.0004882365478446211,8.55406763553391e-05,-0.00010331671213191054,-8.768461459510733e-05,-0.00022736340045852844,2.289505889006887e-05,1.0014592730582295e-06,-0.0001444206267251083,4.3125
0.0005346354213432873,1.2129681555991791e-05,-5.70914257424101e-06,-0.0002726651449450029,-6.619063415811361e-05,-0.00023708856969080017,0.00048823654784407546,8.554067635473093e-05,-0.00010331671213249433,-8.768461459566619e-05,-0.00022736340045906138,2.2895058889575217e-05,1.0014592726186372e-06,-0.00014442062672575056,4.3203125
0.0005346354213429487,1.2129681555652336e-05,-5.709142574688287e-06,-0.0002726651449452915,-6.619063415848751e-05,-0.0002370885696911298,0.0004882365478437459,8.554067635443415e-05,-0.00010331671213286579,-8.76846145960281e-05,-0.000227363400459444,2.289505888916837e-05,1.0014592721713606e-06,-0.00014442062672602386,4.328125
0.0005346354213444426,1.2129681557106944e-05,-5.7091425731275575e-06,-0.0002726651449438222,-6.619063415698952e-05,-0.00023708856968968498,0.0004882365478451906,8.554067635592345e-05,-0.00010331671213140305,-8.768461459453749e-05,-0.00022736340045802285,2.2895058890703685e-05,1.0014592737320895e-06,-0.00014442062672460272,4.3359375
0.0005346354213448856,1.2129681557640747e-05,-5.709142572625168e-06,-0.00027266514494328064,-6.619063415647558e-05,-0.00023708856968914229,0.00048823654784573337,8.554067635642051e-05,-0.00010331671213090741,-8.768461459395947e-05,-0.00022736340045742158,2.2895058891247178e-05,1.0014592742344794e-06,-0.00014442062672405612,4.34375
0.0005346354213451978,1.2129681557759119e-05,-5.70914257251549e-06,-0.0002726651449429552,-6.619063415638782e-05,-0.0002370885696889969,0.0004882365478458788,8.554067635677447e-05,-0.00010331671213066014,-8.768461459394672e-05,-0.00022736340045731226,2.2895058891366352e-05,1.0014592743441573e-06,-0.0001444206267238375,4.3515625
0.0005346354213461691,1.212968155873877e-05,-5.709142571593449e-06,-0.0002726651449420359,-6.61906341554953e-05,-0.0002370885696879719,0.00048823654784690377,8.554067635764056e-05,-0.00010331671212983825,-8.768461459284161e-05,-0.00022736340045630105,2.289505889228175e-05,1.001459275266199e-06,-0.00014442062672288095,4.359375
0.0005346354213455771,1.2129681558181925e-05,-5.709142572046289e-06,-0.0002726651449427086,-6.619063415591939e-05,-0.00023708856968864868,0.00048823654784622695,8.554067635713523e-05,-0.00010331671213030058,-8.768461459349141e-05,-0.00022736340045692965,2.2895058891852526e-05,1.0014592748133593e-06,-0.0001444206267234002,4.3671875
0.0005346354213452197,1.2129681557885677e-05,-5.709142572256692e-06,-0.0002726651449428823,-6.619063415617134e-05,-0.00023708856968884156,0.00048823654784603413,8.554067635680735e-05,-0.00010331671213046779,-8.768461459374249e-05,-0.00022736340045714827,2.289505889155859e-05,1.0014592746029563e-06,-0.00014442062672370083,4.375
0.0005346354213446793,1.2129681557378431e-05,-5.709142572993921e-06,-0.0002726651449435854,-6.619063415672709e-05,-0.00023708856968942616,0.0004882365478454495,8.554067635608125e-05,-0.00010331671213111143,-8.768461459414769e-05,-0.00022736340045774955,2.2895058890974806e-05,1.0014592738657268e-06,-0.00014442062672427475,4.3828125
0.0005346354213456634,1.212968155838862e-05,-5.7091425719403875e-06,-0.00027266514494258274,-6.619063415561404e-05,-0.0002370885696883976,0.000488236547846478,8.554067635724746e-05,-0.00010331671213018281,-8.768461459334098e-05,-0.00022736340045677935,2.289505889205785e-05,1.0014592749192609e-06,-0.00014442062672330455,4.390625
0.0005346354213451514,1.212968155790612e-05,-5.709142572290482e-06,-0.00027266514494278613,-6.619063415596121e-05,-0.00023708856968883394,0.0004882365478460417,8.554067635666094e-05,-0.00010331671213063612,-8.76846145938301e-05,-0.00022736340045707997,2.289505889161011e-05,1.0014592745691654e-06,-0.00014442062672365984,4.3984375
0.0005346354213437923,1.2129681556651011e-05,-5.709142573658094e-06,-0.0002726651449442194,-6.619063415748671e-05,-0.0002370885696900271,0.0004882365478448486,8.554067635537859e-05,-0.00010331671213188299,-8.768461459508238e-05,-0.0002273634004585421,2.2895058890172195e-05,1.0014592732015532e-06,-0.00014442062672501266,4.40625
0.000534635421343257,1.2129681555998081e-05,-5.709142574225995e-06,-0.0002726651449448831,-6.619063415823474e-05,-0.00023708856969090623,0.00048823654784396943,8.554067635477598e-05,-0.00010331671213251768,-8.768461459568944e-05,-0.00022736340045912968,2.2895058889629566e-05,1.0014592726336521e-06,-0.0001444206267256276,4.4140625
0.0005346354213446229,1.212968155732614e-05,-5.709142572904229e-06,-0.0002726651449435367,-6.619063415677961e-05,-0.00023708856968945413,0.00048823654784542155,8.554067635612e-05,-0.00010331671213117273,-8.76846145943049e-05,-0.00022736340045774955,2.289505889093573e-05,1.0014592739554185e-06,-0.0001444206267243841,4.421875
0.0005346354213465721,1.2129681559142872e-05,-5.709142571013841e-06,-0.0002726651449416581,-6.619063415478153e-05,-0.00023708856968765406,0.0004882365478472216,8.554067635801019e-05,-0.00010331671212929668,-8.768461459240764e-05,-0.00022736340045594579,2.2895058892830093e-05,1.0014592758458067e-06,-0.00014442062672241634,4.4296875
0.0005346354213446192,1.2129681557386656e-05,-5.709142572808118e-06,-0.00027266514494367653,-6.619063415680887e-05,-0.00023708856968951373,0.000488236547845362,8.554067635608344e-05,-0.00010331671213119926,-8.768461459434645e-05,-0.0002273634004578042,2.2895058890854063e-05,1.0014592740515296e-06,-0.00014442062672432942,4.4375
0.0005346354213431195,1.2129681555699153e-05,-5.709142574639321e-06,-0.00027266514494536876,-6.619063415843604e-05,-0.00023708856969102403,0.0004882365478438516,8.554067635467944e-05,-0.00010331671213260112,-8.768461459590182e-05,-0.00022736340045937566,2.289505888920762e-05,1.0014592722203276e-06,-0.00014442062672588037,4.4453125
0.0005346354213441651,1.2129681556570804e-05,-5.709142573556577e-06,-0.00027266514494375346,-6.619063415726937e-05,-0.00023708856968973017,0.00048823654784514546,8.55406763558295e-05,-0.00010331671213153561,-8.768461459479492e-05,-0.0002273634004581868,2.2895058890429768e-05,1.0014592733030705e-06,-0.00014442062672471203,4.453125
0.0005346354213449476,1.2129681557566007e-05,-5.70914257254946e-06,-0.00027266514494366623,-6.619063415648746e-05,-0.00023708856968917576,0.00048823654784569987,8.554067635677554e-05,-0.00010331671213068072,-8.768461459418248e-05,-0.00022736340045753092,2.2895058891178555e-05,1.0014592743101874e-06,-0.0001444206267239468,4.4609375
0.0005346354213451321,1.2129681557812651e-05,-5.7091425724544535e-06,-0.00027266514494321526,-6.619063415619314e-05,-0.0002370885696889591,0.0004882365478459166,8.554067635664613e-05,-0.00010331671213066066,-8.768461459384006e-05,-0.00022736340045731226,2.2895058891384577e-05,1.0014592744051936e-06,-0.0001444206267238375,4.46875
0.0005346354213443777,1.2129681557114321e-05,-5.709142573182899e-06,-0.0002726651449438714,-6.619063415695663e-05,-0.00023708856968970398,0.00048823654784517165,8.554067635586099e-05,-0.00010331671213143037,-8.768461459473538e-05,-0.00022736340045805017,2.2895058890450523e-05,1.001459273676748e-06,-0.00014442062672452073,4.4765625
0.0005346354213457643,1.2129681558419049e-05,-5.709142571864713e-06,-0.00027266514494217367,-6.619063415575601e-05,-0.00023708856968826303,0.00048823654784661266,8.554067635754198e-05,-0.00010331671213012687,-8.768461459303647e-05,-0.00022736340045665635,2.2895058892117952e-05,1.001459274994935e-06,-0.0001444206267232909,4.484375
0.0005346354213449715,1.2129681557464663e-05,-5.709142572731524e-06,-0.00027266514494315693,-6.619063415630695e-05,-0.00023708856968913792,0.00048823654784573776,8.554067635632933e-05,-0.00010331671213099649,-8.76846145942037e-05,-0.00022736340045749674,2.2895058890965706e-05,1.0014592741281232e-06,-0.00014442062672398096,4.4921875
0.0005346354213442822,1.2129681557075183e-05,-5.7091425732799845e-06,-0.0002726651449438434,-6.619063415709762e-05,-0.00023708856968970873,0.00048823654784516693,8.554067635590562e-05,-0.00010331671213151654,-8.768461459465952e-05,-0.0002273634004581868,2.289505889064711e-05,1.001459273579663e-06,-0.0001444206267246574,4.5
0.0005346354213442503,1.2129681556937209e-05,-5.709142573315205e-06,-0.0002726651449439134,-6.619063415716206e-05,-0.0002370885696898325,0.0004882365478450432,8.554067635571266e-05,-0.00010331671213163926,-8.768461459475096e-05,-0.0002273634004582005,2.289505889053942e-05,1.0014592735444419e-06,-0.00014442062672467105,4.5078125
0.0005346354213446396,1.2129681557206536e-05,-5.709142572969923e-06,-0.0002726651449436178,-6.619063415696593e-05,-0.0002370885696895274,0.0004882365478453482,8.554067635607665e-05,-0.00010331671213128998,-8.768461459439669e-05,-0.00022736340045785886,2.2895058890892763e-05,1.0014592738897247e-06,-0.0001444206267243841,4.515625
0.0005346354213454723,1.212968155820955e-05,-5.709142572061449e-06,-0.0002726651449426184,-6.619063415587067e-05,-0.00023708856968862463,0.0004882365478462511,8.554067635704138e-05,-0.00010331671213017781,-8.76846145934886e-05,-0.00022736340045676566,2.2895058891891096e-05,1.0014592747981987e-06,-0.00014442062672345487,4.5234375
0.0005346354213453311,1.2129681558088772e-05,-5.709142572059165e-06,-0.00027266514494277946,-6.619063415605075e-05,-0.00023708856968871793,0.00048823654784615773,8.554067635705548e-05,-0.00010331671213043475,-8.768461459347562e-05,-0.0002273634004570663,2.2895058891761683e-05,1.0014592748004825e-06,-0.0001444206267235642,4.53125
0.000534635421345192,1.2129681557832927e-05,-5.70914257224563e-06,-0.00027266514494295863,-6.619063415632774e-05,-0.0002370885696889785,0.00048823654784589714,8.554067635669679e-05,-0.00010331671213060912,-8.768461459351312e-05,-0.00022736340045732592,2.2895058891368297e-05,1.001459274614018e-06,-0.00014442062672363935,4.5390625
0.0005346354213446914,1.212968155742676e-05,-5.709142572854177e-06,-0.0002726651449435635,-6.619063415671033e-05,-0.00023708856968937265,0.00048823654784550303,8.554067635626763e-05,-0.00010331671213123886,-8.768461459428266e-05,-0.00022736340045785886,2.289505889091052e-05,1.001459274005471e-06,-0.0001444206267242201,4.546875
0.0005346354213443273,1.2129681557232478e-05,-5.70914257310123e-06,-0.0002726651449438117,-6.619063415705596e-05,-0.0002370885696895905,0.0004882365478452852,8.554067635584565e-05,-0.00010331671213133983,-8.76846145945099e-05,-0.00022736340045796818,2.2895058890644724e-05,1.0014592737584172e-06,-0.0001444206267244934,4.5546875
0.000534635421344344,1.2129681556972655e-05,-5.709142573217915e-06,-0.0002726651449439074,-6.619063415707625e-05,-0.00023708856968978609,0.0004882365478450895,8.554067635583973e-05,-0.00010331671213159486,-8.768461459464746e-05,-0.00022736340045810484,2.289505889063899e-05,1.001459273641733e-06,-0.00014442062672461638,4.5625
0.0005346354213443243,1.2129681556944888e-05,-5.709142573393319e-06,-0.00027266514494390324,-6.619063415714459e-05,-0.00023708856968988708,0.0004882365478449886,8.55406763558946e-05,-0.00010331671213159975,-8.768461459485309e-05,-0.00022736340045824148,2.289505889049096e-05,1.001459273466328e-06,-0.0001444206267246574,4.5703125
0.0005346354213452999,1.2129681557991051e-05,-5.709142572379068e-06,-0.0002726651449429653,-6.61906341560715e-05,-0.00023708856968885007,0.00048823654784602556,8.554067635679298e-05,-0.0001033167121304171,-8.768461459368689e-05,-0.00022736340045720295,2.289505889156928e-05,1.0014592744805791e-06,-0.00014442062672361886,4.578125
0.0005346354213450615,1.2129681557693702e-05,-5.709142572558534e-06,-0.0002726651449432863,-6.619063415619808e-05,-0.00023708856968899364,0.000488236547845882,8.554067635650863e-05,-0.00010331671213069038,-8.768461459385379e-05,-0.00022736340045731226,2.2895058891444618e-05,1.0014592743011138e-06,-0.0001444206267239468,4.5859375
0.0005346354213436672,1.2129681556284299e-05,-5.7091425739344386e-06,-0.0002726651449445533,-6.619063415788747e-05,-0.00023708856969041462,0.00048823654784446106,8.554067635497756e-05,-0.00010331671213225067,-8.768461459528827e-05,-0.00022736340045878808,2.2895058889963415e-05,1.0014592729252087e-06,-0.00014442062672520396,4.59375
0.0005346354213443092,1.2129681557010363e-05,-5.709142573161304e-06,-0.0002726651449438811,-6.619063415705954e-05,-0.00023708856968954317,0.00048823654784533254,8.55406763558726e-05,-0.00010331671213157356,-8.768461459457124e-05,-0.00022736340045794085,2.2895058890713642e-05,1.0014592736983433e-06,-0.0001444206267244114,4.6015625
0.0005346354213450648,1.212968155785169e-05,-5.709142572272631e-06,-0.00027266514494307486,-6.619063415638512e-05,-0.00023708856968904444,0.00048823654784583117,8.554067635664931e-05,-0.00010331671213077613,-8.768461459377756e-05,-0.00022736340045740791,2.2895058891521342e-05,1.0014592745870164e-06,-0.0001444206267238033,4.609375
0.0005346354213455827,1.2129681558198654e-05,-5.709142572021142e-06,-0.0002726651449426787,-6.619063415580824e-05,-0.0002370885696885058,0.00048823654784636985,8.554067635711578e-05,-0.00010331671213018212,-8.768461459337485e-05,-0.00022736340045684765,2.289505889181692e-05,1.0014592748385056e-06,-0.0001444206267233182,4.6171875
0.0005346354213449627,1.2129681557650395e-05,-5.709142572685623e-06,-0.0002726651449432287,-6.619063415642553e-05,-0.00023708856968912253,0.00048823654784575316,8.554067635658151e-05,-0.00010331671213064197,-8.76846145940027e-05,-0.00022736340045747625,2.2895058891217773e-05,1.0014592741740241e-06,-0.00014442062672400147,4.625
0.0005346354213451557,1.2129681557875789e-05,-5.7091425723883036e-06,-0.0002726651449430271,-6.619063415613832e-05,-0.0002370885696888899,0.00048823654784598577,8.554067635674781e-05,-0.00010331671213049745,-8.768461459376912e-05,-0.00022736340045717562,2.2895058891471096e-05,1.0014592744713443e-06,-0.00014442062672381017,4.6328125
0.0005346354213439994,1.2129681556577826e-05,-5.709142573731021e-06,-0.0002726651449442397,-6.619063415741757e-05,-0.0002370885696900861,0.00048823654784478957,8.554067635534898e-05,-0.00010331671213181799,-8.768461459494751e-05,-0.0002273634004586241,2.2895058890176617e-05,1.001459273128626e-06,-0.00014442062672504,4.640625
0.0005346354213442399,1.2129681556773118e-05,-5.709142573390454e-06,-0.0002726651449440936,-6.619063415749835e-05,-0.0002370885696900102,0.00048823654784486547,8.554067635560817e-05,-0.00010331671213181689,-8.768461459490087e-05,-0.00022736340045829615,2.289505889033584e-05,1.001459273469194e-06,-0.00014442062672482135,4.6484375
0.0005346354213447308,1.2129681557391352e-05,-5.709142572917652e-06,-0.00027266514494333203,-6.619063415671775e-05,-0.00023708856968943686,0.00048823654784543885,8.554067635635733e-05,-0.00010331671213108739,-8.768461459422388e-05,-0.00022736340045764023,2.2895058890993746e-05,1.0014592739419951e-06,-0.0001444206267242201,4.65625
0.000534635421345298,1.2129681558012232e-05,-5.709142572349615e-06,-0.0002726651449426623,-6.619063415625527e-05,-0.00023708856968875767,0.00048823654784611794,8.554067635703728e-05,-0.00010331671213061958,-8.768461459365648e-05,-0.00022736340045709363,2.289505889172745e-05,1.001459274510032e-06,-0.00014442062672370083,4.6640625
0.0005346354213462803,1.2129681558946779e-05,-5.709142571278303e-06,-0.0002726651449417413,-6.619063415524764e-05,-0.00023708856968771702,0.0004882365478471587,8.55406763578789e-05,-0.00010331671212959211,-8.768461459264817e-05,-0.00022736340045606876,2.2895058892630495e-05,1.001459275581344e-06,-0.00014442062672255298,4.671875
0.0005346354213444942,1.212968155717134e-05,-5.709142572952231e-06,-0.0002726651449436288,-6.61906341569968e-05,-0.00023708856968944998,0.00048823654784542573,8.554067635601371e-05,-0.00010331671213131533,-8.768461459446132e-05,-0.00022736340045785886,2.2895058890858055e-05,1.0014592739074163e-06,-0.0001444206267243841,4.6796875
0.0005346354213443716,1.2129681557032175e-05,-5.709142573167516e-06,-0.00027266514494380046,-6.619063415713161e-05,-0.00023708856968963207,0.0004882365478452436,8.554067635588881e-05,-0.00010331671213139194,-8.768461459458305e-05,-0.0002273634004579955,2.2895058890634557e-05,1.0014592736921308e-06,-0.0001444206267245754,4.6875
0.0005346354213442294,1.2129681556813618e-05,-5.709142573315589e-06,-0.00027266514494419294,-6.619063415712391e-05,-0.00023708856968990096,0.00048823654784497465,8.554067635568135e-05,-0.00010331671213154287,-8.768461459475044e-05,-0.0002273634004581868,2.2895058890460186e-05,1.0014592735440588e-06,-0.00014442062672482135,4.6953125
0.0005346354213449242,1.2129681557703792e-05,-5.709142572624591e-06,-0.00027266514494345704,-6.619063415648045e-05,-0.00023708856968923152,0.00048823654784564414,8.554067635644702e-05,-0.0001033167121307819,-8.76846145940371e-05,-0.00022736340045753092,2.289505889129809e-05,1.0014592742350562e-06,-0.00014442062672400147,4.703125
0.0005346354213453393,1.212968155805045e-05,-5.709142572246929e-06,-0.00027266514494303555,-6.619063415609786e-05,-0.00023708856968881258,0.0004882365478460631,8.554067635669767e-05,-0.00010331671213038585,-8.768461459356194e-05,-0.00022736340045714827,2.2895058891562285e-05,1.001459274612719e-06,-0.0001444206267236735,4.7109375
0.0005346354213448291,1.2129681557421816e-05,-5.7091425727105335e-06,-0.0002726651449434033,-6.619063415655515e-05,-0.00023708856968922048,0.00048823654784565515,8.554067635637318e-05,-0.00010331671213087155,-8.768461459404666e-05,-0.00022736340045761288,2.2895058891068173e-05,1.0014592741491148e-06,-0.0001444206267241108,4.71875
0.0005346354213457681,1.2129681558338084e-05,-5.709142571892402e-06,-0.0002726651449425269,-6.61906341556396e-05,-0.00023708856968844926,0.00048823654784642645,8.554067635725273e-05,-0.00010331671213007943,-8.768461459331303e-05,-0.00022736340045665635,2.2895058892085605e-05,1.0014592749672455e-06,-0.00014442062672323622,4.7265625
0.0005346354213444117,1.2129681557150913e-05,-5.709142573069412e-06,-0.00027266514494375796,-6.619063415688299e-05,-0.00023708856968966392,0.00048823654784521176,8.554067635592816e-05,-0.00010331671213142433,-8.768461459456932e-05,-0.00022736340045785886,2.2895058890766206e-05,1.0014592737902354e-06,-0.00014442062672460272,4.734375
0.0005346354213440601,1.2129681556550326e-05,-5.7091425738005675e-06,-0.0002726651449440735,-6.619063415734777e-05,-0.00023708856969030702,0.00048823654784456867,8.554067635548484e-05,-0.0001033167121322344,-8.768461459520505e-05,-0.00022736340045851478,2.2895058890060217e-05,1.00145927305908e-06,-0.00014442062672509465,4.7421875
0.0005346354213440556,1.212968155655978e-05,-5.709142573381822e-06,-0.00027266514494377894,-6.619063415703383e-05,-0.00023708856968980693,0.0004882365478450687,8.554067635574649e-05,-0.00010331671213162762,-8.768461459481536e-05,-0.0002273634004581868,2.289505889055449e-05,1.0014592734778257e-06,-0.0001444206267246574,4.75
0.00053463542134441,1.2129681557037031e-05,-5.709142573150318e-06,-0.00027266514494369084,-6.619063415699123e-05,-0.00023708856968990315,0.00048823654784497253,8.554067635585337e-05,-0.00010331671213153167,-8.768461459473033e-05,-0.00022736340045813216,2.289505889056561e-05,1.0014592737093298e-06,-0.00014442062672456174,4.7578125
0.0005346354213450248,1.2129681557685677e-05,-5.709142572541925e-06,-0.000272665144943149,-6.61906341564467e-05,-0.00023708856968906173,0.00048823654784581387,8.554067635650772e-05,-0.00010331671213082391,-8.768461459391821e-05,-0.00022736340045742158,2.289505889133574e-05,1.0014592743177228e-06,-0.00014442062672389213,4.765625
0.0005346354213447208,1.2129681557190165e-05,-5.709142572845751e-06,-0.0002726651449435794,-6.619063415690397e-05,-0.0002370885696893515,0.0004882365478455242,8.554067635614001e-05,-0.00010331671213119418,-8.768461459422998e-05,-0.00022736340045769488,2.2895058891022504e-05,1.0014592740138957e-06,-0.0001444206267242201,4.7734375
0.0005346354213452775,1.2129681557819968e-05,-5.7091425723622455e-06,-0.00027266514494313134,-6.619063415614177e-05,-0.00023708856968880933,0.0004882365478460664,8.554067635689865e-05,-0.00010331671213049928,-8.768461459370593e-05,-0.00022736340045714827,2.289505889179963e-05,1.001459274497402e-06,-0.00014442062672361886,4.78125
0.0005346354213456537,1.2129681558109057e-05,-5.709142572008183e-06,-0.00027266514494260605,-6.619063415580147e-05,-0.00023708856968817165,0.000488236547846704,8.554067635700195e-05,-0.00010331671213025762,-8.768461459317987e-05,-0.000227363400456875,2.2895058891870452e-05,1.0014592748514648e-06,-0.0001444206267232909,4.7890625
0.0005346354213456029,1.2129681558321543e-05,-5.709142571885009e-06,-0.00027266514494246564,-6.61906341557618e-05,-0.0002370885696884111,0.00048823654784646456,8.554067635695068e-05,-0.00010331671213036237,-8.768461459347768e-05,-0.00022736340045673834,2.289505889186384e-05,1.0014592749746378e-06,-0.0001444206267233182,4.796875
0.0005346354213446515,1.2129681557399763e-05,-5.709142572859035e-06,-0.0002726651449435118,-6.619063415666006e-05,-0.00023708856968928705,0.00048823654784558863,8.554067635627147e-05,-0.00010331671213106129,-8.76846145941129e-05,-0.00022736340045772222,2.289505889101943e-05,1.0014592740006121e-06,-0.00014442062672419278,4.8046875
0.0005346354213448386,1.21296815574072e-05,-5.709142572717939e-06,-0.0002726651449434055,-6.619063415658226e-05,-0.0002370885696892036,0.0004882365478456721,8.55406763564039e-05,-0.00010331671213091122,-8.768461459411911e-05,-0.00022736340045747625,2.289505889112603e-05,1.0014592741417085e-06,-0.00014442062672397413,4.8125
0.0005346354213454009,1.2129681557960452e-05,-5.7091425720372194e-06,-0.00027266514494270167,-6.619063415615676e-05,-0.00023708856968891469,0.000488236547845961,8.554067635699341e-05,-0.00010331671213041305,-8.76846145935659e-05,-0.00022736340045723027,2.289505889158349e-05,1.0014592748224276e-06,-0.00014442062672368716,4.8203125
0.000534635421343204,1.2129681556009814e-05,-5.70914257420694e-06,-0.0002726651449447953,-6.61906341576871e-05,-0.00023708856969085253,0.00048823654784402315,8.554067635493434e-05,-0.000103316712132462,-8.768461459575303e-05,-0.0002273634004591707,2.2895058889606618e-05,1.0014592726527076e-06,-0.00014442062672558658,4.828125
0.0005346354213436583,1.2129681556542225e-05,-5.709142573776268e-06,-0.0002726651449445567,-6.619063415764286e-05,-0.00023708856969035963,0.00048823654784451603,8.55406763552587e-05,-0.00010331671213215741,-8.768461459506348e-05,-0.0002273634004587334,2.289505889011851e-05,1.00145927308338e-06,-0.00014442062672525863,4.8359375
0.0005346354213436828,1.2129681556411266e-05,-5.709142573814759e-06,-0.0002726651449444929,-6.619063415759914e-05,-0.0002370885696903603,0.00048823654784451543,8.5540676355243e-05,-0.00010331671213206153,-8.768461459508034e-05,-0.0002273634004586241,2.2895058890056565e-05,1.0014592730448892e-06,-0.00014442062672514932,4.84375
0.0005346354213455481,1.2129681558193372e-05,-5.709142572112355e-06,-0.0002726651449427826,-6.619063415590468e-05,-0.00023708856968857362,0.0004882365478463021,8.554067635700236e-05,-0.00010331671213033402,-8.768461459339047e-05,-0.00022736340045692965,2.2895058891753284e-05,1.0014592747472926e-06,-0.0001444206267234412,4.8515625
0.000534635421345046,1.2129681557694771e-05,-5.70914257267276e-06,-0.0002726651449432836,-6.619063415642816e-05,-0.00023708856968903186,0.0004882365478458438,8.554067635650299e-05,-0.00010331671213077984,-8.768461459388584e-05,-0.00022736340045736693,2.2895058891373647e-05,1.0014592741868876e-06,-0.00014442062672389213,4.859375
0.000534635421344398,1.2129681557141059e-05,-5.7091425730597584e-06,-0.0002726651449437036,-6.619063415708474e-05,-0.00023708856968955277,0.0004882365478453229,8.55406763559442e-05,-0.00010331671213150845,-8.768461459456469e-05,-0.00022736340045788618,2.2895058890717844e-05,1.0014592737998888e-06,-0.0001444206267244934,4.8671875
0.0005346354213451149,1.2129681557875369e-05,-5.709142572414918e-06,-0.0002726651449431268,-6.619063415634022e-05,-0.00023708856968897006,0.0004882365478459056,8.554067635666817e-05,-0.0001033167121307097,-8.768461459383714e-05,-0.00022736340045733958,2.289505889129522e-05,1.0014592744447289e-06,-0.00014442062672385115,4.875
0.0005346354213450627,1.2129681557743382e-05,-5.709142572496608e-06,-0.000272665144942991,-6.619063415633335e-05,-0.00023708856968900145,0.0004882365478458742,8.55406763567286e-05,-0.00010331671213070389,-8.768461459391337e-05,-0.00022736340045742158,2.2895058891385173e-05,1.00145927436304e-06,-0.0001444206267238375,4.8828125
0.0005346354213449651,1.212968155760185e-05,-5.709142572550217e-06,-0.00027266514494302466,-6.61906341564625e-05,-0.00023708856968913115,0.0004882365478457445,8.554067635651169e-05,-0.0001033167121308098,-8.76846145940218e-05,-0.00022736340045742158,2.2895058891233612e-05,1.0014592743094304e-06,-0.00014442062672400147,4.890625
0.0005346354213432752,1.2129681555941992e-05,-5.70914257431133e-06,-0.0002726651449448364,-6.619063415816495e-05,-0.0002370885696908295,0.0004882365478440461,8.554067635480894e-05,-0.00010331671213251693,-8.76846145956677e-05,-0.0002273634004590887,2.2895058889547336e-05,1.001459272548317e-06,-0.00014442062672564125,4.8984375
0.0005346354213439759,1.212968155663222e-05,-5.709142573620542e-06,-0.0002726651449441972,-6.619063415749301e-05,-0.0002370885696901655,0.00048823654784471015,8.554067635545563e-05,-0.00010331671213186435,-8.768461459502054e-05,-0.00022736340045848062,2.289505889023132e-05,1.0014592732391064e-06,-0.00014442062672501266,4.90625
0.0005346354213449134,1.212968155768014e-05,-5.709142572595343e-06,-0.0002726651449431607,-6.619063415635918e-05,-0.00023708856968902636,0.0004882365478458493,8.554067635652841e-05,-0.0001033167121307341,-8.768461459399357e-05,-0.00022736340045736693,2.2895058891353037e-05,1.0014592742643051e-06,-0.0001444206267239468,4.9140625
0.0005346354213448779,1.2129681557639008e-05,-5.709142572707065e-06,-0.00027266514494329706,-6.619063415640045e-05,-0.0002370885696892087,0.000488236547845667,8.55406763564681e-05,-0.0001033167121308435,-8.7684614594043e-05,-0.00022736340045758556,2.2895058891095732e-05,1.0014592741525821e-06,-0.0001444206267241108,4.921875
0.0005346354213461972,1.2129681558906957e-05,-5.709142571445871e-06,-0.00027266514494201526,-6.619063415527818e-05,-0.0002370885696878996,0.00048823654784697603,8.554067635768061e-05,-0.00010331671212961607,-8.768461459281061e-05,-0.00022736340045627373,2.289505889253025e-05,1.001459275413777e-06,-0.0001444206267228536,4.9296875
0.0005346354213453956,1.2129681558198371e-05,-5.709142572121543e-06,-0.00027266514494283736,-6.619063415595595e-05,-0.00023708856968859701,0.0004882365478462787,8.554067635690359e-05,-0.00010331671213037316,-8.768461459344728e-05,-0.00022736340045698432,2.2895058891791434e-05,1.001459274738104e-06,-0.00014442062672345487,4.9375
0.0005346354213447007,1.2129681557346697e-05,-5.709142572933228e-06,-0.0002726651449435873,-6.619063415671603e-05,-0.0002370885696894507,0.00048823654784542497,8.554067635618028e-05,-0.0001033167121311762,-8.768461459425374e-05,-0.00022736340045774955,2.2895058890938797e-05,1.0014592739264194e-06,-0.00014442062672432942,4.9453125
0.0005346354213441437,1.2129681556809993e-05,-5.709142573407969e-06,-0.0002726651449440591,-6.619063415724153e-05,-0.00023708856968997279,0.0004882365478449028,8.554067635564861e-05,-0.00010331671213163491,-8.768461459480479e-05,-0.00022736340045829615,2.2895058890427406e-05,1.0014592734516787e-06,-0.0001444206267248077,4.953125
0.0005346354213446971,1.2129681557326996e-05,-5.709142572920848e-06,-0.0002726651449435539,-6.619063415684413e-05,-0.0002370885696894882,0.0004882365478453874,8.554067635609011e-05,-0.00010331671213116739,-8.768461459425672e-05,-0.00022736340045764023,2.2895058891023917e-05,1.0014592739388003e-06,-0.00014442062672416543,4.9609375
0.000534635421345622,1.212968155812345e-05,-5.7091425721406515e-06,-0.00027266514494258415,-6.619063415593753e-05,-0.00023708856968839633,0.0004882365478464793,8.554067635693298e-05,-0.00010331671213008587,-8.768461459366984e-05,-0.00022736340045698432,2.2895058891628943e-05,1.0014592747189958e-06,-0.0001444206267232909,4.96875
0.000534635421345028,1.2129681557690717e-05,-5.709142572595353e-06,-0.00027266514494317276,-6.619063415642261e-05,-0.0002370885696890882,0.0004882365478457874,8.554067635651033e-05,-0.00010331671213077682,-8.768461459400103e-05,-0.00022736340045739425,2.2895058891309523e-05,1.0014592742642945e-06,-0.0001444206267239468,4.9765625
0.0005346354213446829,1.212968155730804e-05,-5.709142572820889e-06,-0.00027266514494320935,-6.61906341565369e-05,-0.0002370885696894333,0.00048823654784544237,8.554067635650833e-05,-0.00010331671213082814,-8.768461459422265e-05,-0.00022736340045758556,2.2895058891136688e-05,1.001459274038758e-06,-0.0001444206267242201,4.984375
0.0005346354213437842,1.212968155650348e-05,-5.709142573793257e-06,-0.00027266514494436717,-6.61906341575821e-05,-0.0002370885696903207,0.000488236547844555,8.554067635531867e-05,-0.00010331671213205197,-8.768461459515608e-05,-0.0002273634004586241,2.289505889007536e-05,1.0014592730663905e-06,-0.00014442062672513566,4.9921875
0.0005346354213444337,1.2129681557122077e-05,-5.709142573297368e-06,-0.0002726651449438124,-6.619063415703732e-05,-0.0002370885696895444,0.00048823654784533124,8.554067635583155e-05,-0.00010331671213139072,-8.768461459445093e-05,-0.0002273634004580775,2.2895058890851146e-05,1.001459273562279e-06,-0.0001444206267244934,5.0
