AF3,AF4,F3,F4,F7,F8,FC5,FC6,O1,O2,P7,P8,T7,T8,time
0.000375947478584261,0.0008952579622426041,-6.198241627340604e-05,0.0002628413035466209,-0.00022798507325883364,-0.000412512291912378,1.4673242285629232e-05,0.00016341243483804335,-4.2121504463367006e-05,0.00039619636473884045,-0.0009376996950229919,0.000342795403852302,-0.0003135809032538844,-0.00045524230591614855,0.0
0.00037594747858442774,0.0008952579622429161,-6.198241627298408e-05,0.00026284130354662267,-0.00022798507325844317,-0.00041251229191197546,1.4673242285819581e-05,0.0001634124348382295,-4.212150446314133e-05,0.0003961963647390542,-0.0009376996950228622,0.0003427954038524568,-0.0003135809032538826,-0.0004552423059158029,0.0078125
0.0003759474785855273,0.0008952579622442458,-6.198241627163029e-05,0.00026284130354801825,-0.0002279850732572367,-0.0004125122919108837,1.4673242287159236e-05,0.00016341243483950467,-4.2121504462054546e-05,0.0003961963647400992,-0.0009376996950216525,0.0003427954038539034,-0.000313580903252487,-0.0004552423059145931,0.015625
0.0003759474785852216,0.0008952579622440606,-6.198241627189702e-05,0.00026284130354775566,-0.00022798507325724887,-0.00041251229191083434,1.467324228681525e-05,0.00016341243483944463,-4.212150446205269e-05,0.00039619636473995105,-0.0009376996950215661,0.0003427954038536801,-0.0003135809032527496,-0.00045524230591485233,0.0234375
0.00037594747858389523,0.000895257962242532,-6.198241627347518e-05,0.0002628413035463713,-0.00022798507325880583,-0.00041251229191241907,1.467324228522319e-05,0.00016341243483799524,-4.2121504463586794e-05,0.00039619636473858496,-0.0009376996950232944,0.000342795403851987,-0.00031358090325413397,-0.0004552423059163646,0.03125
0.0003759474785818645,0.000895257962240195,-6.198241627553736e-05,0.000262841303544245,-0.0002279850732609178,-0.00041251229191443666,1.4673242283078598e-05,0.00016341243483579027,-4.212150446567903e-05,0.0003961963647363408,-0.0009376996950254548,0.00034279540385006365,-0.00031358090325626025,-0.00045524230591839534,0.0390625
0.0003759474785831951,0.0008952579622415659,-6.19824162740502e-05,0.00026284130354583044,-0.0002279850732594559,-0.00041251229191292593,1.4673242284568556e-05,0.00016341243483722695,-4.212150446435741e-05,0.0003961963647379963,-0.0009376996950237265,0.0003427954038514257,-0.0003135809032546748,-0.0004552423059164942,0.046875
0.0003759474785877446,0.0008952579622462051,-6.198241626977218e-05,0.0002628413035501155,-0.00022798507325498443,-0.0004125122919085474,1.4673242289318569e-05,0.0001634124348417191,-4.2121504459861476e-05,0.00039619636474213957,-0.0009376996950195785,0.00034279540385579523,-0.0003135809032503898,-0.00045524230591251913,0.0546875
0.0003759474785878318,0.0008952579622468014,-6.198241626944641e-05,0.0002628413035501701,-0.00022798507325487406,-0.00041251229190876384,1.4673242289524168e-05,0.00016341243484195968,-4.212150445970973e-05,0.0003961963647425624,-0.0009376996950192329,0.0003427954038559808,-0.00031358090325033514,-0.0004552423059123463,0.0625
0.0003759474785847908,0.000895257962243462,-6.198241627242712e-05,0.00026284130354721984,-0.000227985073258045,-0.0004125122919115109,1.4673242286755388e-05,0.00016341243483877137,-4.212150446239644e-05,0.000396196364739586,-0.0009376996950226894,0.00034279540385316853,-0.0003135809032532854,-0.0004552423059156733,0.0703125
0.0003759474785834796,0.0008952579622421862,-6.198241627432319e-05,0.0002628413035458891,-0.00022798507325947403,-0.0004125122919131836,1.4673242285299186e-05,0.00016341243483719903,-4.2121504463833105e-05,0.0003961963647383887,-0.0009376996950235536,0.000342795403851508,-0.00031358090325461617,-0.0004552423059168399,0.078125
0.00037594747858469955,0.0008952579622428114,-6.198241627296688e-05,0.0002628413035470791,-0.0002279850732584733,-0.0004125122919119763,1.4673242285921645e-05,0.00016341243483853013,-4.212150446283506e-05,0.00039619636473904,-0.0009376996950229487,0.0003427954038525054,-0.00031358090325342615,-0.00045524230591614855,0.0859375
0.0003759474785861228,0.000895257962245087,-6.198241627101498e-05,0.00026284130354845204,-0.000227985073256493,-0.0004125122919101993,1.4673242287615245e-05,0.00016341243484003116,-4.2121504461436815e-05,0.0003961963647405528,-0.0009376996950212204,0.00034279540385450763,-0.0003135809032520532,-0.00045524230591424745,0.09375
0.00037594747858545806,0.0008952579622438492,-6.19824162719178e-05,0.00026284130354775506,-0.00022798507325735295,-0.0004125122919110794,1.467324228655113e-05,0.00016341243483912766,-4.212150446203653e-05,0.00039619636473992004,-0.0009376996950218253,0.0003427954038535939,-0.0003135809032527502,-0.0004552423059147659,0.1015625
0.0003759474785825238,0.0008952579622410371,-6.198241627502975e-05,0.0002628413035452104,-0.00022798507326012244,-0.0004125122919133592,1.4673242283359962e-05,0.00016341243483626851,-4.212150446509888e-05,0.0003961963647372409,-0.0009376996950245906,0.00034279540385117246,-0.0003135809032552949,-0.0004552423059175312,0.109375
0.00037594747858412904,0.0008952579622421781,-6.198241627410849e-05,0.00026284130354633915,-0.00022798507325945552,-0.00041251229191314635,1.4673242284918346e-05,0.00016341243483780448,-4.212150446349606e-05,0.00039619636473820424,-0.0009376996950237265,0.00034279540385239745,-0.0003135809032541661,-0.0004552423059168399,0.1171875
0.0003759474785871415,0.0008952579622455455,-6.198241627058578e-05,0.000262841303549101,-0.00022798507325588074,-0.0004125122919094603,1.4673242288475089e-05,0.0001634124348409993,-4.212150446068243e-05,0.00039619636474151946,-0.0009376996950201834,0.0003427954038548313,-0.00031358090325140427,-0.00045524230591321047,0.125
0.0003759474785882885,0.0008952579622470932,-6.198241626901317e-05,0.0002628413035507747,-0.00022798507325434123,-0.0004125122919080311,1.4673242289906122e-05,0.00016341243484237607,-4.2121504459086834e-05,0.0003961963647429707,-0.0009376996950187144,0.0003427954038566981,-0.00031358090324973053,-0.00045524230591182784,0.1328125
0.0003759474785861741,0.0008952579622449185,-6.198241627122537e-05,0.00026284130354853265,-0.00022798507325651784,-0.00041251229191017347,1.467324228775425e-05,0.00016341243484014866,-4.2121504461240615e-05,0.0003961963647408901,-0.0009376996950209179,0.00034279540385435443,-0.0003135809032519726,-0.00045524230591424745,0.140625
0.00037594747858409326,0.0008952579622426898,-6.198241627348402e-05,0.000262841303546413,-0.00022798507325877255,-0.00041251229191226213,1.4673242285643449e-05,0.00016341243483802744,-4.212150446337744e-05,0.00039619636473863586,-0.0009376996950233808,0.00034279540385215616,-0.0003135809032540923,-0.00045524230591632137,0.1484375
0.0003759474785825122,0.0008952579622410015,-6.198241627474233e-05,0.0002628413035447179,-0.00022798507326015241,-0.0004125122919138594,1.4673242283930764e-05,0.0001634124348364397,-4.212150446507865e-05,0.0003961963647369664,-0.0009376996950247634,0.0003427954038507311,-0.0003135809032557874,-0.0004552423059178769,0.15625
0.00037594747858337417,0.0008952579622418195,-6.198241627400868e-05,0.0002628413035457083,-0.00022798507325941966,-0.00041251229191312526,1.467324228436268e-05,0.00016341243483738755,-4.212150446413253e-05,0.00039619636473803917,-0.0009376996950237265,0.0003427954038517683,-0.00031358090325479696,-0.0004552423059168399,0.1640625
0.0003759474785845075,0.0008952579622430792,-6.198241627297833e-05,0.000262841303546866,-0.00022798507325831393,-0.0004125122919120562,1.4673242285525898e-05,0.00016341243483830936,-4.212150446295046e-05,0.0003961963647389642,-0.0009376996950226894,0.0003427954038526447,-0.00031358090325363925,-0.00045524230591606214,0.171875
0.0003759474785839907,0.0008952579622426122,-6.198241627348354e-05,0.00026284130354632207,-0.00022798507325877542,-0.0004125122919124228,1.4673242285359767e-05,0.00016341243483789165,-4.212150446349993e-05,0.0003961963647386263,-0.0009376996950233376,0.0003427954038522098,-0.0003135809032541832,-0.00045524230591632137,0.1796875
0.00037594747858409305,0.000895257962242585,-6.198241627314713e-05,0.00026284130354643396,-0.00022798507325877984,-0.0004125122919121465,1.4673242285793328e-05,0.00016341243483802167,-4.212150446356205e-05,0.00039619636473837825,-0.000937699695023208,0.00034279540385209376,-0.0003135809032540713,-0.00045524230591623496,0.1875
0.000375947478587542,0.0008952579622459771,-6.198241626998454e-05,0.0002628413035497039,-0.00022798507325537068,-0.00041251229190892327,1.4673242288915635e-05,0.00016341243484124798,-4.212150445992308e-05,0.0003961963647418613,-0.0009376996950197513,0.00034279540385566496,-0.00031358090325080135,-0.0004552423059129728,0.1953125
0.00037594747858790163,0.0008952579622465426,-6.198241626962256e-05,0.0002628413035503827,-0.00022798507325466781,-0.00041251229190842183,1.4673242289457728e-05,0.0001634124348417706,-4.212150445957323e-05,0.0003961963647426315,-0.0009376996950191465,0.0003427954038561804,-0.0003135809032501226,-0.0004552423059123463,0.203125
0.0003759474785844616,0.0008952579622430306,-6.198241627312688e-05,0.0002628413035469741,-0.00022798507325795487,-0.0004125122919118643,1.4673242285898682e-05,0.0001634124348381823,-4.2121504462818034e-05,0.0003961963647393585,-0.000937699695022603,0.0003427954038529903,-0.00031358090325353115,-0.0004552423059158029,0.2109375
0.0003759474785813109,0.0008952579622398734,-6.19824162760227e-05,0.00026284130354396805,-0.0002279850732612568,-0.0004125122919145052,1.4673242282663651e-05,0.00016341243483533838,-4.212150446567932e-05,0.00039619636473626173,-0.0009376996950258004,0.00034279540384943123,-0.0003135809032565372,-0.0004552423059190002,0.21875
0.00037594747858456007,0.0008952579622431552,-6.19824162730182e-05,0.00026284130354675754,-0.0002279850732581202,-0.0004125122919118228,1.4673242285829935e-05,0.0001634124348384559,-4.2121504462744654e-05,0.00039619636473967073,-0.0009376996950226894,0.000342795403852809,-0.0003135809032537477,-0.00045524230591597573,0.2265625
0.00037594747858798983,0.0008952579622465555,-6.198241626944237e-05,0.00026284130355032505,-0.0002279850732546846,-0.00041251229190819886,1.4673242289672768e-05,0.00016341243484198885,-4.212150445929874e-05,0.0003961963647429089,-0.0009376996950191465,0.0003427954038562472,-0.0003135809032501802,-0.0004552423059122599,0.234375
0.00037594747858702267,0.0008952579622455906,-6.198241627040803e-05,0.0002628413035493504,-0.0002279850732558365,-0.00041251229190933364,1.4673242288532014e-05,0.00016341243484084515,-4.212150446034563e-05,0.0003961963647416334,-0.0009376996950202698,0.0003427954038552674,-0.00031358090325115485,-0.0004552423059133833,0.2421875
0.0003759474785855293,0.0008952579622440789,-6.198241627174082e-05,0.00026284130354786625,-0.0002279850732572495,-0.00041251229191064515,1.4673242286958315e-05,0.0001634124348395897,-4.21215044621014e-05,0.00039619636473992096,-0.0009376996950218901,0.0003427954038535149,-0.000313580903252639,-0.00045524230591493874,0.25
0.00037594747858434187,0.0008952579622435951,-6.198241627199832e-05,0.0002628413035471,-0.00022798507325832732,-0.00041251229191183376,1.4673242285738056e-05,0.0001634124348385557,-4.212150446339711e-05,0.0003961963647389612,-0.0009376996950227758,0.0003427954038530955,-0.0003135809032534053,-0.00045524230591550047,0.2578125
0.0003759474785837674,0.0008952579622433553,-6.198241627188878e-05,0.00026284130354681473,-0.00022798507325799217,-0.0004125122919115632,1.467324228559928e-05,0.00016341243483825225,-4.212150446365233e-05,0.00039619636473910077,-0.0009376996950225166,0.0003427954038523109,-0.00031358090325369053,-0.00045524230591545726,0.265625
0.00037594747858165647,0.0008952579622406393,-6.198241627451828e-05,0.00026284130354432936,-0.0002279850732605065,-0.0004125122919142502,1.4673242282710648e-05,0.00016341243483602592,-4.212150446582085e-05,0.00039619636473696093,-0.0009376996950247634,0.00034279540385074713,-0.0003135809032561759,-0.0004552423059182225,0.2734375
0.0003759474785829624,0.0008952579622415406,-6.19824162746843e-05,0.0002628413035451845,-0.0002279850732601051,-0.00041251229191366855,1.4673242284136162e-05,0.00016341243483638984,-4.212150446481011e-05,0.00039619636473735417,-0.0009376996950245042,0.0003427954038509441,-0.00031358090325532073,-0.0004552423059176176,0.28125
0.00037594747858565733,0.0008952579622443553,-6.198241627183074e-05,0.000262841303547901,-0.00022798507325713906,-0.0004125122919106585,1.4673242287238576e-05,0.00016341243483955476,-4.212150446172784e-05,0.0003961963647401698,-0.0009376996950216525,0.0003427954038537775,-0.00031358090325260427,-0.0004552423059145931,0.2890625
0.00037594747858706636,0.000895257962245769,-6.198241627040423e-05,0.00026284130354957354,-0.00022798507325549202,-0.00041251229190908563,1.4673242288854863e-05,0.00016341243484124947,-4.212150446035349e-05,0.0003961963647417303,-0.0009376996950199242,0.0003427954038551997,-0.0003135809032509317,-0.00045524230591303765,0.296875
0.00037594747858384536,0.0008952579622417133,-6.198241627393685e-05,0.0002628413035462533,-0.0002279850732598589,-0.00041251229191228,1.467324228470947e-05,0.00016341243483725815,-4.2121504463557047e-05,0.00039619636473835754,-0.0009376996950230352,0.0003427954038518528,-0.00031358090325425204,-0.0004552423059168399,0.3046875
0.000375947478582726,0.0008952579622413247,-6.198241627481389e-05,0.0002628413035455904,-0.00022798507325983987,-0.00041251229191350647,1.4673242284181865e-05,0.00016341243483575368,-4.212150446454114e-05,0.00039619636473789383,-0.0009376996950244177,0.000342795403851297,-0.00031358090325491486,-0.000455242305917704,0.3125
0.00037594747858662255,0.0008952579622453712,-6.198241627111985e-05,0.0002628413035487934,-0.00022798507325630965,-0.0004125122919100167,1.4673242287553227e-05,0.00016341243484050265,-4.2121504460821876e-05,0.00039619636474123995,-0.0009376996950208748,0.0003427954038546476,-0.00031358090325171186,-0.00045524230591390176,0.3203125
0.0003759474785888626,0.0008952579622475827,-6.198241626838024e-05,0.00026284130355114823,-0.00022798507325370512,-0.00041251229190769005,1.467324229019166e-05,0.00016341243484306936,-4.2121504458471054e-05,0.0003961963647435651,-0.0009376996950183039,0.0003427954038570024,-0.000313580903249357,-0.00045524230591133095,0.328125
0.0003759474785860001,0.0008952579622443801,-6.198241627122381e-05,0.0002628413035482074,-0.00022798507325668907,-0.0004125122919105663,1.4673242287385758e-05,0.00016341243484002338,-4.212150446145787e-05,0.00039619636474048654,-0.000937699695021134,0.00034279540385411835,-0.00031358090325229787,-0.00045524230591433387,0.3359375
0.00037594747858264125,0.000895257962241164,-6.198241627446672e-05,0.00026284130354514197,-0.0002279850732599825,-0.00041251229191351893,1.4673242284151202e-05,0.00016341243483676315,-4.2121504464813074e-05,0.00039619636473751013,-0.0009376996950245906,0.00034279540385103563,-0.0003135809032553633,-0.00045524230591735836,0.34375
0.0003759474785843876,0.0008952579622423849,-6.198241627360358e-05,0.0002628413035463299,-0.0002279850732591537,-0.000412512291912136,1.4673242285475088e-05,0.00016341243483773043,-4.212150446310351e-05,0.00039619636473893813,-0.000937699695023208,0.0003427954038521332,-0.0003135809032541754,-0.00045524230591632137,0.3515625
0.00037594747858709683,0.0008952579622458355,-6.198241627047933e-05,0.0002628413035494992,-0.00022798507325573112,-0.0004125122919092456,1.4673242288549255e-05,0.0001634124348409328,-4.212150446031663e-05,0.0003961963647417664,-0.0009376996950201457,0.00034279540385522944,-0.00031358090325100604,-0.00045524230591331846,0.359375
0.0003759474785875816,0.0008952579622462412,-6.198241626973756e-05,0.0002628413035501104,-0.00022798507325510608,-0.00041251229190887313,1.4673242289564437e-05,0.00016341243484170037,-4.212150445968708e-05,0.0003961963647426561,-0.0009376996950194057,0.00034279540385603923,-0.00031358090325039493,-0.00045524230591269195,0.3671875
0.00037594747858540515,0.0008952579622443018,-6.198241627195051e-05,0.00026284130354774194,-0.00022798507325737214,-0.0004125122919110297,1.4673242287092975e-05,0.00016341243483964044,-4.2121504461966597e-05,0.0003961963647400568,-0.0009376996950217173,0.0003427954038534782,-0.0003135809032527633,-0.00045524230591489554,0.375
0.00037594747858294455,0.0008952579622416179,-6.198241627462111e-05,0.000262841303545545,-0.00022798507325980113,-0.000412512291913185,1.467324228422432e-05,0.00016341243483675096,-4.212150446441838e-05,0.00039619636473739054,-0.0009376996950240721,0.00034279540385097595,-0.00031358090325496024,-0.00045524230591744477,0.3828125
0.0003759474785833904,0.0008952579622407757,-6.19824162747712e-05,0.0002628413035454727,-0.00022798507325995243,-0.0004125122919135253,1.4673242284141788e-05,0.0001634124348366957,-4.212150446518173e-05,0.0003961963647376729,-0.0009376996950243313,0.0003427954038503935,-0.00031358090325503255,-0.0004552423059175744,0.390625
0.000375947478584605,0.000895257962242997,-6.198241627302948e-05,0.0002628413035469325,-0.00022798507325840297,-0.0004125122919120881,1.4673242285654532e-05,0.00016341243483830665,-4.212150446304464e-05,0.0003961963647388658,-0.0009376996950226894,0.00034279540385258675,-0.0003135809032535728,-0.0004552423059158029,0.3984375
0.0003759474785858188,0.0008952579622446013,-6.198241627167053e-05,0.0002628413035481779,-0.00022798507325692206,-0.0004125122919104377,1.467324228705503e-05,0.0001634124348395693,-4.2121504461767584e-05,0.00039619636474053186,-0.000937699695021134,0.00034279540385390866,-0.00031358090325232736,-0.0004552423059145931,0.40625
0.00037594747858479377,0.0008952579622432501,-6.198241627277262e-05,0.0002628413035469298,-0.00022798507325809351,-0.0004125122919117454,1.467324228589024e-05,0.0001634124348384905,-4.212150446279578e-05,0.0003961963647391744,-0.0009376996950225166,0.0003427954038530296,-0.00031358090325357544,-0.00045524230591545726,0.4140625
0.00037594747858409717,0.0008952579622422699,-6.198241627325136e-05,0.00026284130354650476,-0.00022798507325878347,-0.00041251229191237597,1.4673242285306154e-05,0.00016341243483777295,-4.2121504463564995e-05,0.0003961963647385675,-0.000937699695023208,0.0003427954038521065,-0.0003135809032540005,-0.0004552423059164942,0.421875
0.00037594747858483654,0.000895257962243499,-6.198241627237284e-05,0.0002628413035472138,-0.000227985073257697,-0.00041251229191144757,1.4673242286516081e-05,0.0001634124348389378,-4.212150446241109e-05,0.00039619636473963164,-0.0009376996950222574,0.0003427954038531018,-0.00031358090325329143,-0.00045524230591545726,0.4296875
0.0003759474785860755,0.000895257962244798,-6.198241627143218e-05,0.0002628413035484484,-0.00022798507325673916,-0.0004125122919101134,1.4673242287806935e-05,0.00016341243484010724,-4.2121504461288774e-05,0.0003961963647408057,-0.0009376996950209612,0.000342795403854306,-0.00031358090325205685,-0.0004552423059144203,0.4375
0.00037594747858571805,0.000895257962244358,-6.198241627161064e-05,0.0002628413035481494,-0.0002279850732568919,-0.00041251229191055467,1.4673242287214182e-05,0.00016341243483960216,-4.212150446155104e-05,0.00039619636474042636,-0.0009376996950214797,0.00034279540385385315,-0.0003135809032523559,-0.0004552423059145931,0.4453125
0.00037594747858463103,0.000895257962243285,-6.198241627249746e-05,0.00026284130354699476,-0.0002279850732581133,-0.0004125122919114154,1.4673242286226851e-05,0.00016341243483892107,-4.21215044624708e-05,0.00039619636473936396,-0.000937699695022171,0.0003427954038532067,-0.0003135809032535105,-0.000455242305915198,0.453125
0.00037594747858518446,0.0008952579622438661,-6.198241627170962e-05,0.0002628413035477612,-0.00022798507325744286,-0.00041251229191116725,1.467324228677114e-05,0.00016341243483953893,-4.212150446190185e-05,0.00039619636474047277,-0.0009376996950218686,0.000342795403853652,-0.0003135809032527441,-0.00045524230591498195,0.4609375
0.0003759474785851999,0.0008952579622445904,-6.1982416271596e-05,0.00026284130354790435,-0.00022798507325693258,-0.0004125122919110594,1.4673242287039995e-05,0.000163412434839733,-4.212150446169585e-05,0.00039619636474017396,-0.000937699695022171,0.00034279540385337865,-0.0003135809032526009,-0.00045524230591493874,0.46875
0.00037594747858255863,0.0008952579622413865,-6.198241627462683e-05,0.00026284130354509025,-0.00022798507325996384,-0.0004125122919136134,1.4673242284398993e-05,0.00016341243483683094,-4.212150446468262e-05,0.0003961963647373593,-0.0009376996950247634,0.0003427954038507798,-0.000313580903255415,-0.0004552423059175312,0.4765625
0.0003759474785834917,0.000895257962241746,-6.19824162741409e-05,0.00026284130354543183,-0.00022798507325953117,-0.0004125122919130275,1.4673242284507888e-05,0.00016341243483712392,-4.212150446415497e-05,0.00039619636473781533,-0.0009376996950240288,0.0003427954038512524,-0.0003135809032550735,-0.0004552423059169263,0.484375
0.00037594747858493645,0.0008952579622435966,-6.198241627262004e-05,0.0002628413035471267,-0.00022798507325775793,-0.0004125122919115042,1.467324228635745e-05,0.00016341243483893348,-4.2121504462382734e-05,0.0003961963647395863,-0.000937699695022171,0.0003427954038529552,-0.00031358090325337855,-0.0004552423059152844,0.4921875
0.0003759474785867641,0.0008952579622458159,-6.19824162700056e-05,0.00026284130354911487,-0.0002279850732555263,-0.0004125122919093862,1.4673242288385794e-05,0.000163412434841128,-4.212150446068773e-05,0.00039619636474203727,-0.0009376996950199242,0.00034279540385577636,-0.0003135809032513904,-0.00045524230591321047,0.5
0.0003759474785855096,0.0008952579622444758,-6.19824162718032e-05,0.00026284130354786625,-0.00022798507325679125,-0.0004125122919101506,1.467324228717603e-05,0.00016341243483918589,-4.212150446155775e-05,0.0003961963647402455,-0.0009376996950215661,0.0003427954038536056,-0.000313580903252639,-0.0004552423059146363,0.5078125
0.0003759474785842024,0.0008952579622427021,-6.198241627325945e-05,0.00026284130354650644,-0.000227985073258426,-0.0004125122919120621,1.4673242285446414e-05,0.00016341243483785324,-4.212150446371006e-05,0.00039619636473889336,-0.0009376996950229055,0.000342795403852418,-0.0003135809032539988,-0.00045524230591601893,0.515625
0.00037594747858499467,0.0008952579622434338,-6.19824162723708e-05,0.0002628413035472431,-0.00022798507325763338,-0.00041251229191141266,1.4673242286374169e-05,0.00016341243483886857,-4.21215044625106e-05,0.0003961963647395913,-0.0009376996950221278,0.0003427954038532111,-0.00031358090325326216,-0.0004552423059153276,0.5234375
0.0003759474785856797,0.0008952579622441975,-6.198241627168366e-05,0.0002628413035480538,-0.00022798507325699522,-0.0004125122919108024,1.4673242287133764e-05,0.00016341243483965215,-4.2121504461790265e-05,0.00039619636474040414,-0.0009376996950214797,0.000342795403853967,-0.00031358090325245145,-0.0004552423059146363,0.53125
0.00037594747858402333,0.000895257962242669,-6.198241627321158e-05,0.0002628413035467001,-0.00022798507325845913,-0.00041251229191196034,1.4673242285564377e-05,0.00016341243483801462,-4.212150446329504e-05,0.00039619636473876835,-0.0009376996950228622,0.00034279540385241723,-0.0003135809032538052,-0.00045524230591614855,0.5390625
0.00037594747858360613,0.0008952579622420211,-6.198241627392661e-05,0.0002628413035459005,-0.00022798507325917829,-0.00041251229191269337,1.467324228490728e-05,0.0001634124348373561,-4.212150446372093e-05,0.00039619636473816786,-0.0009376996950237265,0.0003427954038517606,-0.0003135809032546048,-0.0004552423059167535,0.546875
0.00037594747858527765,0.0008952579622434593,-6.198241627310196e-05,0.00026284130354728105,-0.00022798507325736273,-0.0004125122919109729,1.4673242286570088e-05,0.00016341243483925525,-4.2121504462069636e-05,0.0003961963647398681,-0.0009376996950223438,0.0003427954038530058,-0.0003135809032532242,-0.00045524230591545726,0.5546875
0.0003759474785853674,0.0008952579622447918,-6.198241627291827e-05,0.00026284130354793845,-0.0002279850732568572,-0.0004125122919108354,1.4673242287325877e-05,0.00016341243484025542,-4.212150446170867e-05,0.0003961963647395825,-0.0009376996950218253,0.0003427954038531403,-0.0003135809032525668,-0.0004552423059145931,0.5625
0.00037594747858507224,0.0008952579622432061,-6.198241627198539e-05,0.000262841303547489,-0.0002279850732574676,-0.0004125122919112414,1.4673242286308604e-05,0.00016341243483922513,-4.212150446257167e-05,0.0003961963647394538,-0.0009376996950219981,0.00034279540385357934,-0.00031358090325301626,-0.00045524230591545726,0.5703125
0.00037594747858438817,0.0008952579622427124,-6.198241627311863e-05,0.0002628413035466062,-0.00022798507325841062,-0.00041251229191213316,1.4673242285546692e-05,0.00016341243483821314,-4.2121504463048386e-05,0.00039619636473894263,-0.0009376996950226678,0.0003427954038526017,-0.0003135809032538991,-0.0004552423059157597,0.578125
0.0003759474785855116,0.00089525796224415,-6.198241627198738e-05,0.0002628413035479443,-0.00022798507325718772,-0.0004125122919106745,1.4673242286968646e-05,0.00016341243483952765,-4.212150446184116e-05,0.0003961963647401158,-0.0009376996950216525,0.0003427954038537774,-0.00031358090325256095,-0.0004552423059147659,0.5859375
0.0003759474785846558,0.0008952579622433921,-6.198241627261225e-05,0.0002628413035468988,-0.0002279850732579395,-0.00041251229191179494,1.4673242286170242e-05,0.00016341243483873537,-4.212150446280632e-05,0.0003961963647392904,-0.0009376996950226894,0.000342795403852651,-0.00031358090325360645,-0.0004552423059158029,0.59375
0.0003759474785852492,0.0008952579622440939,-6.198241627228505e-05,0.0002628413035474429,-0.00022798507325713446,-0.00041251229191120677,1.4673242286810305e-05,0.0001634124348390677,-4.212150446184696e-05,0.0003961963647401409,-0.0009376996950218253,0.00034279540385320024,-0.00031358090325306234,-0.00045524230591511156,0.6015625
0.0003759474785848921,0.0008952579622439511,-6.198241627169274e-05,0.00026284130354757573,-0.00022798507325746468,-0.00041251229191058286,1.467324228692908e-05,0.00016341243483902477,-4.2121504462304475e-05,0.0003961963647400565,-0.0009376996950217389,0.00034279540385416686,-0.0003135809032529295,-0.0004552423059152844,0.609375
0.00037594747858510455,0.000895257962243817,-6.198241627244592e-05,0.00026284130354727937,-0.00022798507325795428,-0.0004125122919114594,1.4673242286522534e-05,0.00016341243483892844,-4.212150446241828e-05,0.0003961963647397451,-0.0009376996950219981,0.00034279540385305827,-0.0003135809032532259,-0.00045524230591545726,0.6171875
0.00037594747858324157,0.0008952579622418104,-6.198241627410213e-05,0.00026284130354574923,-0.00022798507325951585,-0.0004125122919129499,1.4673242284750625e-05,0.00016341243483724543,-4.212150446422054e-05,0.0003961963647378384,-0.0009376996950240721,0.00034279540385141494,-0.00031358090325475603,-0.0004552423059170127,0.625
0.00037594747858412893,0.000895257962242681,-6.198241627319719e-05,0.0002628413035465761,-0.00022798507325845515,-0.0004125122919121148,1.4673242285715626e-05,0.00016341243483820262,-4.212150446323821e-05,0.000396196364738834,-0.0009376996950228622,0.0003427954038522508,-0.00031358090325392916,-0.00045524230591632137,0.6328125
0.0003759474785874046,0.0008952579622463276,-6.198241626953019e-05,0.00026284130354985847,-0.0002279850732549017,-0.00041251229190887134,1.46732422891844e-05,0.00016341243484190178,-4.21215044596898e-05,0.00039619636474246456,-0.0009376996950194057,0.0003427954038559542,-0.0003135809032506468,-0.00045524230591269195,0.640625
0.0003759474785875789,0.0008952579622465187,-6.198241626956793e-05,0.0002628413035498918,-0.00022798507325513128,-0.0004125122919089614,1.4673242289324453e-05,0.0001634124348416316,-4.212150445997037e-05,0.0003961963647423289,-0.00093769969501906,0.00034279540385597114,-0.00031358090325061345,-0.00045524230591269195,0.6484375
0.0003759474785847306,0.0008952579622432299,-6.198241627288993e-05,0.00026284130354737076,-0.0002279850732581425,-0.0004125122919117831,1.467324228642124e-05,0.00016341243483886632,-4.212150446207757e-05,0.00039619636473929115,-0.0009376996950220414,0.00034279540385331555,-0.0003135809032531345,-0.00045524230591545726,0.65625
0.0003759474785839541,0.0008952579622425098,-6.19824162735423e-05,0.0002628413035463,-0.00022798507325874095,-0.00041251229191223535,1.4673242285409907e-05,0.00016341243483771687,-4.2121504463485896e-05,0.000396196364738474,-0.0009376996950233376,0.00034279540385222294,-0.00031358090325420525,-0.0004552423059165158,0.6640625
0.0003759474785861856,0.0008952579622446902,-6.198241627135224e-05,0.0002628413035484988,-0.00022798507325673335,-0.0004125122919103303,1.4673242287273281e-05,0.00016341243483975805,-4.21215044614494e-05,0.0003961963647405234,-0.0009376996950209612,0.0003427954038543161,-0.00031358090325200644,-0.000455242305914161,0.671875
0.00037594747858629945,0.0008952579622449167,-6.19824162711201e-05,0.0002628413035486361,-0.00022798507325649792,-0.000412512291909791,1.4673242287684324e-05,0.00016341243484010483,-4.2121504461245467e-05,0.000396196364740779,-0.0009376996950207884,0.00034279540385443835,-0.0003135809032518692,-0.00045524230591372894,0.6796875
0.00037594747858171626,0.0008952579622406891,-6.198241627547335e-05,0.0002628413035442486,-0.0002279850732608347,-0.00041251229191406147,1.4673242283321029e-05,0.00016341243483606536,-4.2121504465610044e-05,0.00039619636473679434,-0.0009376996950251954,0.00034279540384984616,-0.00031358090325625667,-0.0004552423059182225,0.6875
0.00037594747858127624,0.0008952579622397497,-6.198241627595826e-05,0.0002628413035437081,-0.00022798507326150078,-0.0004125122919151761,1.467324228298994e-05,0.00016341243483547732,-4.212150446599183e-05,0.00039619636473597127,-0.0009376996950258004,0.00034279540384963463,-0.00031358090325679715,-0.0004552423059190867,0.6953125
0.00037594747858464865,0.0008952579622433398,-6.198241627258475e-05,0.00026284130354700826,-0.0002279850732580113,-0.00041251229191168994,1.4673242286318546e-05,0.0001634124348386507,-4.212150446276385e-05,0.0003961963647394453,-0.0009376996950225599,0.00034279540385282104,-0.000313580903253497,-0.00045524230591560845,0.703125
0.0003759474785878012,0.0008952579622467585,-6.198241626922593e-05,0.00026284130355048654,-0.00022798507325448616,-0.0004125122919080923,1.467324228958401e-05,0.00016341243484191005,-4.212150445921917e-05,0.00039619636474304347,-0.00093769969501906,0.00034279540385654555,-0.0003135809032500187,-0.0004552423059121303,0.7109375
0.0003759474785834615,0.0008952579622420739,-6.198241627382432e-05,0.0002628413035458443,-0.00022798507325921382,-0.0004125122919128647,1.4673242285028027e-05,0.00016341243483752844,-4.212150446390468e-05,0.00039619636473822896,-0.0009376996950236185,0.0003427954038517312,-0.00031358090325466094,-0.00045524230591690467,0.71875
0.00037594747858266147,0.0008952579622412145,-6.19824162749809e-05,0.0002628413035449308,-0.00022798507326017602,-0.00041251229191366476,1.4673242284146982e-05,0.0001634124348365878,-4.212150446480195e-05,0.0003961963647372614,-0.0009376996950248498,0.00034279540385081766,-0.00031358090325557444,-0.000455242305917704,0.7265625
0.0003759474785847202,0.0008952579622431221,-6.198241627267547e-05,0.00026284130354683414,-0.00022798507325828582,-0.00041251229191164505,1.467324228617149e-05,0.00016341243483850024,-4.212150446275162e-05,0.00039619636473905496,-0.0009376996950226894,0.00034279540385284647,-0.0003135809032536711,-0.0004552423059156301,0.734375
0.00037594747858688243,0.0008952579622454736,-6.198241627045177e-05,0.00026284130354902396,-0.00022798507325604817,-0.0004125122919094622,1.4673242288292218e-05,0.00016341243484122172,-4.2121504460269597e-05,0.00039619636474156006,-0.0009376996950204426,0.000342795403855345,-0.0003135809032514813,-0.0004552423059133833,0.7421875
0.000375947478587357,0.0008952579622460271,-6.198241627006321e-05,0.0002628413035496326,-0.0002279850732553695,-0.0004125122919090061,1.46732422888611e-05,0.00016341243484132637,-4.212150446018043e-05,0.00039619636474209886,-0.0009376996950198378,0.0003427954038555563,-0.0003135809032508727,-0.0004552423059129512,0.75
0.0003759474785851603,0.0008952579622436387,-6.198241627227257e-05,0.0002628413035472957,-0.00022798507325774746,-0.0004125122919111303,1.4673242286368184e-05,0.00016341243483895799,-4.21215044624036e-05,0.0003961963647398952,-0.0009376996950222142,0.0003427954038534871,-0.0003135809032532096,-0.00045524230591545726,0.7578125
0.00037594747858427487,0.0008952579622428468,-6.1982416273182e-05,0.00026284130354659973,-0.00022798507325846951,-0.0004125122919119097,1.4673242285667686e-05,0.00016341243483824512,-4.212150446329354e-05,0.00039619636473898616,-0.0009376996950228622,0.00034279540385251785,-0.0003135809032539055,-0.00045524230591597573,0.765625
0.00037594747858630016,0.0008952579622447764,-6.198241627109084e-05,0.0002628413035486213,-0.00022798507325638484,-0.0004125122919101308,1.4673242287681607e-05,0.00016341243484028012,-4.212150446125423e-05,0.00039619636474070625,-0.0009376996950207884,0.00034279540385450476,-0.000313580903251884,-0.00045524230591390176,0.7734375
0.0003759474785867877,0.0008952579622452289,-6.198241627079959e-05,0.0002628413035489399,-0.00022798507325617404,-0.00041251229190961196,1.4673242288051245e-05,0.0001634124348405401,-4.21215044608669e-05,0.00039619636474128234,-0.0009376996950204426,0.0003427954038549433,-0.0003135809032515654,-0.0004552423059136425,0.78125
0.0003759474785868969,0.0008952579622454203,-6.198241627059959e-05,0.00026284130354922475,-0.0002279850732559639,-0.0004125122919095877,1.4673242288212285e-05,0.00016341243484058752,-4.2121504460643924e-05,0.0003961963647415716,-0.0009376996950204426,0.00034279540385516205,-0.0003135809032512805,-0.0004552423059133833,0.7890625
0.0003759474785846263,0.0008952579622432108,-6.198241627297344e-05,0.00026284130354708307,-0.0002279850732581618,-0.00041251229191196186,1.4673242286177002e-05,0.0001634124348383928,-4.2121504462754025e-05,0.0003961963647389269,-0.0009376996950225166,0.00034279540385250814,-0.0003135809032534222,-0.00045524230591597573,0.796875
0.00037594747858299437,0.0008952579622414106,-6.198241627427825e-05,0.00026284130354557657,-0.00022798507325955814,-0.0004125122919132919,1.4673242284295023e-05,0.00016341243483716412,-4.212150446457788e-05,0.00039619636473747755,-0.0009376996950241585,0.00034279540385133704,-0.0003135809032549287,-0.0004552423059170991,0.8046875
0.00037594747858337585,0.0008952579622417394,-6.198241627373025e-05,0.0002628413035458583,-0.00022798507325921596,-0.0004125122919126716,1.4673242284852523e-05,0.00016341243483747325,-4.2121504464352695e-05,0.00039619636473790424,-0.0009376996950237265,0.00034279540385155274,-0.00031358090325464696,-0.0004552423059168399,0.8125
0.0003759474785850175,0.000895257962243378,-6.198241627281043e-05,0.000262841303547174,-0.00022798507325785515,-0.0004125122919113071,1.4673242286163033e-05,0.00016341243483849603,-4.2121504462629817e-05,0.0003961963647392677,-0.0009376996950226894,0.0003427954038531442,-0.0003135809032533313,-0.0004552423059156301,0.8203125
0.00037594747858568064,0.0008952579622443183,-6.198241627196279e-05,0.00026284130354757573,-0.00022798507325717303,-0.00041251229191083136,1.4673242286907461e-05,0.00016341243483927322,-4.2121504461623975e-05,0.00039619636474029415,-0.0009376996950214797,0.00034279540385373476,-0.0003135809032529295,-0.0004552423059144203,0.828125
0.00037594747858469315,0.0008952579622432835,-6.198241627259296e-05,0.0002628413035470112,-0.00022798507325802586,-0.00041251229191163275,1.467324228623822e-05,0.00016341243483854333,-4.212150446262973e-05,0.00039619636473948197,-0.0009376996950226894,0.0003427954038530273,-0.00031358090325349407,-0.0004552423059158029,0.8359375
0.0003759474785834791,0.0008952579622422387,-6.19824162738959e-05,0.0002628413035458552,-0.00022798507325921526,-0.00041251229191281464,1.4673242285068654e-05,0.00016341243483738112,-4.2121504463943734e-05,0.000396196364738021,-0.0009376996950237265,0.00034279540385153675,-0.0003135809032546501,-0.0004552423059168399,0.84375
0.00037594747858365964,0.0008952579622422866,-6.198241627371731e-05,0.00026284130354612247,-0.000227985073259254,-0.00041251229191289075,1.4673242285336542e-05,0.0001634124348379028,-4.212150446346013e-05,0.00039619636473841593,-0.0009376996950233591,0.00034279540385201743,-0.0003135809032543828,-0.0004552423059165806,0.8515625
0.00037594747858445647,0.0008952579622424991,-6.198241627349913e-05,0.00026284130354641715,-0.00022798507325828019,-0.00041251229191230897,1.4673242285447872e-05,0.00016341243483858982,-4.2121504462889856e-05,0.00039619636473869907,-0.0009376996950225599,0.0003427954038520465,-0.0003135809032540881,-0.00045524230591606214,0.859375
0.0003759474785859488,0.000895257962244872,-6.198241627105787e-05,0.00026284130354791785,-0.0002279850732563909,-0.00041251229190992865,1.467324228782945e-05,0.00016341243484045104,-4.2121504461596836e-05,0.0003961963647405384,-0.0009376996950210908,0.00034279540385447933,-0.0003135809032525874,-0.00045524230591444185,0.8671875
0.0003759474785858976,0.000895257962244404,-6.198241627148776e-05,0.00026284130354849866,-0.0002279850732568428,-0.0004125122919103247,1.4673242287427483e-05,0.00016341243483971785,-4.212150446146421e-05,0.0003961963647406109,-0.000937699695021134,0.00034279540385436804,-0.0003135809032520066,-0.0004552423059144203,0.875
0.00037594747858589396,0.0008952579622444554,-6.198241627137187e-05,0.00026284130354814196,-0.00022798507325695686,-0.0004125122919105598,1.467324228731542e-05,0.00016341243483989235,-4.212150446165536e-05,0.00039619636474064386,-0.000937699695021134,0.0003427954038541456,-0.0003135809032523633,-0.0004552423059145931,0.8828125
0.0003759474785852543,0.0008952579622438458,-6.198241627250639e-05,0.00026284130354780266,-0.00022798507325739152,-0.000412512291911087,1.4673242286582939e-05,0.00016341243483937982,-4.212150446212646e-05,0.0003961963647397124,-0.0009376996950218253,0.0003427954038533156,-0.0003135809032527026,-0.00045524230591511156,0.890625
0.00037594747858645796,0.0008952579622451265,-6.19824162707617e-05,0.00026284130354877036,-0.00022798507325626373,-0.0004125122919097297,1.4673242287472928e-05,0.00016341243484023637,-4.212150446135154e-05,0.0003961963647409781,-0.0009376996950207884,0.0003427954038546482,-0.00031358090325173495,-0.00045524230591390176,0.8984375
0.0003759474785870097,0.0008952579622453453,-6.19824162704752e-05,0.0002628413035492169,-0.00022798507325559418,-0.0004125122919093823,1.4673242288308531e-05,0.0001634124348408569,-4.212150446062136e-05,0.0003961963647414024,-0.0009376996950203562,0.00034279540385503997,-0.00031358090325128837,-0.0004552423059132969,0.90625
0.00037594747858672245,0.0008952579622453353,-6.198241627072877e-05,0.0002628413035490428,-0.00022798507325610614,-0.0004125122919096065,1.467324228827449e-05,0.00016341243484060505,-4.21215044607254e-05,0.0003961963647413269,-0.0009376996950204643,0.0003427954038549324,-0.00031358090325146244,-0.0004552423059135561,0.9140625
0.00037594747858539957,0.000895257962244093,-6.198241627215003e-05,0.00026284130354774747,-0.0002279850732575056,-0.00041251229191086226,1.4673242286883217e-05,0.00016341243483911663,-4.21215044621227e-05,0.0003961963647400494,-0.0009376996950218253,0.0003427954038535051,-0.0003135809032527578,-0.00045524230591511156,0.921875
0.0003759474785836487,0.0008952579622421866,-6.198241627403247e-05,0.0002628413035459317,-0.00022798507325934707,-0.0004125122919126114,1.4673242284894348e-05,0.00016341243483725405,-4.2121504463906214e-05,0.00039619636473820185,-0.00093769969502364,0.00034279540385163357,-0.00031358090325457356,-0.0004552423059170127,0.9296875
0.00037594747858209703,0.000895257962240612,-6.198241627547704e-05,0.00026284130354451704,-0.00022798507326075626,-0.00041251229191412587,1.4673242283299944e-05,0.00016341243483585869,-4.212150446545397e-05,0.0003961963647367215,-0.0009376996950251523,0.0003427954038501709,-0.0003135809032559882,-0.00045524230591835214,0.9375
0.0003759474785813072,0.0008952579622396803,-6.198241627621024e-05,0.000262841303543671,-0.00022798507326145893,-0.0004125122919149983,1.4673242282751885e-05,0.00016341243483520816,-4.2121504466161815e-05,0.0003961963647358888,-0.0009376996950261461,0.0003427954038493859,-0.0003135809032568343,-0.0004552423059190867,0.9453125
0.00037594747858313185,0.0008952579622417374,-6.198241627413703e-05,0.0002628413035456739,-0.00022798507325934243,-0.0004125122919131738,1.4673242284787144e-05,0.0001634124348373463,-4.212150446428317e-05,0.00039619636473779457,-0.0009376996950240721,0.0003427954038512809,-0.0003135809032548314,-0.00045524230591718553,0.953125
0.00037594747858574277,0.0008952579622444425,-6.198241627139839e-05,0.00026284130354830307,-0.00022798507325693632,-0.00041251229191045953,1.4673242287409792e-05,0.00016341243483978716,-4.21215044614412e-05,0.0003961963647406595,-0.0009376996950213068,0.00034279540385389316,-0.0003135809032522022,-0.00045524230591437707,0.9609375
0.00037594747858636933,0.0008952579622450122,-6.198241627101151e-05,0.00026284130354875356,-0.00022798507325636353,-0.0004125122919102911,1.467324228785374e-05,0.00016341243484037298,-4.212150446099399e-05,0.00039619636474087035,-0.000937699695020702,0.00034279540385471536,-0.0003135809032517517,-0.00045524230591381535,0.96875
0.00037594747858544695,0.000895257962243981,-6.19824162719344e-05,0.000262841303547824,-0.00022798507325740917,-0.0004125122919109897,1.4673242286845126e-05,0.00016341243483946388,-4.212150446193067e-05,0.0003961963647400268,-0.0009376996950217929,0.0003427954038537348,-0.00031358090325268124,-0.00045524230591479834,0.9765625
0.0003759474785842555,0.0008952579622426917,-6.198241627343596e-05,0.0002628413035464322,-0.00022798507325864944,-0.00041251229191216363,1.4673242285722386e-05,0.00016341243483796643,-4.2121504463349944e-05,0.00039619636473875686,-0.0009376996950231863,0.0003427954038523256,-0.00031358090325407303,-0.0004552423059163106,0.984375
0.0003759474785853347,0.0008952579622437452,-6.198241627231621e-05,0.0002628413035475911,-0.0002279850732574162,-0.00041251229191113857,1.467324228652201e-05,0.00016341243483931312,-4.21215044621979e-05,0.0003961963647398699,-0.0009376996950219981,0.0003427954038535385,-0.0003135809032529142,-0.00045524230591493874,0.9921875
0.0003759474785859577,0.000895257962244695,-6.198241627159057e-05,0.0002628413035482258,-0.00022798507325673737,-0.00041251229191059473,1.4673242287180165e-05,0.00016341243484011797,-4.212150446146503e-05,0.00039619636474052085,-0.0009376996950212204,0.00034279540385416605,-0.00031358090325227944,-0.00045524230591424745,1.0
0.0003759474785859479,0.0008952579622444682,-6.198241627139934e-05,0.0002628413035482977,-0.00022798507325678656,-0.00041251229191038293,1.4673242287588325e-05,0.00016341243484000112,-4.212150446139783e-05,0.000396196364740621,-0.0009376996950212204,0.00034279540385427556,-0.00031358090325220756,-0.00045524230591424745,1.0078125
0.00037594747858358326,0.0008952579622423836,-6.198241627360614e-05,0.0002628413035460652,-0.0002279850732595219,-0.0004125122919127275,1.4673242285015176e-05,0.00016341243483768792,-4.212150446384386e-05,0.0003961963647380278,-0.0009376996950237265,0.00034279540385167743,-0.00031358090325444004,-0.00045524230591666707,1.015625
0.0003759474785825117,0.0008952579622409773,-6.198241627567851e-05,0.0002628413035453189,-0.00022798507326082118,-0.0004125122919138761,1.4673242283623064e-05,0.0001634124348358654,-4.212150446504271e-05,0.00039619636473731763,-0.0009376996950245906,0.0003427954038499711,-0.00031358090325518635,-0.0004552423059182009,1.0234375
0.00037594747858522577,0.0008952579622440878,-6.198241627228257e-05,0.0002628413035478545,-0.00022798507325770518,-0.0004125122919110343,1.4673242286709055e-05,0.00016341243483887434,-4.212150446255599e-05,0.0003961963647399301,-0.0009376996950218253,0.000342795403853027,-0.0003135809032526508,-0.00045524230591554367,1.03125
0.00037594747858721213,0.0008952579622459429,-6.198241627028295e-05,0.000262841303549529,-0.00022798507325553832,-0.000412512291909296,1.4673242288580852e-05,0.0001634124348410356,-4.212150446028592e-05,0.00039619636474170437,-0.000937699695020097,0.0003427954038553385,-0.0003135809032509763,-0.00045524230591303765,1.0390625
0.00037594747858644447,0.0008952579622450616,-6.198241627112626e-05,0.00026284130354865863,-0.00022798507325614398,-0.00041251229190984766,1.4673242288110178e-05,0.00016341243484092684,-4.212150446125888e-05,0.0003961963647409313,-0.0009376996950206156,0.0003427954038549435,-0.0003135809032518466,-0.00045524230591372894,1.046875
0.00037594747858519677,0.0008952579622442378,-6.198241627219218e-05,0.0002628413035478776,-0.00022798507325715354,-0.00041251229191094883,1.4673242287182069e-05,0.00016341243483951998,-4.212150446235112e-05,0.0003961963647402239,-0.0009376996950217389,0.00034279540385341096,-0.0003135809032526277,-0.0004552423059147659,1.0546875
0.00037594747858472373,0.0008952579622430201,-6.198241627306088e-05,0.0002628413035466279,-0.00022798507325839403,-0.00041251229191206095,1.4673242286237167e-05,0.0001634124348385342,-4.212150446316754e-05,0.00039619636473894594,-0.0009376996950227758,0.00034279540385245475,-0.00031358090325387734,-0.0004552423059158893,1.0625
0.0003759474785850122,0.0008952579622429884,-6.198241627238103e-05,0.0002628413035470025,-0.00022798507325801507,-0.0004125122919112139,1.4673242286459569e-05,0.00016341243483902274,-4.212150446244761e-05,0.00039619636473930205,-0.0009376996950223438,0.00034279540385324285,-0.00031358090325350274,-0.00045524230591545726,1.0703125
0.0003759474785843263,0.0008952579622427686,-6.198241627344741e-05,0.00026284130354632955,-0.00022798507325831247,-0.00041251229191253047,1.4673242285359044e-05,0.00016341243483873827,-4.212150446310769e-05,0.00039619636473900405,-0.0009376996950229487,0.00034279540385240124,-0.0003135809032541757,-0.00045524230591554367,1.078125
0.00037594747858377554,0.0008952579622425938,-6.198241627360358e-05,0.00026284130354613065,-0.0002279850732587528,-0.00041251229191259926,1.4673242285172632e-05,0.00016341243483801367,-4.212150446347317e-05,0.0003961963647386813,-0.0009376996950233376,0.00034279540385223883,-0.0003135809032543746,-0.00045524230591627817,1.0859375
0.00037594747858474,0.0008952579622433313,-6.198241627308201e-05,0.0002628413035468431,-0.0002279850732584653,-0.0004125122919119444,1.4673242286007495e-05,0.00016341243483815354,-4.2121504463174804e-05,0.00039619636473915606,-0.0009376996950226894,0.00034279540385240753,-0.0003135809032536622,-0.00045524230591597573,1.09375
0.0003759474785856526,0.0008952579622438647,-6.1982416272073e-05,0.0002628413035477199,-0.00022798507325797173,-0.00041251229191060574,1.4673242286531709e-05,0.00016341243483916862,-4.212150446208544e-05,0.0003961963647400968,-0.0009376996950219117,0.0003427954038532796,-0.0003135809032527854,-0.0004552423059152412,1.1015625
0.00037594747858504563,0.0008952579622433246,-6.198241627269302e-05,0.0002628413035473454,-0.00022798507325822595,-0.00041251229191099383,1.4673242285931149e-05,0.00016341243483832964,-4.212150446274577e-05,0.00039619636473945015,-0.0009376996950224086,0.00034279540385251335,-0.00031358090325315987,-0.0004552423059157165,1.109375
0.0003759474785835088,0.0008952579622422528,-6.198241627340122e-05,0.0002628413035463763,-0.00022798507325891466,-0.0004125122919125047,1.4673242284930672e-05,0.000163412434837574,-4.212150446377378e-05,0.00039619636473881264,-0.0009376996950231647,0.00034279540385218814,-0.000313580903254129,-0.000455242305916451,1.1171875
0.0003759474785849294,0.0008952579622432062,-6.198241627255135e-05,0.00026284130354724386,-0.00022798507325784038,-0.0004125122919114683,1.4673242286074895e-05,0.00016341243483874312,-4.212150446257345e-05,0.000396196364739304,-0.0009376996950221494,0.00034279540385307247,-0.0003135809032532614,-0.0004552423059153708,1.125
0.0003759474785855032,0.000895257962243808,-6.198241627193011e-05,0.00026284130354784575,-0.00022798507325743952,-0.00041251229191092883,1.4673242286754612e-05,0.0001634124348394852,-4.2121504462051456e-05,0.0003961963647399533,-0.0009376996950216525,0.0003427954038535792,-0.0003135809032526595,-0.0004552423059147659,1.1328125
0.0003759474785846967,0.0008952579622427775,-6.19824162728571e-05,0.00026284130354703764,-0.000227985073258382,-0.0004125122919117909,1.4673242286137869e-05,0.00016341243483870014,-4.2121504462666666e-05,0.0003961963647395001,-0.0009376996950225166,0.00034279540385265375,-0.0003135809032534676,-0.0004552423059158029,1.140625
0.00037594747858521547,0.0008952579622438497,-6.198241627222873e-05,0.0002628413035475239,-0.00022798507325762305,-0.00041251229191092834,1.4673242286601987e-05,0.00016341243483902803,-4.212150446208348e-05,0.0003961963647400958,-0.0009376996950217389,0.0003427954038532716,-0.00031358090325298135,-0.00045524230591511156,1.1484375
0.00037594747858800913,0.0008952579622469073,-6.198241626899982e-05,0.0002628413035504321,-0.00022798507325450716,-0.00041251229190808144,1.4673242289696407e-05,0.00016341243484216042,-4.212150445919016e-05,0.0003961963647427481,-0.0009376996950191465,0.00034279540385616977,-0.00031358090325007314,-0.0004552423059121735,1.15625
0.00037594747858700776,0.0008952579622459086,-6.198241627008579e-05,0.0002628413035495169,-0.0002279850732552463,-0.00041251229190934454,1.4673242288434899e-05,0.0001634124348414225,-4.2121504460278534e-05,0.00039619636474174817,-0.0009376996950200754,0.00034279540385534333,-0.00031358090325098837,-0.00045524230591308085,1.1640625
0.0003759474785829131,0.0008952579622416299,-6.198241627428161e-05,0.0002628413035453707,-0.00022798507325973277,-0.00041251229191322506,1.4673242284488032e-05,0.00016341243483703423,-4.212150446462753e-05,0.000396196364737544,-0.0009376996950240721,0.0003427954038511991,-0.0003135809032551346,-0.00045524230591731515,1.171875
0.000375947478581722,0.0008952579622401399,-6.198241627563598e-05,0.00026284130354407365,-0.00022798507326120322,-0.000412512291914508,1.467324228336785e-05,0.0001634124348354045,-4.212150446587935e-05,0.00039619636473638614,-0.0009376996950253683,0.00034279540385012355,-0.0003135809032564316,-0.0004552423059187842,1.1796875
0.00037594747858572586,0.0008952579622440338,-6.198241627202225e-05,0.00026284130354766724,-0.0002279850732573311,-0.00041251229191067534,1.4673242287005044e-05,0.00016341243483918936,-4.21215044619183e-05,0.00039619636474019445,-0.0009376996950218253,0.00034279540385380187,-0.000313580903252838,-0.00045524230591493874,1.1875
0.0003759474785878247,0.0008952579622468117,-6.198241626945625e-05,0.0002628413035501419,-0.00022798507325484248,-0.0004125122919085081,1.4673242289540033e-05,0.000163412434841903,-4.212150445945668e-05,0.0003961963647424017,-0.0009376996950194057,0.0003427954038561217,-0.0003135809032503634,-0.00045524230591251913,1.1953125
0.00037594747858582457,0.0008952579622445646,-6.198241627149142e-05,0.00026284130354796756,-0.0002279850732567426,-0.00041251229191051906,1.4673242287362982e-05,0.0001634124348398355,-4.212150446150275e-05,0.00039619636474032206,-0.00093769969502135,0.00034279540385395826,-0.0003135809032525377,-0.00045524230591429066,1.203125
0.0003759474785819932,0.0008952579622404916,-6.198241627507703e-05,0.0002628413035445399,-0.000227985073260655,-0.0004125122919142182,1.4673242283403292e-05,0.0001634124348361608,-4.2121504465258546e-05,0.00039619636473665405,-0.0009376996950249362,0.0003427954038503983,-0.00031358090325596535,-0.00045524230591856816,1.2109375
0.0003759474785837637,0.0008952579622419447,-6.198241627395387e-05,0.0002628413035459592,-0.00022798507325932877,-0.0004125122919125054,1.4673242284941193e-05,0.00016341243483738492,-4.212150446363141e-05,0.0003961963647382578,-0.00093769969502364,0.00034279540385170253,-0.00031358090325454607,-0.00045524230591666707,1.21875
0.0003759474785868064,0.000895257962245306,-6.198241627065541e-05,0.0002628413035492113,-0.00022798507325596062,-0.0004125122919095589,1.4673242288180048e-05,0.00016341243484069312,-4.2121504460688376e-05,0.0003961963647414632,-0.0009376996950202698,0.0003427954038550076,-0.00031358090325129395,-0.0004552423059134697,1.2265625
0.0003759474785860595,0.0008952579622443431,-6.198241627127268e-05,0.000262841303548234,-0.0002279850732567363,-0.000412512291910637,1.4673242287346778e-05,0.00016341243484006143,-4.212150446155046e-05,0.0003961963647403994,-0.0009376996950213068,0.0003427954038542319,-0.00031358090325227125,-0.000455242305914161,1.234375
0.0003759474785830327,0.0008952579622415014,-6.198241627449296e-05,0.00026284130354528265,-0.0002279850732596535,-0.00041251229191323303,1.4673242284287076e-05,0.00016341243483710167,-4.212150446442637e-05,0.0003961963647375138,-0.0009376996950242018,0.00034279540385119545,-0.0003135809032552226,-0.00045524230591718553,1.2421875
0.0003759474785836846,0.000895257962242219,-6.198241627382623e-05,0.0002628413035461769,-0.0002279850732592649,-0.0004125122919126514,1.4673242284974708e-05,0.00016341243483747138,-4.2121504463635434e-05,0.00039619636473833657,-0.0009376996950235536,0.0003427954038517278,-0.00031358090325432836,-0.00045524230591666707,1.25
0.0003759474785865155,0.0008952579622454527,-6.198241627082746e-05,0.00026284130354875654,-0.00022798507325629826,-0.0004125122919095186,1.4673242288218538e-05,0.00016341243484044914,-4.21215044607885e-05,0.0003961963647412137,-0.0009376996950204426,0.0003427954038545241,-0.0003135809032517487,-0.00045524230591372894,1.2578125
0.00037594747858780004,0.0008952579622464846,-6.19824162698698e-05,0.00026284130355021804,-0.00022798507325509765,-0.00041251229190854705,1.4673242289040095e-05,0.00016341243484163342,-4.212150445958216e-05,0.0003961963647424779,-0.0009376996950194921,0.0003427954038559962,-0.0003135809032502872,-0.00045524230591260554,1.265625
0.00037594747858549844,0.0008952579622438398,-6.198241627214092e-05,0.0002628413035476665,-0.00022798507325749246,-0.0004125122919109902,1.4673242286680012e-05,0.00016341243483911492,-4.212150446195156e-05,0.0003961963647397409,-0.0009376996950217389,0.0003427954038534997,-0.0003135809032528388,-0.00045524230591502515,1.2734375
0.0003759474785837986,0.0008952579622426534,-6.198241627350578e-05,0.00026284130354631773,-0.00022798507325885728,-0.00041251229191234447,1.4673242285579644e-05,0.0001634124348379662,-4.212150446366222e-05,0.00039619636473838134,-0.000937699695023208,0.00034279540385210786,-0.0003135809032541875,-0.0004552423059164942,1.28125
0.00037594747858475067,0.0008952579622432981,-6.19824162728522e-05,0.0002628413035471935,-0.0002279850732581362,-0.0004125122919116138,1.4673242286151669e-05,0.0001634124348386251,-4.212150446284109e-05,0.0003961963647389155,-0.0009376996950228622,0.00034279540385247047,-0.00031358090325331176,-0.0004552423059158029,1.2890625
0.0003759474785847746,0.0008952579622432214,-6.19824162725209e-05,0.00026284130354702214,-0.00022798507325788803,-0.0004125122919115101,1.4673242286021805e-05,0.00016341243483887664,-4.2121504462818895e-05,0.0003961963647391811,-0.0009376996950225166,0.0003427954038529106,-0.0003135809032534831,-0.0004552423059152844,1.296875
0.00037594747858377944,0.0008952579622417634,-6.198241627410545e-05,0.0002628413035459272,-0.00022798507325920303,-0.000412512291912677,1.4673242284640935e-05,0.00016341243483752868,-4.212150446405677e-05,0.00039619636473775603,-0.0009376996950238993,0.00034279540385170665,-0.00031358090325457806,-0.00045524230591666707,1.3046875
0.0003759474785840962,0.0008952579622421953,-6.198241627358596e-05,0.00026284130354592753,-0.000227985073258876,-0.00041251229191250466,1.467324228547739e-05,0.00016341243483756603,-4.212150446376802e-05,0.00039619636473843436,-0.0009376996950233808,0.0003427954038520025,-0.00031358090325457773,-0.0004552423059165806,1.3125
0.0003759474785857316,0.0008952579622439892,-6.198241627190597e-05,0.0002628413035475825,-0.0002279850732575444,-0.00041251229191052903,1.4673242286912269e-05,0.00016341243483933784,-4.2121504461488565e-05,0.00039619636474022026,-0.0009376996950217822,0.00034279540385366293,-0.00031358090325292275,-0.00045524230591493874,1.3203125
0.00037594747858628953,0.0008952579622451789,-6.198241627058124e-05,0.0002628413035488192,-0.00022798507325616935,-0.00041251229190963955,1.4673242288296637e-05,0.0001634124348407632,-4.212150446095577e-05,0.00039619636474153247,-0.000937699695020529,0.0003427954038546546,-0.00031358090325168606,-0.0004552423059136425,1.328125
0.000375947478586476,0.0008952579622450604,-6.19824162709149e-05,0.00026284130354887634,-0.00022798507325628807,-0.0004125122919098397,1.4673242287835846e-05,0.0001634124348403409,-4.2121504460898346e-05,0.0003961963647410695,-0.0009376996950207884,0.0003427954038547095,-0.0003135809032516289,-0.00045524230591385855,1.3359375
0.00037594747858563457,0.000895257962244274,-6.19824162717774e-05,0.00026284130354800963,-0.00022798507325691973,-0.0004125122919106675,1.4673242286572854e-05,0.00016341243483985365,-4.212150446200642e-05,0.0003961963647402681,-0.0009376996950214364,0.00034279540385378593,-0.00031358090325249563,-0.0004552423059146795,1.34375
0.0003759474785848268,0.0008952579622435372,-6.198241627260977e-05,0.0002628413035472275,-0.00022798507325798452,-0.00041251229191170187,1.4673242286144591e-05,0.0001634124348389021,-4.2121504462590006e-05,0.0003961963647395047,-0.0009376996950222574,0.00034279540385305745,-0.00031358090325327777,-0.00045524230591545726,1.3515625
0.0003759474785843301,0.0008952579622429694,-6.198241627328348e-05,0.0002628413035465227,-0.00022798507325856026,-0.00041251229191230804,1.467324228567166e-05,0.00016341243483816514,-4.212150446324367e-05,0.0003961963647388388,-0.0009376996950230783,0.0003427954038521166,-0.00031358090325398256,-0.00045524230591604056,1.359375
0.0003759474785860366,0.0008952579622445879,-6.19824162713116e-05,0.000262841303548491,-0.00022798507325700915,-0.00041251229191027847,1.4673242287688334e-05,0.00016341243483981394,-4.21215044613808e-05,0.00039619636474059724,-0.0009376996950213068,0.0003427954038542803,-0.00031358090325201424,-0.0004552423059145931,1.3671875
0.00037594747858666315,0.0008952579622447293,-6.198241627087167e-05,0.00026284130354884257,-0.0002279850732559231,-0.0004125122919097344,1.4673242288656598e-05,0.00016341243484068198,-4.212150446059126e-05,0.0003961963647409783,-0.0009376996950207884,0.00034279540385506003,-0.0003135809032516627,-0.00045524230591390176,1.375
0.00037594747858579617,0.0008952579622441702,-6.198241627160542e-05,0.0002628413035479246,-0.0002279850732569497,-0.00041251229191068537,1.4673242287118108e-05,0.00016341243483951375,-4.212150446173308e-05,0.0003961963647401934,-0.0009376996950213933,0.0003427954038538588,-0.0003135809032525807,-0.0004552423059145931,1.3828125
0.0003759474785832939,0.0008952579622418925,-6.19824162741164e-05,0.0002628413035456542,-0.00022798507325928643,-0.0004125122919130393,1.4673242284706624e-05,0.00016341243483719998,-4.212150446411721e-05,0.00039619636473791443,-0.0009376996950238129,0.00034279540385163444,-0.00031358090325485106,-0.0004552423059168399,1.390625
0.0003759474785820109,0.0008952579622406118,-6.19824162754123e-05,0.0002628413035444525,-0.00022798507326090778,-0.0004125122919141899,1.467324228349483e-05,0.00016341243483598776,-4.212150446549678e-05,0.0003961963647366567,-0.0009376996950253251,0.0003427954038501707,-0.00031358090325605273,-0.0004552423059184602,1.3984375
0.0003759474785835132,0.0008952579622419784,-6.198241627415168e-05,0.0002628413035459358,-0.00022798507325941404,-0.00041251229191278645,1.4673242284848029e-05,0.00016341243483730412,-4.212150446401104e-05,0.0003961963647381142,-0.0009376996950237265,0.0003427954038515369,-0.00031358090325456944,-0.0004552423059170127,1.40625
0.00037594747858448233,0.0008952579622429097,-6.198241627291255e-05,0.00026284130354671764,-0.00022798507325827392,-0.0004125122919119435,1.4673242285822485e-05,0.00016341243483836685,-4.212150446300598e-05,0.00039619636473877724,-0.0009376996950226463,0.0003427954038527472,-0.0003135809032537876,-0.00045524230591597573,1.4140625
0.0003759474785859133,0.0008952579622443818,-6.198241627164129e-05,0.00026284130354809604,-0.00022798507325696513,-0.00041251229191054426,1.4673242287138928e-05,0.00016341243483971313,-4.212150446168016e-05,0.0003961963647402983,-0.0009376996950214797,0.00034279540385394146,-0.0003135809032524092,-0.0004552423059145931,1.421875
0.00037594747858550224,0.0008952579622441821,-6.198241627205554e-05,0.00026284130354795916,-0.00022798507325748232,-0.0004125122919105766,1.4673242287118321e-05,0.00016341243483930908,-4.212150446188852e-05,0.00039619636474024465,-0.0009376996950216525,0.0003427954038536419,-0.0003135809032525461,-0.00045524230591493874,1.4296875
0.0003759474785841904,0.0008952579622429708,-6.198241627355961e-05,0.0002628413035466938,-0.00022798507325852408,-0.0004125122919122083,1.4673242285772992e-05,0.00016341243483799516,-4.212150446328029e-05,0.00039619636473895993,-0.0009376996950229487,0.00034279540385256664,-0.00031358090325381147,-0.00045524230591614855,1.4375
0.00037594747858393074,0.0008952579622427158,-6.19824162731824e-05,0.00026284130354658716,-0.00022798507325854321,-0.0004125122919124098,1.467324228562693e-05,0.0001634124348383574,-4.212150446319058e-05,0.000396196364738842,-0.0009376996950229487,0.0003427954038524451,-0.0003135809032539181,-0.00045524230591606214,1.4453125
0.0003759474785858026,0.0008952579622440896,-6.198241627121047e-05,0.0002628413035477079,-0.00022798507325646138,-0.0004125122919113193,1.4673242287146389e-05,0.00016341243483994418,-4.2121504461654455e-05,0.00039619636473984675,-0.0009376996950218253,0.00034279540385404484,-0.00031358090325279736,-0.0004552423059145931,1.453125
0.000375947478587412,0.000895257962245824,-6.198241626976987e-05,0.0002628413035497739,-0.00022798507325518373,-0.0004125122919093193,1.4673242288721331e-05,0.00016341243484159905,-4.2121504460190457e-05,0.00039619636474189524,-0.0009376996950197513,0.00034279540385580656,-0.00031358090325073136,-0.0004552423059129512,1.4609375
0.0003759474785889523,0.0008952579622475032,-6.198241626825935e-05,0.00026284130355113544,-0.0002279850732538442,-0.00041251229190741536,1.4673242290438462e-05,0.00016341243484257304,-4.212150445864031e-05,0.00039619636474324865,-0.0009376996950183688,0.0003427954038573229,-0.0003135809032493698,-0.00045524230591165496,1.46875
0.00037594747858619044,0.0008952579622446877,-6.198241627114341e-05,0.00026284130354872526,-0.00022798507325701143,-0.0004125122919099566,1.4673242287953816e-05,0.0001634124348396412,-4.2121504461303756e-05,0.00039619636474080264,-0.000937699695021134,0.00034279540385408723,-0.00031358090325178,-0.0004552423059144203,1.4765625
0.00037594747858327735,0.0008952579622417346,-6.198241627437115e-05,0.0002628413035452597,-0.00022798507325984404,-0.00041251229191305495,1.4673242284420342e-05,0.0001634124348371173,-4.212150446437119e-05,0.00039619636473780016,-0.0009376996950238993,0.00034279540385149837,-0.00031358090325524554,-0.00045524230591722874,1.484375
0.00037594747858353794,0.0008952579622417255,-6.198241627408869e-05,0.00026284130354558866,-0.00022798507325948934,-0.0004125122919131982,1.4673242284626704e-05,0.0001634124348369393,-4.2121504463973936e-05,0.0003961963647378053,-0.0009376996950237265,0.0003427954038514532,-0.0003135809032549166,-0.0004552423059169263,1.4921875
0.0003759474785832952,0.0008952579622418677,-6.198241627404605e-05,0.00026284130354557196,-0.0002279850732594869,-0.0004125122919129285,1.4673242284543738e-05,0.00016341243483733363,-4.2121504464455816e-05,0.00039619636473772844,-0.0009376996950238993,0.00034279540385135623,-0.0003135809032549333,-0.0004552423059170991,1.5
0.0003759474785828052,0.000895257962241339,-6.198241627461946e-05,0.0002628413035450383,-0.0002279850732599719,-0.0004125122919134224,1.4673242284354739e-05,0.0001634124348366778,-4.212150446460111e-05,0.00039619636473745695,-0.0009376996950245906,0.0003427954038509129,-0.00031358090325546694,-0.0004552423059175312,1.5078125
0.0003759474785845338,0.0008952579622430042,-6.198241627287552e-05,0.0002628413035469371,-0.00022798507325839053,-0.00041251229191171433,1.4673242285816323e-05,0.00016341243483844226,-4.212150446305055e-05,0.00039619636473919834,-0.0009376996950228191,0.0003427954038524866,-0.0003135809032535682,-0.0004552423059158893,1.515625
0.0003759474785857811,0.0008952579622444706,-6.198241627159738e-05,0.00026284130354812174,-0.00022798507325686143,-0.0004125122919106233,1.4673242287134683e-05,0.00016341243483961743,-4.212150446175586e-05,0.0003961963647404137,-0.0009376996950213933,0.00034279540385400033,-0.0003135809032523835,-0.0004552423059145067,1.5234375
0.00037594747858666917,0.0008952579622452108,-6.19824162704334e-05,0.00026284130354917986,-0.0002279850732559456,-0.00041251229190984376,1.4673242288100893e-05,0.00016341243484054434,-4.2121504460959705e-05,0.0003961963647412292,-0.0009376996950203995,0.0003427954038548214,-0.0003135809032513254,-0.00045524230591316726,1.53125
0.0003759474785848561,0.0008952579622435283,-6.198241627241156e-05,0.0002628413035472467,-0.00022798507325772418,-0.00041251229191149435,1.4673242286337972e-05,0.0001634124348387709,-4.212150446258092e-05,0.00039619636473949823,-0.0009376996950220845,0.0003427954038532226,-0.0003135809032532586,-0.0004552423059153708,1.5390625
0.0003759474785840854,0.0008952579622426184,-6.198241627348384e-05,0.0002628413035464146,-0.0002279850732587022,-0.00041251229191232387,1.4673242285318339e-05,0.0001634124348379951,-4.212150446382003e-05,0.0003961963647384294,-0.000937699695023208,0.0003427954038523845,-0.00031358090325409065,-0.00045524230591614855,1.546875
0.0003759474785852313,0.0008952579622437331,-6.198241627231553e-05,0.0002628413035477368,-0.00022798507325767742,-0.00041251229191084773,1.4673242286993154e-05,0.0001634124348392653,-4.212150446214869e-05,0.000396196364739558,-0.0009376996950218469,0.00034279540385329007,-0.00031358090325276847,-0.00045524230591506836,1.5546875
0.0003759474785863335,0.0008952579622450216,-6.198241627098652e-05,0.00026284130354866525,-0.000227985073256388,-0.00041251229191014707,1.4673242287833354e-05,0.00016341243484030177,-4.2121504461134756e-05,0.000396196364741013,-0.0009376996950207884,0.0003427954038545336,-0.00031358090325184,-0.00045524230591398817,1.5625
0.00037594747858498795,0.0008952579622434556,-6.198241627239449e-05,0.00026284130354728603,-0.00022798507325783398,-0.00041251229191141125,1.467324228630028e-05,0.0001634124348388151,-4.212150446254771e-05,0.00039619636473966043,-0.0009376996950218253,0.0003427954038531593,-0.0003135809032532192,-0.0004552423059152844,1.5703125
0.0003759474785815749,0.0008952579622395823,-6.198241627628717e-05,0.00026284130354366485,-0.0002279850732613263,-0.00041251229191484724,1.4673242282435733e-05,0.00016341243483529105,-4.2121504466204147e-05,0.00039619636473599176,-0.0009376996950254548,0.0003427954038495612,-0.0003135809032568404,-0.0004552423059194323,1.578125
0.00037594747858214517,0.0008952579622403993,-6.19824162751779e-05,0.000262841303544851,-0.00022798507326060664,-0.00041251229191392985,1.4673242283643902e-05,0.000163412434836226,-4.212150446526622e-05,0.0003961963647363343,-0.0009376996950249362,0.00034279540385040024,-0.00031358090325565424,-0.0004552423059180497,1.5859375
0.000375947478585632,0.0008952579622440562,-6.198241627180812e-05,0.00026284130354789655,-0.0002279850732571997,-0.00041251229191094927,1.4673242287102912e-05,0.00016341243483932442,-4.2121504461797915e-05,0.0003961963647398676,-0.0009376996950218253,0.0003427954038533472,-0.0003135809032526087,-0.00045524230591489554,1.59375
0.0003759474785869175,0.0008952579622463992,-6.198241627007688e-05,0.0002628413035496694,-0.00022798507325499844,-0.00041251229190956696,1.4673242289072804e-05,0.00016341243484104516,-4.2121504459537686e-05,0.00039619636474234546,-0.0009376996950196649,0.00034279540385528235,-0.0003135809032508359,-0.00045524230591260554,1.6015625
0.0003759474785853828,0.0008952579622444162,-6.198241627196798e-05,0.00026284130354770443,-0.00022798507325706957,-0.0004125122919107416,1.4673242286938645e-05,0.00016341243483931252,-4.212150446210572e-05,0.0003961963647401969,-0.0009376996950218253,0.0003427954038536487,-0.00031358090325280083,-0.0004552423059147659,1.609375
0.0003759474785849056,0.0008952579622435621,-6.198241627256694e-05,0.00026284130354718087,-0.00022798507325792072,-0.0004125122919114489,1.4673242286325131e-05,0.00016341243483876817,-4.212150446250008e-05,0.00039619636473949764,-0.000937699695022171,0.0003427954038529638,-0.0003135809032533244,-0.0004552423059152844,1.6171875
0.00037594747858702056,0.0008952579622451861,-6.198241627078651e-05,0.00026284130354878093,-0.00022798507325617065,-0.0004125122919094028,1.4673242288210401e-05,0.0001634124348402745,-4.212150446070477e-05,0.00039619636474122764,-0.0009376996950201834,0.00034279540385470013,-0.00031358090325172433,-0.0004552423059134697,1.625
0.00037594747858815203,0.0008952579622472841,-6.198241626900346e-05,0.0002628413035506355,-0.00022798507325427728,-0.0004125122919080167,1.467324228976141e-05,0.00016341243484214858,-4.212150445935842e-05,0.0003961963647429777,-0.0009376996950184552,0.0003427954038566242,-0.00031358090324986975,-0.0004552423059121735,1.6328125
0.0003759474785862592,0.0008952579622452301,-6.198241627081649e-05,0.00026284130354938467,-0.0002279850732561955,-0.00041251229190991526,1.4673242288152682e-05,0.00016341243484068686,-4.2121504460831417e-05,0.0003961963647411153,-0.0009376996950206156,0.0003427954038546876,-0.0003135809032511206,-0.0004552423059135561,1.640625
0.0003759474785834068,0.0008952579622419344,-6.198241627373422e-05,0.000262841303545967,-0.0002279850732594012,-0.00041251229191301126,1.4673242284512397e-05,0.00016341243483732214,-4.212150446373356e-05,0.0003961963647379881,-0.0009376996950237696,0.0003427954038512118,-0.00031358090325453827,-0.00045524230591714233,1.6484375
0.00037594747858460794,0.0008952579622429919,-6.19824162728879e-05,0.0002628413035470113,-0.0002279850732583166,-0.00041251229191181283,1.4673242286149812e-05,0.0001634124348383433,-4.212150446280349e-05,0.000396196364739186,-0.0009376996950227327,0.00034279540385264703,-0.00031358090325349396,-0.0004552423059159109,1.65625
0.00037594747858410503,0.0008952579622426162,-6.198241627379558e-05,0.0002628413035466767,-0.0002279850732588604,-0.00041251229191217924,1.4673242285374055e-05,0.00016341243483790406,-4.212150446340188e-05,0.00039619636473887867,-0.000937699695023316,0.000342795403852176,-0.00031358090325382855,-0.0004552423059164078,1.6640625
0.00037594747858285603,0.0008952579622408569,-6.198241627483758e-05,0.0002628413035442266,-0.00022798507326075816,-0.0004125122919141364,1.4673242283935099e-05,0.00016341243483575544,-4.212150446554085e-05,0.00039619636473698126,-0.0009376996950247202,0.0003427954038510389,-0.0003135809032562787,-0.0004552423059177472,1.671875
0.00037594747858457405,0.0008952579622430334,-6.198241627338633e-05,0.0002628413035464446,-0.00022798507325800136,-0.00041251229191235065,1.4673242284960198e-05,0.00016341243483842442,-4.212150446346024e-05,0.0003961963647382087,-0.0009376996950230352,0.0003427954038521522,-0.0003135809032540607,-0.00045524230591632137,1.6796875
0.0003759474785865395,0.0008952579622451403,-6.198241627078296e-05,0.00026284130354904363,-0.0002279850732560961,-0.00041251229190985314,1.467324228812436e-05,0.00016341243484076576,-4.212150446075686e-05,0.00039619636474121875,-0.0009376996950206156,0.00034279540385491046,-0.0003135809032514616,-0.0004552423059135561,1.6875
0.00037594747858602515,0.0008952579622447516,-6.198241627127115e-05,0.0002628413035483376,-0.0002279850732565956,-0.0004125122919103449,1.4673242287553649e-05,0.0001634124348400821,-4.2121504461352e-05,0.000396196364740539,-0.0009376996950212636,0.0003427954038541818,-0.00031358090325216766,-0.00045524230591398817,1.6953125
0.00037594747858424896,0.0008952579622424697,-6.198241627361485e-05,0.0002628413035464112,-0.00022798507325877035,-0.00041251229191219973,1.4673242285499506e-05,0.00016341243483781705,-4.2121504463385505e-05,0.00039619636473873636,-0.000937699695023208,0.0003427954038522476,-0.00031358090325409407,-0.00045524230591632137,1.703125
0.00037594747858268966,0.0008952579622409412,-6.19824162747215e-05,0.00026284130354502135,-0.00022798507326055465,-0.000412512291913527,1.4673242284275674e-05,0.00016341243483665132,-4.2121504464778746e-05,0.0003961963647374535,-0.0009376996950244177,0.0003427954038508851,-0.0003135809032554839,-0.0004552423059178769,1.7109375
0.0003759474785849466,0.0008952579622433163,-6.1982416272285e-05,0.0002628413035475004,-0.0002279850732581424,-0.0004125122919109191,1.4673242286896416e-05,0.00016341243483890966,-4.212150446199125e-05,0.0003961963647399825,-0.0009376996950219981,0.0003427954038533588,-0.0003135809032530049,-0.000455242305915198,1.71875
0.00037594747858699177,0.0008952579622453184,-6.198241626973578e-05,0.00026284130354938234,-0.0002279850732558045,-0.0004125122919092724,1.4673242288754413e-05,0.00016341243484073388,-4.2121504460358894e-05,0.00039619636474189324,-0.0009376996950204426,0.00034279540385555275,-0.0003135809032511229,-0.0004552423059135561,1.7265625
0.00037594747858626064,0.0008952579622446789,-6.198241627132751e-05,0.00026284130354836254,-0.0002279850732567601,-0.00041251229191041156,1.4673242287502991e-05,0.00016341243484015505,-4.212150446132168e-05,0.0003961963647407041,-0.0009376996950211123,0.00034279540385424964,-0.0003135809032521427,-0.0004552423059140314,1.734375
0.00037594747858589613,0.0008952579622445074,-6.19824162715777e-05,0.000262841303548231,-0.0002279850732569053,-0.00041251229191055397,1.4673242287448618e-05,0.00016341243483985565,-4.212150446160905e-05,0.0003961963647403413,-0.0009376996950212204,0.0003427954038540689,-0.00031358090325227423,-0.0004552423059145499,1.7421875
0.00037594747858700603,0.0008952579622455096,-6.198241627069808e-05,0.00026284130354914165,-0.00022798507325587678,-0.00041251229190922343,1.467324228878166e-05,0.0001634124348408171,-4.212150446050881e-05,0.0003961963647412377,-0.0009376996950203131,0.00034279540385493177,-0.0003135809032513636,-0.0004552423059135561,1.75
0.00037594747858715706,0.0008952579622460635,-6.19824162702424e-05,0.000262841303549908,-0.00022798507325533316,-0.0004125122919090969,1.4673242288877609e-05,0.0001634124348412541,-4.212150445999123e-05,0.0003961963647419198,-0.000937699695019989,0.0003427954038554202,-0.00031358090325059725,-0.00045524230591299444,1.7578125
0.0003759474785860113,0.0008952579622446384,-6.198241627132237e-05,0.0002628413035483589,-0.00022798507325687346,-0.0004125122919102511,1.4673242287472168e-05,0.00016341243483992333,-4.212150446142532e-05,0.0003961963647406524,-0.0009376996950212204,0.0003427954038540955,-0.00031358090325214635,-0.00045524230591433387,1.765625
0.00037594747858402344,0.0008952579622428824,-6.198241627358772e-05,0.0002628413035461454,-0.00022798507325892225,-0.0004125122919121589,1.4673242285320545e-05,0.00016341243483783714,-4.212150446326492e-05,0.0003961963647387556,-0.000937699695023316,0.00034279540385231505,-0.00031358090325435986,-0.00045524230591627817,1.7734375
0.000375947478583593,0.0008952579622423021,-6.198241627395249e-05,0.00026284130354589305,-0.00022798507325929188,-0.0004125122919127686,1.4673242285040965e-05,0.00016341243483745726,-4.212150446393864e-05,0.00039619636473816927,-0.0009376996950235536,0.00034279540385175056,-0.0003135809032546122,-0.0004552423059167967,1.78125
0.0003759474785838761,0.0008952579622422981,-6.198241627353674e-05,0.00026284130354632326,-0.0002279850732589677,-0.0004125122919125401,1.4673242285290085e-05,0.0001634124348378627,-4.212150446362059e-05,0.0003961963647383217,-0.0009376996950233808,0.00034279540385204085,-0.000313580903254182,-0.00045524230591655903,1.7890625
0.00037594747858255955,0.0008952579622410203,-6.1982416274741e-05,0.000262841303544916,-0.0002279850732599819,-0.0004125122919138911,1.4673242283874197e-05,0.0001634124348366065,-4.212150446477292e-05,0.00039619636473702663,-0.0009376996950241369,0.00034279540385084086,-0.00031358090325558924,-0.00045524230591748797,1.796875
0.00037594747858346085,0.0008952579622417895,-6.198241627389937e-05,0.00026284130354578333,-0.00022798507325917872,-0.0004125122919130845,1.4673242284588585e-05,0.00016341243483736996,-4.2121504464025944e-05,0.0003961963647379977,-0.0009376996950234672,0.0003427954038515436,-0.00031358090325472193,-0.00045524230591666707,1.8046875
0.00037594747858655874,0.0008952579622448478,-6.198241627091389e-05,0.0002628413035487998,-0.0002279850732563847,-0.0004125122919096914,1.4673242288045778e-05,0.00016341243484040586,-4.212150446091806e-05,0.0003961963647410841,-0.0009376996950207667,0.00034279540385469693,-0.00031358090325170546,-0.0004552423059138802,1.8125
0.0003759474785863871,0.0008952579622449803,-6.198241627122847e-05,0.000262841303548508,-0.00022798507325665058,-0.0004125122919099604,1.4673242287945673e-05,0.0001634124348401887,-4.212150446124364e-05,0.00039619636474090856,-0.0009376996950212204,0.0003427954038544161,-0.0003135809032519973,-0.00045524230591398817,1.8203125
0.0003759474785851302,0.0008952579622434205,-6.198241627306175e-05,0.0002628413035469582,-0.00022798507325826316,-0.00041251229191131307,1.4673242286069527e-05,0.00016341243483836474,-4.2121504462826965e-05,0.00039619636473981943,-0.0009376996950223006,0.00034279540385287563,-0.00031358090325354703,-0.00045524230591550047,1.828125
0.0003759474785831444,0.0008952579622411564,-6.198241627465697e-05,0.00026284130354565637,-0.00022798507326017418,-0.0004125122919133586,1.467324228371572e-05,0.00016341243483613795,-4.21215044651733e-05,0.0003961963647368341,-0.0009376996950241585,0.00034279540385094223,-0.0003135809032548489,-0.000455242305917704,1.8359375
0.00037594747858480347,0.0008952579622431558,-6.19824162727134e-05,0.00026284130354699433,-0.00022798507325815613,-0.0004125122919116324,1.4673242286053435e-05,0.00016341243483853292,-4.212150446281697e-05,0.0003961963647389751,-0.000937699695022603,0.0003427954038527316,-0.00031358090325351093,-0.0004552423059157165,1.84375
0.000375947478588334,0.0008952579622468791,-6.198241626919842e-05,0.00026284130355035465,-0.0002279850732544787,-0.00041251229190821074,1.4673242289764612e-05,0.00016341243484267523,-4.2121504458978766e-05,0.000396196364742752,-0.0009376996950191032,0.00034279540385646,-0.0003135809032501506,-0.0004552423059121735,1.8515625
0.0003759474785896091,0.0008952579622488858,-6.19824162671187e-05,0.0002628413035522878,-0.00022798507325295716,-0.00041251229190642424,1.4673242291717551e-05,0.00016341243484389788,-4.212150445716536e-05,0.0003961963647448847,-0.0009376996950173102,0.0003427954038584866,-0.0003135809032482175,-0.0004552423059100995,1.859375
0.00037594747858640923,0.000895257962245298,-6.198241627017395e-05,0.00026284130354915016,-0.00022798507325591597,-0.00041251229190981703,1.4673242288358916e-05,0.0001634124348403442,-4.212150446041348e-05,0.0003961963647420647,-0.0009376996950204426,0.00034279540385485056,-0.0003135809032513551,-0.0004552423059132537,1.8671875
0.0003759474785830063,0.0008952579622409539,-6.198241627424027e-05,0.0002628413035454006,-0.00022798507326008611,-0.00041251229191363874,1.4673242284196754e-05,0.000163412434837172,-4.2121504464552995e-05,0.00039619636473784607,-0.0009376996950244177,0.0003427954038509581,-0.0003135809032551047,-0.0004552423059175312,1.875
0.00037594747858185905,0.0008952579622402196,-6.198241627572441e-05,0.00026284130354445713,-0.00022798507326085148,-0.0004125122919143872,1.4673242283379979e-05,0.00016341243483585077,-4.212150446559514e-05,0.0003961963647364145,-0.0009376996950252819,0.0003427954038497023,-0.0003135809032560482,-0.00045524230591856816,1.8828125
0.0003759474785833253,0.0008952579622418089,-6.198241627404643e-05,0.00026284130354547764,-0.0002279850732595076,-0.0004125122919131168,1.467324228454597e-05,0.00016341243483720613,-4.212150446432905e-05,0.00039619636473777636,-0.0009376996950239857,0.0003427954038515668,-0.0003135809032550276,-0.0004552423059170127,1.890625
0.0003759474785859314,0.0008952579622445068,-6.198241627137913e-05,0.00026284130354821747,-0.0002279850732567707,-0.0004125122919105635,1.4673242287294238e-05,0.0001634124348397534,-4.212150446171461e-05,0.000396196364740491,-0.000937699695021134,0.00034279540385427306,-0.0003135809032522878,-0.00045524230591424745,1.8984375
0.00037594747858615287,0.0008952579622449261,-6.198241627135706e-05,0.0002628413035483066,-0.00022798507325669432,-0.00041251229191014826,1.4673242287550594e-05,0.00016341243484010017,-4.212150446145547e-05,0.00039619636474072636,-0.000937699695021134,0.00034279540385425474,-0.00031358090325219867,-0.0004552423059144203,1.90625
0.00037594747858587987,0.0008952579622444988,-6.198241627163217e-05,0.00026284130354840114,-0.0002279850732568412,-0.0004125122919100296,1.4673242287516249e-05,0.00016341243483977903,-4.2121504461900636e-05,0.00039619636474073244,-0.0009376996950213068,0.00034279540385395767,-0.0003135809032521041,-0.0004552423059145931,1.9140625
0.00037594747858612224,0.0008952579622444432,-6.198241627167471e-05,0.00026284130354827336,-0.00022798507325669928,-0.0004125122919107611,1.4673242287166616e-05,0.0001634124348397598,-4.212150446170726e-05,0.0003961963647407518,-0.000937699695021134,0.0003427954038538532,-0.0003135809032522319,-0.00045524230591424745,1.921875
0.00037594747858629794,0.0008952579622448285,-6.198241627078138e-05,0.00026284130354864714,-0.00022798507325616643,-0.0004125122919101292,1.4673242287526198e-05,0.00016341243484028323,-4.2121504461329784e-05,0.00039619636474108713,-0.0009376996950210476,0.0003427954038545052,-0.0003135809032518581,-0.00045524230591372894,1.9296875
0.0003759474785839685,0.000895257962242286,-6.198241627354286e-05,0.00026284130354637444,-0.00022798507325854977,-0.0004125122919122591,1.4673242285172258e-05,0.00016341243483771094,-4.2121504463481085e-05,0.00039619636473877756,-0.0009376996950231216,0.0003427954038520328,-0.0003135809032541308,-0.00045524230591632137,1.9375
0.0003759474785817578,0.0008952579622399659,-6.198241627599924e-05,0.0002628413035443343,-0.00022798507326117002,-0.00041251229191448745,1.467324228286859e-05,0.00016341243483540213,-4.212150446582581e-05,0.00039619636473624774,-0.0009376996950255412,0.00034279540385022666,-0.00031358090325617097,-0.000455242305918741,1.9453125
0.00037594747858173263,0.0008952579622400987,-6.198241627597666e-05,0.00026284130354401315,-0.00022798507326134604,-0.00041251229191437464,1.4673242283078806e-05,0.00016341243483537315,-4.212150446583807e-05,0.00039619636473623354,-0.0009376996950256276,0.0003427954038498539,-0.0003135809032564921,-0.0004552423059189138,1.953125
0.00037594747858555965,0.0008952579622441151,-6.198241627197299e-05,0.0002628413035478827,-0.00022798507325706973,-0.00041251229191087684,1.4673242287173926e-05,0.00016341243483946837,-4.2121504462077165e-05,0.000396196364740053,-0.0009376996950217389,0.0003427954038534694,-0.00031358090325262253,-0.0004552423059147659,1.9609375
0.00037594747858767487,0.0008952579622468263,-6.198241626948214e-05,0.00026284130355036745,-0.0002279850732545121,-0.00041251229190876563,1.4673242289479405e-05,0.00016341243484194155,-4.2121504459417434e-05,0.00039619636474270807,-0.00093769969501906,0.0003427954038559364,-0.0003135809032501378,-0.0004552423059121735,1.96875
0.000375947478587028,0.000895257962247273,-6.198241626957282e-05,0.000262841303549599,-0.00022798507325428956,-0.0004125122919083106,1.4673242289332135e-05,0.00016341243484178597,-4.212150445909754e-05,0.0003961963647428416,-0.0009376996950191465,0.0003427954038561401,-0.00031358090325090624,-0.00045524230591251913,1.9765625
0.00037594747858571404,0.0008952579622447712,-6.19824162710881e-05,0.00026284130354841225,-0.00022798507325691848,-0.0004125122919107243,1.467324228814049e-05,0.0001634124348399878,-4.2121504460891644e-05,0.0003961963647402869,-0.0009376996950213068,0.0003427954038543248,-0.000313580903252093,-0.0004552423059141178,1.984375
0.0003759474785846067,0.0008952579622433072,-6.198241627305252e-05,0.0002628413035468788,-0.00022798507325804283,-0.00041251229191174036,1.4673242286100608e-05,0.00016341243483853696,-4.21215044627215e-05,0.0003961963647392358,-0.0009376996950226894,0.0003427954038528728,-0.00031358090325362645,-0.0004552423059156301,1.9921875
0.00037594747858486245,0.0008952579622436324,-6.198241627237598e-05,0.00026284130354730934,-0.00022798507325754667,-0.0004125122919116422,1.4673242286448488e-05,0.00016341243483833424,-4.212150446263475e-05,0.0003961963647391365,-0.0009376996950222574,0.0003427954038533747,-0.0003135809032531959,-0.0004552423059153708,2.0
0.0003759474785839777,0.0008952579622429736,-6.198241627362141e-05,0.0002628413035461859,-0.0002279850732588093,-0.0004125122919125357,1.4673242285150003e-05,0.0001634124348372056,-4.212150446350007e-05,0.00039619636473858127,-0.00093769969502364,0.00034279540385228155,-0.00031358090325431937,-0.0004552423059164942,2.0078125
0.0003759474785841195,0.0008952579622426423,-6.198241627331247e-05,0.0002628413035463827,-0.00022798507325869863,-0.00041251229191212704,1.4673242285413486e-05,0.00016341243483809022,-4.2121504463572395e-05,0.0003961963647386211,-0.0009376996950231647,0.00034279540385218993,-0.0003135809032541226,-0.00045524230591619175,2.015625
0.0003759474785843528,0.0008952579622430186,-6.198241627298303e-05,0.00026284130354685783,-0.0002279850732583942,-0.0004125122919118491,1.4673242286029413e-05,0.0001634124348384587,-4.21215044629391e-05,0.0003961963647390142,-0.00093769969502263,0.00034279540385270677,-0.00031358090325364743,-0.0004552423059158623,2.0234375
0.0003759474785854485,0.0008952579622440305,-6.19824162720448e-05,0.0002628413035480603,-0.000227985073257227,-0.0004125122919107307,1.4673242286794716e-05,0.0001634124348392041,-4.2121504462021356e-05,0.00039619636473993506,-0.0009376996950218253,0.00034279540385345454,-0.00031358090325244494,-0.0004552423059147659,2.03125
0.0003759474785851229,0.0008952579622438828,-6.19824162722339e-05,0.0002628413035476453,-0.00022798507325745828,-0.00041251229191093956,1.4673242286589824e-05,0.00016341243483898466,-4.212150446213688e-05,0.0003961963647393001,-0.000937699695022171,0.0003427954038533548,-0.00031358090325286,-0.00045524230591493874,2.0390625
0.0003759474785850197,0.0008952579622437194,-6.198241627239529e-05,0.0002628413035475824,-0.00022798507325768369,-0.0004125122919112064,1.4673242286283533e-05,0.0001634124348391165,-4.2121504462181025e-05,0.0003961963647396651,-0.000937699695022171,0.0003427954038534123,-0.00031358090325292286,-0.00045524230591493874,2.046875
0.0003759474785863018,0.0008952579622446444,-6.198241627122877e-05,0.00026284130354868216,-0.00022798507325687864,-0.00041251229191007627,1.4673242287634193e-05,0.0001634124348399597,-4.212150446110167e-05,0.00039619636474066,-0.000937699695021134,0.000342795403854502,-0.0003135809032518231,-0.00045524230591424745,2.0546875
0.00037594747858569815,0.0008952579622440678,-6.198241627203581e-05,0.0002628413035479459,-0.00022798507325736582,-0.00041251229191063913,1.4673242287102558e-05,0.00016341243483930634,-4.212150446184633e-05,0.00039619636474015244,-0.0009376996950214581,0.00034279540385369795,-0.0003135809032525594,-0.00045524230591483076,2.0625
0.00037594747858470194,0.0008952579622432126,-6.19824162727957e-05,0.00026284130354712004,-0.00022798507325806717,-0.00041251229191142827,1.4673242286287968e-05,0.00016341243483853387,-4.212150446268005e-05,0.00039619636473933604,-0.0009376996950223438,0.0003427954038528973,-0.0003135809032533852,-0.0004552423059156301,2.0703125
0.0003759474785839221,0.0008952579622424506,-6.198241627341967e-05,0.00026284130354625664,-0.0002279850732588321,-0.00041251229191255275,1.4673242285224979e-05,0.00016341243483803847,-4.212150446354063e-05,0.0003961963647383477,-0.000937699695023208,0.00034279540385213014,-0.0003135809032542486,-0.0004552423059164942,2.078125
0.0003759474785834735,0.0008952579622418077,-6.198241627375295e-05,0.00026284130354583917,-0.00022798507325916045,-0.00041251229191303283,1.4673242284902271e-05,0.00016341243483743414,-4.212150446405655e-05,0.0003961963647381104,-0.0009376996950238129,0.0003427954038518197,-0.0003135809032546661,-0.00045524230591666707,2.0859375
0.0003759474785836324,0.000895257962241954,-6.198241627363132e-05,0.0002628413035458747,-0.00022798507325902048,-0.0004125122919127377,1.4673242284950239e-05,0.00016341243483763567,-4.2121504463885174e-05,0.000396196364738195,-0.00093769969502364,0.00034279540385171906,-0.0003135809032546306,-0.0004552423059167535,2.09375
0.00037594747858356276,0.0008952579622421369,-6.198241627376325e-05,0.00026284130354577905,-0.00022798507325909315,-0.0004125122919128186,1.4673242285062627e-05,0.00016341243483751497,-4.2121504463768425e-05,0.0003961963647381121,-0.0009376996950238993,0.0003427954038516563,-0.0003135809032547262,-0.00045524230591666707,2.1015625
0.00037594747858652415,0.0008952579622453069,-6.198241627089661e-05,0.0002628413035486882,-0.00022798507325626446,-0.00041251229190999127,1.4673242287834074e-05,0.00016341243484043467,-4.21215044609933e-05,0.00039619636474118097,-0.0009376996950207884,0.000342795403854532,-0.0003135809032518171,-0.00045524230591398817,2.109375
0.0003759474785868597,0.0008952579622458102,-6.198241627039427e-05,0.00026284130354927007,-0.00022798507325580758,-0.00041251229190939745,1.467324228850886e-05,0.00016341243484091093,-4.21215044604946e-05,0.00039619636474156234,-0.0009376996950203995,0.0003427954038550473,-0.0003135809032512352,-0.0004552423059132969,2.1171875
0.0003759474785859913,0.0008952579622444858,-6.198241627121478e-05,0.0002628413035484256,-0.00022798507325689677,-0.00041251229191029,1.4673242287690782e-05,0.00016341243484004983,-4.212150446125025e-05,0.00039619636474047954,-0.0009376996950210908,0.0003427954038542892,-0.0003135809032520797,-0.000455242305914161,2.125
0.00037594747858422695,0.0008952579622427912,-6.198241627323865e-05,0.0002628413035465623,-0.00022798507325852473,-0.0004125122919120145,1.4673242285618687e-05,0.00016341243483815888,-4.212150446313695e-05,0.000396196364738778,-0.0009376996950229919,0.0003427954038523643,-0.000313580903253943,-0.00045524230591606214,2.1328125
0.0003759474785850057,0.0008952579622434277,-6.198241627258001e-05,0.0002628413035473232,-0.00022798507325783816,-0.0004125122919115401,1.4673242286333244e-05,0.00016341243483903545,-4.2121504462620635e-05,0.00039619636473962406,-0.0009376996950223654,0.0003427954038533432,-0.00031358090325318204,-0.00045524230591545726,2.140625
0.0003759474785863349,0.0008952579622446839,-6.198241627122012e-05,0.00026284130354868693,-0.00022798507325648664,-0.00041251229191015086,1.4673242287701202e-05,0.0001634124348400977,-4.212150446128718e-05,0.0003961963647407376,-0.0009376996950209612,0.0003427954038544742,-0.00031358090325181833,-0.0004552423059140746,2.1484375
0.00037594747858600845,0.0008952579622446017,-6.198241627120375e-05,0.000262841303548523,-0.0002279850732568178,-0.00041251229191047363,1.4673242287451725e-05,0.0001634124348399159,-4.212150446143991e-05,0.00039619636474028997,-0.000937699695021134,0.00034279540385422004,-0.00031358090325198226,-0.00045524230591424745,2.15625
0.0003759474785851121,0.0008952579622436019,-6.198241627251477e-05,0.0002628413035473933,-0.00022798507325775717,-0.0004125122919111627,1.4673242286417092e-05,0.00016341243483895934,-4.212150446258687e-05,0.00039619636473948013,-0.0009376996950223438,0.00034279540385309914,-0.00031358090325311194,-0.00045524230591545726,2.1640625
0.00037594747858353636,0.0008952579622424891,-6.198241627408433e-05,0.0002628413035458093,-0.0002279850732594234,-0.0004125122919126748,1.4673242284816584e-05,0.00016341243483723966,-4.212150446391989e-05,0.00039619636473842086,-0.0009376996950232944,0.00034279540385136496,-0.00031358090325469596,-0.0004552423059168399,2.171875
0.0003759474785838214,0.0008952579622424341,-6.198241627386749e-05,0.00026284130354614177,-0.00022798507325905043,-0.0004125122919124859,1.4673242285416656e-05,0.00016341243483772555,-4.2121504463972106e-05,0.0003961963647383826,-0.0009376996950235536,0.00034279540385209615,-0.0003135809032543635,-0.00045524230591632137,2.1796875
0.00037594747858476097,0.0008952579622431513,-6.198241627261538e-05,0.0002628413035470868,-0.00022798507325807964,-0.0004125122919117615,1.4673242286243097e-05,0.00016341243483889033,-4.212150446271911e-05,0.0003961963647390353,-0.0009376996950225166,0.00034279540385299706,-0.00031358090325341845,-0.0004552423059156301,2.1875
0.0003759474785842215,0.0008952579622428049,-6.19824162727668e-05,0.00026284130354678513,-0.0002279850732580156,-0.0004125122919119973,1.467324228555287e-05,0.00016341243483860814,-4.212150446317183e-05,0.00039619636473868964,-0.0009376996950230352,0.00034279540385213263,-0.0003135809032537201,-0.00045524230591614855,2.1953125
0.0003759474785842521,0.0008952579622429382,-6.198241627330148e-05,0.00026284130354665075,-0.00022798507325845182,-0.00041251229191220683,1.4673242285693277e-05,0.00016341243483805428,-4.212150446316885e-05,0.000396196364738854,-0.0009376996950229487,0.00034279540385249746,-0.0003135809032538545,-0.00045524230591597573,2.203125
0.0003759474785852996,0.0008952579622438321,-6.198241627212596e-05,0.00026284130354761926,-0.000227985073257479,-0.00041251229191118606,1.467324228667672e-05,0.00016341243483899726,-4.2121504462106445e-05,0.000396196364740037,-0.0009376996950219117,0.00034279540385340624,-0.000313580903252886,-0.00045524230591511156,2.2109375
0.0003759474785855625,0.0008952579622443394,-6.198241627167133e-05,0.0002628413035480662,-0.00022798507325698294,-0.00041251229191074674,1.4673242287232613e-05,0.00016341243483962117,-4.212150446156181e-05,0.0003961963647404165,-0.0009376996950215661,0.0003427954038538497,-0.00031358090325243903,-0.0004552423059145931,2.21875
0.0003759474785844936,0.000895257962243198,-6.198241627299026e-05,0.00026284130354676535,-0.00022798507325832453,-0.0004125122919118568,1.4673242285813423e-05,0.00016341243483842976,-4.2121504462921846e-05,0.00039619636473912483,-0.0009376996950226894,0.0003427954038527627,-0.0003135809032537399,-0.0004552423059158029,2.2265625
0.0003759474785857518,0.0008952579622441397,-6.198241627198614e-05,0.0002628413035476699,-0.0002279850732574178,-0.0004125122919110086,1.4673242286788295e-05,0.0001634124348391094,-4.212150446211176e-05,0.000396196364739948,-0.000937699695022171,0.00034279540385360205,-0.00031358090325283536,-0.00045524230591545726,2.234375
0.00037594747858626346,0.0008952579622453283,-6.19824162709512e-05,0.00026284130354861993,-0.0002279850732560196,-0.0004125122919101001,1.4673242288442483e-05,0.00016341243484056846,-4.212150446098245e-05,0.0003961963647412486,-0.0009376996950207884,0.00034279540385445776,-0.00031358090325188533,-0.00045524230591424745,2.2421875
0.00037594747858728906,0.0008952579622459592,-6.198241626987185e-05,0.0002628413035496655,-0.00022798507325525732,-0.00041251229190900215,1.4673242288965953e-05,0.00016341243484151063,-4.2121504460089965e-05,0.00039619636474193736,-0.0009376996950197513,0.00034279540385560365,-0.00031358090325083984,-0.00045524230591282157,2.25
0.00037594747858561456,0.0008952579622441664,-6.198241627156769e-05,0.0002628413035478649,-0.00022798507325698898,-0.0004125122919107346,1.4673242287129316e-05,0.0001634124348395919,-4.212150446175733e-05,0.0003961963647401803,-0.0009376996950214797,0.00034279540385386107,-0.00031358090325264037,-0.0004552423059145931,2.2578125
0.0003759474785844022,0.0008952579622428174,-6.198241627313032e-05,0.00026284130354672534,-0.00022798507325858352,-0.00041251229191179673,1.4673242285703255e-05,0.0001634124348381383,-4.212150446325618e-05,0.0003961963647387768,-0.0009376996950230352,0.0003427954038525713,-0.0003135809032537799,-0.00045524230591632137,2.265625
0.00037594747858444693,0.0008952579622427885,-6.198241627309144e-05,0.0002628413035466342,-0.0002279850732583469,-0.0004125122919118019,1.4673242285858885e-05,0.00016341243483835663,-4.2121504463094316e-05,0.0003961963647386798,-0.0009376996950229487,0.00034279540385253,-0.0003135809032538711,-0.00045524230591597573,2.2734375
0.00037594747858519395,0.0008952579622434333,-6.198241627225426e-05,0.0002628413035474598,-0.0002279850732577376,-0.0004125122919112903,1.467324228632314e-05,0.0001634124348390404,-4.2121504462319775e-05,0.00039619636473933636,-0.0009376996950219981,0.000342795403853159,-0.0003135809032530455,-0.00045524230591511156,2.28125
0.0003759474785842067,0.0008952579622427832,-6.198241627313199e-05,0.0002628413035465407,-0.00022798507325828314,-0.00041251229191238025,1.467324228592933e-05,0.0001634124348380494,-4.212150446286818e-05,0.0003961963647388293,-0.0009376996950223438,0.00034279540385264513,-0.00031358090325396456,-0.00045524230591614855,2.2890625
0.00037594747858399075,0.0008952579622423588,-6.198241627371727e-05,0.0002628413035462999,-0.0002279850732590282,-0.00041251229191223345,1.4673242285077062e-05,0.00016341243483757663,-4.2121504463436334e-05,0.000396196364738608,-0.0009376996950231216,0.0003427954038521711,-0.00031358090325420536,-0.00045524230591666707,2.296875
0.00037594747858389735,0.0008952579622423102,-6.19824162736368e-05,0.0002628413035462495,-0.0002279850732590334,-0.00041251229191232837,1.4673242285371953e-05,0.00016341243483757213,-4.212150446353013e-05,0.00039619636473855866,-0.0009376996950232944,0.00034279540385212217,-0.0003135809032542558,-0.00045524230591666707,2.3046875
0.00037594747858468036,0.0008952579622431892,-6.198241627274658e-05,0.00026284130354711544,-0.00022798507325819415,-0.0004125122919115946,1.467324228612297e-05,0.00016341243483853325,-4.212150446268924e-05,0.0003961963647393374,-0.0009376996950226894,0.0003427954038528214,-0.0003135809032533898,-0.0004552423059158029,2.3125
0.00037594747858606884,0.0008952579622451438,-6.198241627098062e-05,0.0002628413035485923,-0.00022798507325654384,-0.00041251229191029896,1.4673242287884439e-05,0.00016341243484019758,-4.2121504461016076e-05,0.00039619636474099725,-0.0009376996950209612,0.00034279540385443423,-0.000313580903251913,-0.0004552423059140746,2.3203125
0.0003759474785865419,0.0008952579622452353,-6.198241627089162e-05,0.00026284130354880164,-0.00022798507325618876,-0.0004125122919097963,1.467324228808499e-05,0.00016341243484042987,-4.212150446072471e-05,0.0003961963647414059,-0.0009376996950204426,0.0003427954038544412,-0.0003135809032517036,-0.0004552423059135561,2.328125
0.0003759474785850847,0.0008952579622432969,-6.198241627290009e-05,0.0002628413035473104,-0.00022798507325783385,-0.0004125122919109432,1.4673242286395858e-05,0.00016341243483888887,-4.2121504462595745e-05,0.00039619636473921206,-0.0009376996950225166,0.00034279540385268297,-0.0003135809032531949,-0.0004552423059152844,2.3359375
0.00037594747858371065,0.0008952579622422285,-6.198241627371747e-05,0.000262841303546092,-0.00022798507325894982,-0.0004125122919128004,1.4673242285121494e-05,0.00016341243483769036,-4.212150446396096e-05,0.0003961963647381615,-0.0009376996950233808,0.0003427954038520772,-0.00031358090325441326,-0.0004552423059164942,2.34375
0.00037594747858445013,0.0008952579622430646,-6.198241627289199e-05,0.00026284130354671265,-0.0002279850732581894,-0.00041251229191214677,1.4673242285828753e-05,0.00016341243483851533,-4.212150446324296e-05,0.000396196364739041,-0.0009376996950228622,0.00034279540385278375,-0.0003135809032537926,-0.0004552423059158029,2.3515625
0.0003759474785851762,0.000895257962243956,-6.198241627236531e-05,0.0002628413035476628,-0.0002279850732576408,-0.0004125122919110756,1.4673242286697734e-05,0.00016341243483920462,-4.2121504462241584e-05,0.0003961963647399214,-0.0009376996950218253,0.00034279540385338884,-0.00031358090325284247,-0.0004552423059152844,2.359375
0.0003759474785869279,0.0008952579622454078,-6.198241627059038e-05,0.0002628413035490902,-0.00022798507325600526,-0.0004125122919096069,1.4673242288351442e-05,0.0001634124348410141,-4.212150446062002e-05,0.0003961963647415881,-0.000937699695020529,0.0003427954038550992,-0.00031358090325141506,-0.0004552423059133833,2.3671875
0.00037594747858682345,0.0008952579622452907,-6.19824162708221e-05,0.00026284130354898357,-0.00022798507325610934,-0.00041251229190951286,1.4673242287970316e-05,0.0001634124348405947,-4.212150446082612e-05,0.0003961963647411813,-0.0009376996950204426,0.0003427954038549669,-0.0003135809032515217,-0.0004552423059138802,2.375
0.00037594747858564535,0.0008952579622441699,-6.198241627184318e-05,0.0002628413035480043,-0.00022798507325718062,-0.0004125122919108715,1.4673242286794756e-05,0.0001634124348395705,-4.21215044619413e-05,0.0003961963647398406,-0.0009376996950214797,0.00034279540385373617,-0.00031358090325250094,-0.00045524230591485233,2.3828125
0.0003759474785852663,0.0008952579622437995,-6.198241627261966e-05,0.00026284130354743224,-0.00022798507325761714,-0.00041251229191123913,1.467324228661439e-05,0.00016341243483869623,-4.21215044621879e-05,0.00039619636473921683,-0.000937699695022387,0.0003427954038529799,-0.000313580903253073,-0.0004552423059153708,2.390625
0.0003759474785838418,0.0008952579622420739,-6.198241627373359e-05,0.0002628413035463484,-0.00022798507325899205,-0.00041251229191255215,1.4673242285196573e-05,0.0001634124348376436,-4.212150446368718e-05,0.0003961963647384003,-0.000937699695023208,0.0003427954038520437,-0.00031358090325415684,-0.00045524230591662386,2.3984375
0.0003759474785828501,0.0008952579622412275,-6.198241627459242e-05,0.0002628413035452014,-0.00022798507325985594,-0.00041251229191355536,1.4673242284106057e-05,0.0001634124348368395,-4.212150446462233e-05,0.00039619636473725654,-0.0009376996950244177,0.0003427954038509946,-0.0003135809032553039,-0.00045524230591727195,2.40625
0.0003759474785841806,0.0008952579622426262,-6.198241627331732e-05,0.00026284130354669954,-0.00022798507325851698,-0.0004125122919122662,1.4673242285226644e-05,0.0001634124348381991,-4.212150446345336e-05,0.00039619636473872086,-0.0009376996950228622,0.0003427954038526205,-0.0003135809032538057,-0.00045524230591597573,2.4140625
0.0003759474785849875,0.0008952579622433332,-6.198241627262022e-05,0.0002628413035473555,-0.00022798507325784266,-0.00041251229191130564,1.4673242286239672e-05,0.00016341243483896948,-4.2121504462494644e-05,0.00039619636473926703,-0.0009376996950223438,0.0003427954038531337,-0.0003135809032531498,-0.0004552423059152844,2.421875
0.0003759474785857736,0.0008952579622445647,-6.198241627142006e-05,0.0002628413035482013,-0.00022798507325697855,-0.00041251229191046853,1.4673242287469562e-05,0.00016341243483980532,-4.212150446159451e-05,0.0003961963647404567,-0.0009376996950213933,0.0003427954038540041,-0.00031358090325230394,-0.00045524230591437707,2.4296875
0.00037594747858530047,0.0008952579622442399,-6.198241627214192e-05,0.0002628413035478102,-0.000227985073257607,-0.0004125122919109179,1.4673242287031704e-05,0.00016341243483905966,-4.2121504462157545e-05,0.0003961963647400815,-0.0009376996950219981,0.0003427954038534595,-0.00031358090325269507,-0.0004552423059152844,2.4375
0.0003759474785842758,0.0008952579622431406,-6.198241627311547e-05,0.0002628413035466401,-0.00022798507325838804,-0.0004125122919118955,1.4673242286132655e-05,0.00016341243483782307,-4.212150446312728e-05,0.00039619636473913535,-0.0009376996950228622,0.0003427954038526313,-0.00031358090325386514,-0.00045524230591597573,2.4453125
0.00037594747858387523,0.000895257962242892,-6.19824162732635e-05,0.0002628413035462155,-0.00022798507325895822,-0.0004125122919125967,1.467324228532499e-05,0.00016341243483785687,-4.212150446340318e-05,0.0003961963647392657,-0.0009376996950235536,0.00034279540385233456,-0.00031358090325428977,-0.0004552423059164942,2.453125
0.0003759474785846917,0.0008952579622435835,-6.19824162726672e-05,0.00026284130354711544,-0.0002279850732578318,-0.000412512291911566,1.4673242286294733e-05,0.00016341243483866013,-4.212150446259255e-05,0.0003961963647395998,-0.0009376996950223438,0.00034279540385302016,-0.0003135809032533898,-0.00045524230591545726,2.4609375
0.00037594747858623776,0.0008952579622450689,-6.198241627070068e-05,0.00026284130354866346,-0.00022798507325608901,-0.00041251229191017726,1.4673242287889824e-05,0.0001634124348402223,-4.21215044610426e-05,0.00039619636474113625,-0.000937699695021134,0.0003427954038547687,-0.0003135809032518418,-0.00045524230591381535,2.46875
0.00037594747858774106,0.0008952579622462554,-6.198241626978301e-05,0.00026284130354961626,-0.0002279850732550433,-0.0004125122919090813,1.4673242288692163e-05,0.0001634124348412449,-4.212150446044589e-05,0.0003961963647418707,-0.0009376996950199242,0.0003427954038552431,-0.000313580903250889,-0.00045524230591286477,2.4765625
0.0003759474785867279,0.0008952579622448815,-6.198241627112304e-05,0.00026284130354865397,-0.00022798507325621955,-0.00041251229190968747,1.4673242287280726e-05,0.00016341243484052403,-4.2121504461292494e-05,0.000396196364740938,-0.0009376996950203779,0.0003427954038543599,-0.0003135809032518513,-0.00045524230591429066,2.484375
0.00037594747858515074,0.0008952579622435176,-6.19824162722916e-05,0.00026284130354765683,-0.0002279850732574614,-0.0004125122919112045,1.4673242286395872e-05,0.0001634124348392197,-4.212150446231449e-05,0.00039619636473934493,-0.000937699695022171,0.0003427954038533135,-0.00031358090325284843,-0.00045524230591493874,2.4921875
0.00037594747858467684,0.0008952579622431531,-6.198241627288704e-05,0.00026284130354695476,-0.00022798507325811625,-0.0004125122919116676,1.4673242285928686e-05,0.00016341243483861348,-4.2121504462899146e-05,0.00039619636473888853,-0.0009376996950228622,0.0003427954038527734,-0.0003135809032535505,-0.0004552423059158029,2.5
0.0003759474785846504,0.0008952579622428905,-6.198241627288375e-05,0.0002628413035471177,-0.00022798507325822275,-0.00041251229191177695,1.4673242285779316e-05,0.00016341243483852683,-4.212150446306515e-05,0.0003961963647391677,-0.0009376996950223438,0.0003427954038529328,-0.00031358090325338755,-0.0004552423059156301,2.5078125
0.0003759474785833713,0.0008952579622415865,-6.198241627399218e-05,0.0002628413035456014,-0.00022798507325946226,-0.0004125122919130531,1.4673242284652583e-05,0.0001634124348370698,-4.2121504464300274e-05,0.0003961963647378652,-0.0009376996950235536,0.00034279540385184564,-0.00031358090325490386,-0.0004552423059170127,2.515625
0.00037594747858347587,0.000895257962241841,-6.198241627422693e-05,0.00026284130354571573,-0.0002279850732594984,-0.0004125122919130433,1.4673242284894453e-05,0.0001634124348375996,-4.2121504463895324e-05,0.0003961963647382667,-0.0009376996950237265,0.00034279540385144996,-0.00031358090325478953,-0.0004552423059170127,2.5234375
0.0003759474785850203,0.0008952579622437758,-6.198241627245831e-05,0.0002628413035474208,-0.00022798507325774592,-0.00041251229191129377,1.4673242286683214e-05,0.00016341243483883905,-4.212150446235364e-05,0.0003961963647396559,-0.0009376996950225166,0.0003427954038531227,-0.00031358090325308446,-0.00045524230591545726,2.53125
0.00037594747858681857,0.0008952579622455936,-6.198241627047414e-05,0.00026284130354927446,-0.0002279850732557674,-0.0004125122919095274,1.4673242288690946e-05,0.0001634124348408551,-4.212150446048775e-05,0.00039619636474139304,-0.0009376996950204426,0.0003427954038549218,-0.0003135809032512308,-0.0004552423059133833,2.5390625
0.00037594747858646593,0.0008952579622451758,-6.198241627058222e-05,0.0002628413035489963,-0.00022798507325582767,-0.000412512291910062,1.4673242287956825e-05,0.00016341243484058334,-4.212150446112351e-05,0.0003961963647411002,-0.0009376996950207884,0.0003427954038548257,-0.00031358090325150895,-0.0004552423059134697,2.546875
0.0003759474785855682,0.0008952579622443107,-6.198241627099728e-05,0.00026284130354793173,-0.00022798507325669863,-0.00041251229191047997,1.4673242288027525e-05,0.00016341243484003417,-4.2121504461058774e-05,0.00039619636474043184,-0.0009376996950211772,0.0003427954038544047,-0.00031358090325257353,-0.00045524230591420425,2.5546875
0.00037594747858415506,0.0008952579622429479,-6.198241627364423e-05,0.0002628413035465802,-0.00022798507325872796,-0.00041251229191183224,1.467324228567586e-05,0.00016341243483801763,-4.2121504463126395e-05,0.00039619636473931555,-0.0009376996950228622,0.00034279540385238736,-0.00031358090325392504,-0.00045524230591614855,2.5625
0.0003759474785848802,0.0008952579622434122,-6.198241627263219e-05,0.00026284130354699823,-0.0002279850732580431,-0.0004125122919117489,1.4673242286084658e-05,0.00016341243483872098,-4.212150446275619e-05,0.00039619636473958844,-0.0009376996950225166,0.00034279540385292876,-0.000313580903253507,-0.0004552423059152844,2.5703125
0.00037594747858472183,0.0008952579622431555,-6.19824162728777e-05,0.0002628413035471461,-0.00022798507325804432,-0.0004125122919121151,1.4673242285505454e-05,0.00016341243483825117,-4.2121504462993465e-05,0.00039619636473906585,-0.000937699695022387,0.00034279540385272276,-0.0003135809032533592,-0.0004552423059157165,2.578125
0.00037594747858382216,0.0008952579622429127,-6.198241627327456e-05,0.0002628413035461518,-0.00022798507325877564,-0.00041251229191133047,1.4673242285423708e-05,0.00016341243483755264,-4.2121504463283055e-05,0.00039619636473807744,-0.0009376996950229487,0.0003427954038518156,-0.00031358090325435346,-0.00045524230591623496,2.5859375
0.0003759474785848751,0.0008952579622432438,-6.198241627297646e-05,0.00026284130354702095,-0.00022798507325841186,-0.00041251229191196424,1.46732422855579e-05,0.00016341243483832766,-4.212150446331068e-05,0.00039619636473987684,-0.0009376996950229487,0.0003427954038529889,-0.0003135809032534843,-0.00045524230591606214,2.59375
0.00037594747858585385,0.0008952579622443024,-6.198241627182933e-05,0.0002628413035484901,-0.00022798507325680684,-0.0004125122919103459,1.4673242286970943e-05,0.00016341243483935364,-4.2121504461696745e-05,0.00039619636474013173,-0.0009376996950214148,0.00034279540385416405,-0.00031358090325201516,-0.0004552423059146363,2.6015625
0.0003759474785876859,0.0008952579622463253,-6.198241626952442e-05,0.00026284130354980404,-0.00022798507325478434,-0.0004125122919087268,1.467324228919299e-05,0.00016341243484178504,-4.212150445995037e-05,0.0003961963647421778,-0.0009376996950195785,0.0003427954038560797,-0.0003135809032507012,-0.00045524230591251913,2.609375
0.0003759474785872,0.0008952579622460011,-6.198241626998897e-05,0.0002628413035495954,-0.00022798507325521306,-0.00041251229190928426,1.4673242288804456e-05,0.00016341243484173783,-4.2121504460140915e-05,0.00039619636474164485,-0.0009376996950197513,0.00034279540385520824,-0.0003135809032509099,-0.00045524230591286477,2.6171875
0.0003759474785855534,0.0008952579622441984,-6.198241627199878e-05,0.00026284130354767814,-0.000227985073257177,-0.000412512291911109,1.467324228695064e-05,0.0001634124348394741,-4.212150446198326e-05,0.0003961963647399692,-0.0009376996950218686,0.0003427954038534691,-0.0003135809032528271,-0.00045524230591489554,2.625
0.0003759474785847774,0.0008952579622433484,-6.19824162726513e-05,0.00026284130354699677,-0.00022798507325799203,-0.00041251229191156,1.467324228637214e-05,0.00016341243483866937,-4.212150446261319e-05,0.00039619636473923857,-0.0009376996950225166,0.0003427954038528516,-0.0003135809032535085,-0.00045524230591545726,2.6328125
0.00037594747858567034,0.0008952579622441961,-6.198241627167324e-05,0.000262841303547998,-0.00022798507325692843,-0.000412512291910795,1.4673242287179313e-05,0.00016341243483979694,-4.212150446180623e-05,0.000396196364740152,-0.0009376996950215661,0.0003427954038538079,-0.0003135809032525073,-0.0004552423059145931,2.640625
0.0003759474785842655,0.0008952579622431579,-6.198241627326585e-05,0.00026284130354680443,-0.00022798507325828612,-0.00041251229191215105,1.4673242285738733e-05,0.0001634124348382204,-4.212150446300446e-05,0.00039619636473902997,-0.0009376996950228622,0.00034279540385221996,-0.00031358090325370083,-0.00045524230591597573,2.6484375
0.000375947478583907,0.0008952579622421523,-6.198241627362372e-05,0.0002628413035460281,-0.00022798507325921967,-0.00041251229191235206,1.467324228529346e-05,0.00016341243483744574,-4.2121504464068926e-05,0.00039619636473825433,-0.000937699695023208,0.0003427954038517614,-0.00031358090325447717,-0.00045524230591666707,2.65625
0.0003759474785841648,0.0008952579622428761,-6.19824162736312e-05,0.00026284130354635904,-0.00022798507325865513,-0.00041251229191246054,1.4673242285338375e-05,0.0001634124348379774,-4.2121504463405726e-05,0.0003961963647386655,-0.000937699695023208,0.00034279540385211295,-0.0003135809032541462,-0.0004552423059165374,2.6640625
0.00037594747858394695,0.0008952579622424182,-6.198241627333217e-05,0.0002628413035462782,-0.00022798507325873162,-0.0004125122919124459,1.4673242285315673e-05,0.0001634124348379143,-4.212150446360872e-05,0.0003961963647386263,-0.000937699695023208,0.00034279540385214526,-0.0003135809032542271,-0.00045524230591623496,2.671875
0.0003759474785827612,0.0008952579622413634,-6.198241627464673e-05,0.0002628413035453804,-0.00022798507325972876,-0.00041251229191340233,1.4673242284172722e-05,0.0001634124348365,-4.212150446465072e-05,0.00039619636473764295,-0.0009376996950243746,0.00034279540385101807,-0.0003135809032551249,-0.00045524230591740156,2.6796875
0.0003759474785841424,0.0008952579622427158,-6.198241627334226e-05,0.00026284130354663036,-0.0002279850732585907,-0.000412512291912034,1.4673242285505879e-05,0.0001634124348379902,-4.212150446335915e-05,0.00039619636473898893,-0.0009376996950230352,0.00034279540385245377,-0.0003135809032538749,-0.00045524230591623496,2.6875
0.0003759474785874746,0.0008952579622460656,-6.198241626992638e-05,0.00026284130354994146,-0.0002279850732552199,-0.00041251229190887085,1.4673242288904317e-05,0.00016341243484148879,-4.2121504459766744e-05,0.00039619636474221085,-0.0009376996950197082,0.0003427954038556315,-0.0003135809032505638,-0.0004552423059128,2.6953125
0.0003759474785874138,0.0008952579622461837,-6.198241626970946e-05,0.00026284130354998554,-0.00022798507325503381,-0.0004125122919090428,1.4673242289028647e-05,0.000163412434841644,-4.212150445983377e-05,0.0003961963647419278,-0.0009376996950195785,0.0003427954038557435,-0.0003135809032505197,-0.00045524230591269195,2.703125
0.0003759474785858266,0.0008952579622444486,-6.198241627158696e-05,0.000262841303548088,-0.0002279850732569608,-0.0004125122919108821,1.4673242286837205e-05,0.00016341243483958647,-4.212150446161226e-05,0.00039619636474034223,-0.0009376996950213068,0.0003427954038543519,-0.00031358090325241724,-0.0004552423059145931,2.7109375
0.0003759474785847313,0.0008952579622433432,-6.198241627275657e-05,0.00026284130354778146,-0.00022798507325817998,-0.0004125122919110952,1.4673242286139597e-05,0.00016341243483848522,-4.212150446164579e-05,0.0003961963647392728,-0.0009376996950224302,0.0003427954038528229,-0.0003135809032527238,-0.0004552423059152844,2.71875
0.0003759474785861546,0.0008952579622450031,-6.198241627150677e-05,0.0002628413035486359,-0.00022798507325698822,-0.0004125122919100311,1.467324228784403e-05,0.00016341243483987818,-4.212150446118727e-05,0.00039619636474086113,-0.000937699695021134,0.00034279540385399334,-0.00031358090325186934,-0.00045524230591424745,2.7265625
0.00037594747858701107,0.0008952579622451986,-6.198241627073089e-05,0.00026284130354934027,-0.00022798507325603564,-0.0004125122919098304,1.4673242288589631e-05,0.0001634124348408346,-4.212150446028948e-05,0.0003961963647415281,-0.0009376996950206156,0.000342795403854619,-0.000313580903251165,-0.0004552423059135561,2.734375
0.0003759474785844824,0.0008952579622429293,-6.198241627292827e-05,0.0002628413035466627,-0.00022798507325806972,-0.00041251229191199444,1.467324228596003e-05,0.00016341243483896381,-4.212150446285666e-05,0.00039619636473909534,-0.0009376996950227543,0.0003427954038525705,-0.00031358090325384253,-0.0004552423059157597,2.7421875
0.0003759474785829429,0.0008952579622413474,-6.198241627445276e-05,0.0002628413035452,-0.0002279850732598147,-0.0004125122919134385,1.4673242284132307e-05,0.0001634124348369119,-4.212150446458828e-05,0.00039619636473747473,-0.0009376996950241585,0.00034279540385122846,-0.0003135809032553053,-0.00045524230591735836,2.75
0.00037594747858337444,0.0008952579622416387,-6.198241627420123e-05,0.0002628413035457047,-0.0002279850732593375,-0.00041251229191293975,1.4673242284610621e-05,0.0001634124348370963,-4.2121504464269584e-05,0.00039619636473779956,-0.0009376996950239424,0.0003427954038514068,-0.00031358090325480053,-0.00045524230591714233,2.7578125
0.00037594747858396115,0.0008952579622425114,-6.19824162736542e-05,0.0002628413035464708,-0.0002279850732588169,-0.00041251229191230035,1.4673242285217083e-05,0.00016341243483784974,-4.212150446358331e-05,0.00039619636473826674,-0.0009376996950232511,0.00034279540385212005,-0.00031358090325403444,-0.0004552423059164078,2.765625
0.0003759474785839037,0.0008952579622426186,-6.198241627337144e-05,0.00026284130354629914,-0.0002279850732587682,-0.0004125122919126673,1.4673242285162414e-05,0.00016341243483783714,-4.2121504463437256e-05,0.00039619636473817594,-0.0009376996950230352,0.0003427954038519986,-0.0003135809032542061,-0.0004552423059164942,2.7734375
0.00037594747858513,0.0008952579622438449,-6.198241627217399e-05,0.00026284130354760224,-0.000227985073257446,-0.0004125122919113448,1.4673242286446385e-05,0.0001634124348391113,-4.212150446240295e-05,0.0003961963647397959,-0.0009376996950219981,0.0003427954038533785,-0.000313580903252903,-0.00045524230591493874,2.78125
0.00037594747858629257,0.0008952579622446262,-6.198241627117911e-05,0.0002628413035485479,-0.0002279850732566205,-0.0004125122919101892,1.4673242287735973e-05,0.00016341243484045874,-4.212150446124212e-05,0.0003961963647408331,-0.000937699695021134,0.0003427954038545903,-0.0003135809032519574,-0.0004552423059140746,2.7890625
0.00037594747858671427,0.0008952579622451777,-6.198241627098775e-05,0.00026284130354908,-0.00022798507325617944,-0.00041251229190940276,1.4673242288402478e-05,0.00016341243484080384,-4.212150446042677e-05,0.00039619636474165336,-0.0009376996950203562,0.00034279540385510334,-0.00031358090325142525,-0.0004552423059134697,2.796875
0.0003759474785855955,0.0008952579622444037,-6.198241627155265e-05,0.00026284130354814613,-0.00022798507325707358,-0.00041251229191066244,1.4673242287147119e-05,0.00016341243483968847,-4.212150446188866e-05,0.0003961963647402364,-0.0009376996950216525,0.0003427954038538566,-0.0003135809032523592,-0.0004552423059145499,2.8046875
0.0003759474785862044,0.0008952579622447575,-6.198241627117865e-05,0.000262841303548517,-0.00022798507325650337,-0.0004125122919104675,1.4673242287862757e-05,0.00016341243484017408,-4.212150446112937e-05,0.0003961963647405884,-0.000937699695021134,0.00034279540385423105,-0.0003135809032519883,-0.00045524230591424745,2.8125
0.0003759474785867265,0.0008952579622451607,-6.198241627114623e-05,0.00026284130354856263,-0.00022798507325618534,-0.0004125122919098469,1.4673242288230074e-05,0.00016341243484041046,-4.2121504461041704e-05,0.0003961963647410517,-0.0009376996950204426,0.00034279540385428624,-0.00031358090325194263,-0.00045524230591424745,2.8203125
0.0003759474785850327,0.0008952579622438115,-6.19824162725599e-05,0.00026284130354728663,-0.00022798507325795232,-0.00041251229191124444,1.4673242286601465e-05,0.00016341243483887345,-4.212150446241839e-05,0.00039619636473971014,-0.000937699695022171,0.0003427954038531245,-0.00031358090325321863,-0.0004552423059158029,2.828125
0.00037594747858390933,0.0008952579622424407,-6.19824162735674e-05,0.00026284130354625555,-0.00022798507325885373,-0.00041251229191245045,1.4673242285128407e-05,0.00016341243483790528,-4.212150446363809e-05,0.00039619636473877334,-0.0009376996950234672,0.0003427954038519599,-0.0003135809032542497,-0.0004552423059163646,2.8359375
0.00037594747858296667,0.0008952579622415999,-6.198241627409296e-05,0.000262841303545436,-0.00022798507325934246,-0.0004125122919133696,1.4673242284360699e-05,0.0001634124348371401,-4.212150446431288e-05,0.0003961963647376796,-0.0009376996950238993,0.000342795403851376,-0.00031358090325506925,-0.0004552423059170991,2.84375
0.00037594747858420624,0.0008952579622427089,-6.198241627301598e-05,0.00026284130354668284,-0.00022798507325843506,-0.00041251229191197443,1.4673242285665324e-05,0.00016341243483814792,-4.212150446320997e-05,0.000396196364738807,-0.0009376996950229919,0.00034279540385253216,-0.0003135809032538224,-0.00045524230591601893,2.8515625
0.00037594747858344654,0.0008952579622418834,-6.198241627415804e-05,0.0002628413035458105,-0.00022798507325929923,-0.0004125122919129011,1.4673242284826831e-05,0.0001634124348371729,-4.2121504463914176e-05,0.00039619636473783317,-0.0009376996950235104,0.000342795403851762,-0.00031358090325469477,-0.0004552423059169263,2.859375
0.00037594747858375613,0.0008952579622420537,-6.19824162737397e-05,0.00026284130354618833,-0.0002279850732591972,-0.0004125122919125206,1.4673242285211606e-05,0.00016341243483769313,-4.2121504463597684e-05,0.0003961963647384494,-0.0009376996950232944,0.00034279540385193926,-0.0003135809032543169,-0.00045524230591666707,2.8671875
0.00037594747858545036,0.0008952579622437971,-6.198241627195497e-05,0.00026284130354782423,-0.00022798507325739531,-0.0004125122919109039,1.4673242286687715e-05,0.0001634124348393393,-4.212150446214969e-05,0.00039619636473978696,-0.0009376996950214797,0.0003427954038536095,-0.00031358090325268103,-0.0004552423059145931,2.875
0.0003759474785874303,0.0008952579622453438,-6.198241627002624e-05,0.0002628413035499099,-0.0002279850732555223,-0.00041251229190911496,1.4673242288747237e-05,0.00016341243484141585,-4.212150446002308e-05,0.00039619636474201586,-0.0009376996950197513,0.0003427954038556053,-0.00031358090325059535,-0.00045524230591269195,2.8828125
0.0003759474785870004,0.0008952579622460724,-6.198241627012307e-05,0.0002628413035493273,-0.00022798507325541873,-0.0004125122919096,1.4673242288399318e-05,0.00016341243484146057,-4.212150446065036e-05,0.0003961963647417879,-0.0009376996950200538,0.00034279540385514265,-0.00031358090325117794,-0.00045524230591321047,2.890625
0.0003759474785865993,0.0008952579622452096,-6.198241627106242e-05,0.00026284130354878543,-0.00022798507325648648,-0.0004125122919098092,1.4673242287835228e-05,0.00016341243484024282,-4.2121504460987304e-05,0.0003961963647413127,-0.0009376996950207884,0.00034279540385460326,-0.00031358090325171983,-0.00045524230591390176,2.8984375
0.0003759474785848993,0.0008952579622436942,-6.198241627258538e-05,0.00026284130354731704,-0.00022798507325771502,-0.00041251229191133096,1.467324228631146e-05,0.00016341243483889825,-4.2121504462483375e-05,0.00039619636473965403,-0.000937699695022171,0.00034279540385320523,-0.0003135809032531882,-0.0004552423059152412,2.90625
0.0003759474785840217,0.0008952579622425506,-6.198241627343505e-05,0.0002628413035462458,-0.00022798507325875127,-0.00041251229191236464,1.4673242285371262e-05,0.0001634124348379346,-4.212150446348913e-05,0.0003961963647385459,-0.0009376996950232944,0.00034279540385210634,-0.00031358090325425946,-0.00045524230591614855,2.9140625
0.0003759474785838331,0.0008952579622427299,-6.198241627332075e-05,0.00026284130354620834,-0.00022798507325863667,-0.00041251229191255394,1.4673242285376847e-05,0.0001634124348380495,-4.212150446354827e-05,0.00039619636473837923,-0.0009376996950232511,0.00034279540385224235,-0.0003135809032542969,-0.0004552423059162566,2.921875
0.00037594747858453524,0.0008952579622430815,-6.198241627280914e-05,0.00026284130354674773,-0.00022798507325829528,-0.00041251229191185707,1.4673242286152616e-05,0.00016341243483835032,-4.212150446282586e-05,0.0003961963647391603,-0.0009376996950226894,0.00034279540385270064,-0.00031358090325375753,-0.0004552423059156301,2.9296875
0.00037594747858477675,0.0008952579622431055,-6.198241627269827e-05,0.00026284130354697503,-0.00022798507325808427,-0.0004125122919117293,1.467324228613543e-05,0.00016341243483861825,-4.212150446278561e-05,0.0003961963647391705,-0.0009376996950225166,0.00034279540385278256,-0.00031358090325353023,-0.0004552423059156301,2.9375
0.0003759474785855723,0.0008952579622440556,-6.19824162718861e-05,0.0002628413035478686,-0.00022798507325723222,-0.00041251229191092715,1.4673242286965835e-05,0.0001634124348394238,-4.212150446188042e-05,0.00039619636474016713,-0.0009376996950216092,0.0003427954038537559,-0.0003135809032526367,-0.00045524230591493874,2.9453125
0.0003759474785860185,0.0008952579622447104,-6.19824162710415e-05,0.000262841303548522,-0.0002279850732567845,-0.0004125122919099033,1.4673242287385596e-05,0.0001634124348399931,-4.21215044611062e-05,0.00039619636474070045,-0.000937699695021134,0.00034279540385456607,-0.00031358090325198323,-0.00045524230591433387,2.953125
0.0003759474785838461,0.0008952579622428596,-6.198241627331647e-05,0.0002628413035461796,-0.00022798507325846537,-0.0004125122919120971,1.4673242285783101e-05,0.0001634124348381286,-4.2121504463273094e-05,0.00039619636473825536,-0.0009376996950232511,0.0003427954038522884,-0.0003135809032543257,-0.00045524230591632137,2.9609375
0.00037594747858215265,0.0008952579622407539,-6.198241627574557e-05,0.0002628413035444359,-0.00022798507326086641,-0.00041251229191419244,1.4673242283247623e-05,0.00016341243483592848,-4.2121504465585514e-05,0.0003961963647364674,-0.0009376996950251739,0.00034279540385025517,-0.0003135809032560694,-0.0004552423059186546,2.96875
0.00037594747858238597,0.0008952579622408365,-6.198241627539675e-05,0.0002628413035446139,-0.00022798507326072867,-0.0004125122919144012,1.4673242283401587e-05,0.00016341243483598478,-4.212150446511706e-05,0.00039619636473658807,-0.0009376996950252819,0.00034279540385052964,-0.00031358090325589135,-0.00045524230591839534,2.9765625
0.000375947478586183,0.0008952579622447829,-6.198241627125528e-05,0.0002628413035486632,-0.00022798507325640796,-0.00041251229190999045,1.4673242287912149e-05,0.0001634124348403551,-4.212150446092355e-05,0.00039619636474072257,-0.0009376996950209612,0.00034279540385448367,-0.00031358090325184207,-0.00045524230591390176,2.984375
0.0003759474785881089,0.000895257962246518,-6.198241626934127e-05,0.0002628413035502598,-0.00022798507325466746,-0.0004125122919084304,1.4673242289541481e-05,0.0001634124348421813,-4.2121504459548236e-05,0.0003961963647427826,-0.0009376996950191465,0.0003427954038561005,-0.0003135809032502455,-0.0004552423059120871,2.9921875
0.0003759474785863682,0.0008952579622449503,-6.198241627116831e-05,0.0002628413035485479,-0.00022798507325622083,-0.0004125122919102864,1.46732422880168e-05,0.00016341243483995106,-4.212150446123133e-05,0.0003961963647404226,-0.000937699695021134,0.0003427954038542446,-0.0003135809032519574,-0.00045524230591398817,3.0
0.0003759474785846915,0.0008952579622433401,-6.198241627323277e-05,0.0002628413035470366,-0.00022798507325834218,-0.00041251229191159014,1.4673242286058714e-05,0.00016341243483889624,-4.2121504462749966e-05,0.00039619636473921493,-0.0009376996950226894,0.0003427954038527924,-0.00031358090325346865,-0.0004552423059156301,3.0078125
0.0003759474785855986,0.000895257962244287,-6.198241627196792e-05,0.000262841303547805,-0.00022798507325725648,-0.0004125122919107135,1.4673242287262278e-05,0.0001634124348393274,-4.212150446177483e-05,0.00039619636474014653,-0.0009376996950214797,0.00034279540385361284,-0.0003135809032527003,-0.0004552423059145931,3.015625
0.0003759474785873484,0.0008952579622454497,-6.198241626973093e-05,0.00026284130354880386,-0.0002279850732556885,-0.0004125122919094836,1.4673242288898104e-05,0.00016341243484087456,-4.212150446014422e-05,0.0003961963647413086,-0.000937699695020097,0.0003427954038553693,-0.00031358090325170145,-0.00045524230591321047,3.0234375
0.0003759474785856324,0.0008952579622443367,-6.198241627157058e-05,0.00026284130354794734,-0.00022798507325707767,-0.0004125122919104803,1.4673242286930612e-05,0.00016341243483974143,-4.212150446169664e-05,0.0003961963647404797,-0.0009376996950214364,0.00034279540385405275,-0.0003135809032525579,-0.0004552423059146363,3.03125
0.0003759474785827355,0.0008952579622414653,-6.198241627504824e-05,0.00026284130354507166,-0.00022798507326003513,-0.0004125122919136182,1.4673242283816456e-05,0.00016341243483646156,-4.2121504464896795e-05,0.0003961963647369584,-0.0009376996950245906,0.00034279540385107244,-0.0003135809032554336,-0.000455242305917704,3.0390625
0.0003759474785826379,0.0008952579622414754,-6.19824162745267e-05,0.0002628413035451445,-0.00022798507326010902,-0.00041251229191356203,1.4673242283625285e-05,0.00016341243483665647,-4.212150446482634e-05,0.00039619636473730473,-0.0009376996950242449,0.0003427954038512507,-0.00031358090325536074,-0.000455242305917704,3.046875
0.0003759474785830919,0.0008952579622415656,-6.198241627468977e-05,0.00026284130354488035,-0.00022798507326007855,-0.00041251229191349514,1.4673242283998916e-05,0.00016341243483679403,-4.212150446477159e-05,0.00039619636473728765,-0.0009376996950241585,0.00034279540385111435,-0.0003135809032556249,-0.00045524230591744477,3.0546875
0.00037594747858289376,0.0008952579622408658,-6.198241627467504e-05,0.0002628413035452661,-0.00022798507326015241,-0.0004125122919131704,1.4673242283824051e-05,0.0001634124348363724,-4.212150446509821e-05,0.00039619636473676285,-0.0009376996950247634,0.00034279540385080454,-0.00031358090325523915,-0.000455242305917704,3.0625
0.0003759474785841234,0.0008952579622425604,-6.198241627331548e-05,0.0002628413035464345,-0.00022798507325856937,-0.0004125122919121933,1.4673242285582827e-05,0.00016341243483833007,-4.212150446319177e-05,0.0003961963647386877,-0.000937699695023208,0.00034279540385222533,-0.00031358090325407076,-0.00045524230591614855,3.0703125
0.00037594747858736284,0.0008952579622462628,-6.198241626985908e-05,0.0002628413035497305,-0.0002279850732553122,-0.00041251229190884163,1.4673242289224145e-05,0.0001634124348415879,-4.212150445995266e-05,0.00039619636474211425,-0.0009376996950196649,0.0003427954038557548,-0.0003135809032507748,-0.00045524230591277836,3.078125
0.0003759474785897392,0.000895257962248585,-6.198241626744876e-05,0.00026284130355207685,-0.00022798507325308984,-0.00041251229190651596,1.4673242291494378e-05,0.00016341243484381125,-4.2121504457566044e-05,0.0003961963647449051,-0.0009376996950172886,0.0003427954038578278,-0.0003135809032484284,-0.0004552423059105316,3.0859375
0.00037594747858842704,0.0008952579622466275,-6.198241626913344e-05,0.0002628413035504235,-0.00022798507325472764,-0.00041251229190846205,1.4673242289374712e-05,0.00016341243484204758,-4.212150445934453e-05,0.0003961963647427064,-0.0009376996950192329,0.00034279540385626827,-0.00031358090325008176,-0.00045524230591251913,3.09375
0.0003759474785850371,0.000895257962243678,-6.198241627251787e-05,0.00026284130354779604,-0.00022798507325807243,-0.00041251229191095913,1.4673242286608575e-05,0.00016341243483872084,-4.212150446235459e-05,0.00039619636474017076,-0.000937699695022171,0.00034279540385318,-0.00031358090325270927,-0.00045524230591545726,3.1015625
0.0003759474785834351,0.000895257962241387,-6.19824162744495e-05,0.00026284130354580247,-0.00022798507325975568,-0.00041251229191303625,1.467324228445842e-05,0.0001634124348372211,-4.2121504463983585e-05,0.00039619636473795563,-0.0009376996950240586,0.00034279540385116465,-0.0003135809032547028,-0.00045524230591717475,3.109375
0.0003759474785833868,0.0008952579622417667,-6.19824162739532e-05,0.0002628413035457642,-0.00022798507325938602,-0.00041251229191287443,1.4673242284872388e-05,0.0001634124348372913,-4.2121504463968535e-05,0.0003961963647380947,-0.00093769969502364,0.00034279540385173733,-0.00031358090325474107,-0.0004552423059168399,3.1171875
0.0003759474785846182,0.0008952579622431072,-6.198241627261671e-05,0.0002628413035470303,-0.00022798507325792907,-0.00041251229191182996,1.4673242285991817e-05,0.0001634124348387499,-4.212150446274338e-05,0.0003961963647393146,-0.0009376996950225166,0.0003427954038529527,-0.00031358090325347493,-0.00045524230591545726,3.125
0.00037594747858517774,0.0008952579622438222,-6.1982416271806e-05,0.000262841303547521,-0.00022798507325719937,-0.00041251229191132446,1.4673242286604018e-05,0.00016341243483927983,-4.2121504462267544e-05,0.0003961963647397324,-0.0009376996950217497,0.00034279540385348664,-0.0003135809032529843,-0.00045524230591498195,3.1328125
0.00037594747858528697,0.0008952579622438043,-6.198241627183185e-05,0.0002628413035479732,-0.00022798507325735485,-0.00041251229191094515,1.467324228655394e-05,0.00016341243483912425,-4.2121504462163704e-05,0.00039619636473991993,-0.0009376996950215661,0.0003427954038537659,-0.00031358090325253206,-0.00045524230591485233,3.140625
0.00037594747858349663,0.0008952579622413625,-6.198241627460378e-05,0.00026284130354546794,-0.00022798507326046434,-0.0004125122919137022,1.4673242284606333e-05,0.00016341243483688702,-4.212150446434693e-05,0.00039619636473798854,-0.0009376996950239857,0.0003427954038514497,-0.0003135809032550373,-0.0004552423059170559,3.1484375
0.0003759474785833893,0.0008952579622414739,-6.198241627424849e-05,0.0002628413035452979,-0.0002279850732597718,-0.00041251229191353346,1.4673242284224455e-05,0.00016341243483687981,-4.212150446423403e-05,0.0003961963647377842,-0.0009376996950241639,0.0003427954038512628,-0.0003135809032552074,-0.0004552423059171369,3.15625
0.000375947478584498,0.0008952579622433117,-6.19824162728265e-05,0.0002628413035471033,-0.00022798507325802575,-0.0004125122919116038,1.4673242285954271e-05,0.00016341243483834503,-4.2121504462682434e-05,0.00039619636473910364,-0.000937699695022603,0.00034279540385259293,-0.00031358090325340197,-0.0004552423059155869,3.1640625
0.0003759474785855755,0.0008952579622442963,-6.198241627175341e-05,0.00026284130354769174,-0.0002279850732571572,-0.0004125122919108087,1.4673242287120285e-05,0.0001634124348393547,-4.212150446189161e-05,0.0003961963647398605,-0.0009376996950219117,0.0003427954038535501,-0.0003135809032528135,-0.0004552423059145067,3.171875
0.00037594747858532904,0.0008952579622440763,-6.19824162718669e-05,0.00026284130354763927,-0.00022798507325739813,-0.00041251229191101627,1.4673242287066666e-05,0.00016341243483937524,-4.212150446209591e-05,0.0003961963647400274,-0.0009376996950219657,0.0003427954038538044,-0.000313580903252866,-0.00045524230591492795,3.1796875
0.0003759474785866487,0.0008952579622453551,-6.198241627108573e-05,0.0002628413035488434,-0.00022798507325591736,-0.0004125122919100373,1.467324228771576e-05,0.0001634124348402378,-4.212150446057519e-05,0.00039619636474142757,-0.0009376996950207884,0.0003427954038546579,-0.0003135809032516619,-0.00045524230591372894,3.1875
0.00037594747858625007,0.0008952579622447512,-6.198241627129715e-05,0.0002628413035483812,-0.0002279850732567601,-0.0004125122919102318,1.4673242287623238e-05,0.0001634124348399519,-4.2121504461576284e-05,0.0003961963647411093,-0.000937699695021134,0.0003427954038541212,-0.00031358090325212407,-0.00045524230591424745,3.1953125
0.00037594747858505105,0.0008952579622436142,-6.198241627241169e-05,0.00026284130354760734,-0.00022798507325789033,-0.00041251229191122655,1.4673242286706018e-05,0.00016341243483876278,-4.212150446244341e-05,0.0003961963647395558,-0.0009376996950222358,0.0003427954038531863,-0.0003135809032528979,-0.0004552423059153708,3.203125
0.0003759474785843906,0.0008952579622429733,-6.198241627295825e-05,0.00026284130354689914,-0.0002279850732584834,-0.00041251229191159957,1.46732422862047e-05,0.0001634124348386201,-4.212150446289695e-05,0.00039619636473898313,-0.0009376996950227758,0.00034279540385245,-0.0003135809032536061,-0.00045524230591597573,3.2109375
0.0003759474785871738,0.0008952579622456281,-6.198241627008789e-05,0.000262841303549387,-0.0002279850732557494,-0.0004125122919092134,1.4673242288965964e-05,0.00016341243484123936,-4.21215044603156e-05,0.0003961963647416229,-0.0009376996950201402,0.0003427954038552484,-0.00031358090325111826,-0.00045524230591316726,3.21875
0.0003759474785874819,0.0008952579622461336,-6.198241626984981e-05,0.0002628413035497931,-0.00022798507325512586,-0.00041251229190885524,1.4673242289006529e-05,0.00016341243484164342,-4.2121504459811406e-05,0.00039619636474204546,-0.0009376996950197082,0.0003427954038556044,-0.00031358090325071217,-0.0004552423059126704,3.2265625
0.0003759474785848921,0.0008952579622434758,-6.19824162726001e-05,0.0002628413035472157,-0.00022798507325792557,-0.00041251229191143255,1.4673242286367411e-05,0.0001634124348387511,-4.21215044625925e-05,0.00039619636473939393,-0.0009376996950223438,0.00034279540385301463,-0.00031358090325328954,-0.00045524230591541406,3.234375
0.00037594747858266564,0.0008952579622411006,-6.198241627478171e-05,0.00026284130354503935,-0.00022798507326022131,-0.0004125122919136901,1.4673242283902449e-05,0.0001634124348365573,-4.212150446489156e-05,0.00039619636473717604,-0.0009376996950245042,0.0003427954038509125,-0.0003135809032554659,-0.0004552423059177472,3.2421875
0.0003759474785847354,0.0008952579622431588,-6.198241627256128e-05,0.00026284130354699037,-0.00022798507325808763,-0.0004125122919116629,1.467324228591844e-05,0.00016341243483856098,-4.21215044625408e-05,0.00039619636473936417,-0.0009376996950222574,0.00034279540385303566,-0.0003135809032535149,-0.0004552423059156733,3.25
0.00037594747858484863,0.0008952579622432679,-6.198241627227794e-05,0.0002628413035471617,-0.00022798507325786372,-0.0004125122919115172,1.467324228637871e-05,0.00016341243483872548,-4.212150446265708e-05,0.0003961963647397056,-0.000937699695022171,0.00034279540385300167,-0.0003135809032533436,-0.0004552423059157165,3.2578125
0.0003759474785840723,0.0008952579622424497,-6.19824162735431e-05,0.0002628413035464092,-0.00022798507325870584,-0.00041251229191210264,1.4673242285673944e-05,0.00016341243483796074,-4.212150446338571e-05,0.00039619636473881,-0.0009376996950233808,0.00034279540385240395,-0.0003135809032540961,-0.00045524230591632137,3.265625
0.0003759474785835245,0.0008952579622419658,-6.198241627396914e-05,0.0002628413035458627,-0.0002279850732594882,-0.00041251229191268854,1.4673242284903252e-05,0.00016341243483742698,-4.21215044640875e-05,0.0003961963647380234,-0.0009376996950237265,0.00034279540385157156,-0.00031358090325464257,-0.0004552423059168399,3.2734375
0.00037594747858528225,0.0008952579622438478,-6.198241627212123e-05,0.0002628413035481743,-0.00022798507325691228,-0.0004125122919110311,1.4673242286734776e-05,0.00016341243483917545,-4.2121504461929496e-05,0.0003961963647398364,-0.0009376996950219117,0.0003427954038534435,-0.00031358090325233094,-0.00045524230591485233,3.28125
0.0003759474785856476,0.0008952579622445292,-6.19824162717181e-05,0.0002628413035477268,-0.00022798507325706,-0.0004125122919107739,1.4673242286649106e-05,0.00016341243483968662,-4.212150446206647e-05,0.00039619636474046366,-0.0009376996950214797,0.0003427954038542274,-0.00031358090325277844,-0.0004552423059147659,3.2890625
0.00037594747858361085,0.0008952579622422484,-6.198241627408305e-05,0.00026284130354592124,-0.0002279850732595286,-0.0004125122919127113,1.4673242284916978e-05,0.00016341243483737364,-4.212150446390012e-05,0.0003961963647383947,-0.0009376996950236185,0.0003427954038517177,-0.000313580903254584,-0.0004552423059167535,3.296875
0.000375947478584392,0.0008952579622428169,-6.19824162732061e-05,0.0002628413035466324,-0.00022798507325852294,-0.0004125122919119068,1.4673242285725792e-05,0.0001634124348383352,-4.2121504463150945e-05,0.00039619636473892084,-0.0009376996950229055,0.00034279540385257824,-0.00031358090325387284,-0.00045524230591606214,3.3046875
0.00037594747858705254,0.0008952579622457737,-6.198241627016086e-05,0.0002628413035495529,-0.00022798507325545888,-0.0004125122919091975,1.4673242288712442e-05,0.00016341243484115886,-4.2121504460078574e-05,0.00039619636474166425,-0.000937699695020097,0.0003427954038556228,-0.0003135809032509524,-0.0004552423059129512,3.3125
0.0003759474785873851,0.0008952579622466968,-6.198241626960738e-05,0.0002628413035501079,-0.0002279850732544989,-0.00041251229190846807,1.4673242289280283e-05,0.0001634124348419204,-4.212150445947393e-05,0.0003961963647422674,-0.0009376996950193193,0.00034279540385629944,-0.00031358090325039737,-0.0004552423059123463,3.3203125
0.0003759474785856908,0.0008952579622443406,-6.198241627145492e-05,0.00026284130354781973,-0.0002279850732569958,-0.00041251229191046235,1.4673242287446438e-05,0.0001634124348394654,-4.212150446162134e-05,0.00039619636474069026,-0.0009376996950213933,0.0003427954038537927,-0.0003135809032526855,-0.0004552423059145067,3.328125
0.0003759474785852555,0.0008952579622437465,-6.198241627227695e-05,0.0002628413035474957,-0.00022798507325763636,-0.0004125122919111742,1.4673242286826435e-05,0.00016341243483913593,-4.212150446202855e-05,0.0003961963647399578,-0.0009376996950219766,0.0003427954038534211,-0.00031358090325300954,-0.0004552423059151332,3.3359375
0.0003759474785859054,0.0008952579622443734,-6.198241627180804e-05,0.0002628413035477185,-0.0002279850732572954,-0.0004125122919107005,1.467324228684318e-05,0.00016341243483969467,-4.2121504462124795e-05,0.0003961963647400212,-0.0009376996950213933,0.00034279540385397144,-0.00031358090325278674,-0.0004552423059144203,3.34375
0.0003759474785843654,0.000895257962242627,-6.19824162730967e-05,0.00026284130354651826,-0.0002279850732586901,-0.00041251229191185555,1.467324228623605e-05,0.0001634124348377186,-4.2121504463158114e-05,0.0003961963647390723,-0.0009376996950235536,0.00034279540385251584,-0.000313580903253987,-0.00045524230591632137,3.3515625
0.00037594747858517687,0.0008952579622433349,-6.198241627251279e-05,0.00026284130354766296,-0.00022798507325766742,-0.0004125122919112735,1.4673242286578033e-05,0.000163412434838748,-4.212150446219875e-05,0.00039619636473964384,-0.0009376996950219981,0.00034279540385319867,-0.0003135809032528423,-0.0004552423059156301,3.359375
0.00037594747858527185,0.0008952579622438397,-6.1982416272195e-05,0.00026284130354743994,-0.00022798507325757917,-0.00041251229191121636,1.4673242286669606e-05,0.00016341243483907126,-4.212150446235088e-05,0.00039619636473992443,-0.0009376996950219981,0.0003427954038534456,-0.0003135809032530653,-0.0004552423059150036,3.3671875
0.0003759474785859246,0.0008952579622450865,-6.19824162711966e-05,0.00026284130354833755,-0.00022798507325657715,-0.000412512291910506,1.4673242287235954e-05,0.0001634124348400444,-4.212150446138127e-05,0.00039619636474062765,-0.0009376996950207884,0.0003427954038542423,-0.0003135809032521677,-0.00045524230591372894,3.375
0.0003759474785832309,0.0008952579622411877,-6.198241627457844e-05,0.0002628413035454705,-0.00022798507326021616,-0.00041251229191337674,1.4673242284108617e-05,0.0001634124348366668,-4.212150446450808e-05,0.00039619636473750444,-0.0009376996950243746,0.00034279540385112026,-0.0003135809032550348,-0.00045524230591740156,3.3828125
0.0003759474785815579,0.0008952579622405483,-6.198241627520235e-05,0.00026284130354417714,-0.00022798507326067354,-0.00041251229191546914,1.4673242283272097e-05,0.00016341243483572777,-4.212150446581066e-05,0.00039619636473669855,-0.0009376996950256276,0.0003427954038499439,-0.0003135809032563281,-0.0004552423059190002,3.390625
0.00037594747858449453,0.0008952579622432128,-6.19824162727784e-05,0.00026284130354735044,-0.00022798507325828897,-0.00041251229191184894,1.4673242285060822e-05,0.0001634124348390668,-4.212150446296238e-05,0.00039619636473922946,-0.0009376996950227327,0.0003427954038535138,-0.0003135809032531548,-0.00045524230591606214,3.3984375
0.0003759474785855506,0.0008952579622440596,-6.198241627174664e-05,0.00026284130354806487,-0.00022798507325718696,-0.00041251229191110615,1.4673242286993184e-05,0.00016341243483963412,-4.2121504461811806e-05,0.00039619636474017895,-0.0009376996950215228,0.00034279540385376376,-0.0003135809032524404,-0.0004552423059148091,3.40625
0.00037594747858416596,0.0008952579622428987,-6.198241627309731e-05,0.00026284130354678985,-0.0002279850732584574,-0.0004125122919120463,1.467324228559161e-05,0.00016341243483818468,-4.212150446315011e-05,0.0003961963647390242,-0.0009376996950229919,0.0003427954038524764,-0.0003135809032537154,-0.00045524230591610534,3.4140625
0.00037594747858342784,0.0008952579622423442,-6.1982416273713e-05,0.00026284130354574327,-0.0002279850732591355,-0.00041251229191291894,1.467324228496508e-05,0.00016341243483692568,-4.212150446407309e-05,0.0003961963647377544,-0.0009376996950239424,0.00034279540385121854,-0.000313580903254762,-0.00045524230591718553,3.421875
0.0003759474785861688,0.0008952579622447545,-6.198241627112768e-05,0.00026284130354849936,-0.0002279850732565675,-0.0004125122919103593,1.46732422874274e-05,0.00016341243484021084,-4.2121504461258646e-05,0.0003961963647405925,-0.0009376996950209179,0.00034279540385450167,-0.0003135809032520059,-0.0004552423059140746,3.4296875
0.00037594747858751365,0.0008952579622459987,-6.198241626979955e-05,0.0002628413035500306,-0.00022798507325516405,-0.00041251229190894897,1.4673242288791359e-05,0.0001634124348418192,-4.21215044601027e-05,0.00039619636474204226,-0.0009376996950196649,0.0003427954038556218,-0.0003135809032504747,-0.00045524230591286477,3.4375
0.0003759474785861723,0.0008952579622448417,-6.198241627060031e-05,0.0002628413035489232,-0.00022798507325620936,-0.0004125122919096718,1.4673242288195056e-05,0.00016341243484057263,-4.212150446084655e-05,0.0003961963647415186,-0.0009376996950207884,0.0003427954038544142,-0.0003135809032515821,-0.0004552423059140746,3.4453125
0.00037594747858528426,0.0008952579622437989,-6.198241627241245e-05,0.0002628413035474907,-0.00022798507325791744,-0.00041251229191124314,1.4673242286840168e-05,0.00016341243483927102,-4.212150446243467e-05,0.00039619636473972375,-0.0009376996950217605,0.0003427954038533194,-0.0003135809032530146,-0.000455242305915198,3.453125
0.00037594747858568856,0.0008952579622443661,-6.198241627178427e-05,0.00026284130354800177,-0.00022798507325711125,-0.0004125122919108492,1.4673242287132594e-05,0.00016341243483973677,-4.212150446173048e-05,0.00039619636474028574,-0.0009376996950215661,0.0003427954038538409,-0.0003135809032525035,-0.0004552423059145931,3.4609375
0.00037594747858572466,0.0008952579622443137,-6.198241627147594e-05,0.0002628413035481364,-0.0002279850732567438,-0.0004125122919105209,1.4673242287118899e-05,0.00016341243483981768,-4.2121504461669986e-05,0.0003961963647403039,-0.0009376996950214364,0.00034279540385402895,-0.0003135809032523689,-0.00045524230591433387,3.46875
0.000375947478583972,0.000895257962242317,-6.198241627331937e-05,0.0002628413035462837,-0.00022798507325864057,-0.00041251229191232886,1.4673242285498086e-05,0.000163412434837954,-4.2121504463277126e-05,0.00039619636473847914,-0.0009376996950232944,0.0003427954038521344,-0.00031358090325422157,-0.00045524230591623496,3.4765625
0.00037594747858324585,0.000895257962241781,-6.198241627419954e-05,0.00026284130354563723,-0.00022798507325934251,-0.00041251229191292533,1.4673242284946109e-05,0.00016341243483717095,-4.2121504464081604e-05,0.00039619636473788396,-0.0009376996950239209,0.0003427954038513258,-0.000313580903254868,-0.0004552423059170559,3.484375
0.00037594747858646035,0.0008952579622450433,-6.198241627109721e-05,0.000262841303548604,-0.00022798507325643745,-0.00041251229191005084,1.4673242287719896e-05,0.0001634124348402028,-4.21215044611897e-05,0.00039619636474088975,-0.0009376996950209612,0.00034279540385456786,-0.00031358090325190127,-0.0004552423059140746,3.4921875
0.000375947478587331,0.0008952579622460311,-6.19824162700836e-05,0.0002628413035496416,-0.0002279850732556166,-0.0004125122919090973,1.4673242288508213e-05,0.0001634124348408958,-4.212150446035235e-05,0.00039619636474207034,-0.0009376996950199242,0.00034279540385554407,-0.00031358090325086363,-0.00045524230591303765,3.5
0.00037594747858455947,0.0008952579622427295,-6.198241627281969e-05,0.0002628413035468714,-0.00022798507325840102,-0.00041251229191207445,1.4673242285654172e-05,0.00016341243483853824,-4.2121504463121265e-05,0.00039619636473916273,-0.0009376996950226463,0.00034279540385289314,-0.0003135809032536339,-0.0004552423059157597,3.5078125
0.00037594747858316725,0.0008952579622413556,-6.198241627450215e-05,0.0002628413035452755,-0.00022798507325996013,-0.0004125122919135838,1.4673242284126177e-05,0.00016341243483688648,-4.212150446461841e-05,0.0003961963647374494,-0.0009376996950240937,0.00034279540385124147,-0.00031358090325522977,-0.00045524230591744477,3.515625
0.0003759474785844367,0.0008952579622429114,-6.198241627298603e-05,0.0002628413035467505,-0.00022798507325835069,-0.00041251229191202306,1.4673242285531552e-05,0.000163412434838114,-4.2121504463113425e-05,0.0003961963647387606,-0.0009376996950226787,0.0003427954038526844,-0.00031358090325375477,-0.0004552423059159325,3.5234375
0.00037594747858390613,0.0008952579622424898,-6.198241627370499e-05,0.0002628413035462801,-0.00022798507325887568,-0.00041251229191241484,1.4673242285359845e-05,0.0001634124348376533,-4.212150446347766e-05,0.0003961963647383071,-0.0009376996950232944,0.00034279540385204297,-0.00031358090325422515,-0.0004552423059164942,3.53125
0.00037594747858301703,0.0008952579622414608,-6.198241627456135e-05,0.00026284130354532254,-0.0002279850732598578,-0.00041251229191338737,1.4673242284243693e-05,0.00016341243483676145,-4.2121504464546943e-05,0.0003961963647375227,-0.0009376996950244177,0.00034279540385104984,-0.0003135809032551827,-0.0004552423059175312,3.5390625
0.0003759474785834931,0.0008952579622419583,-6.19824162740556e-05,0.00026284130354587966,-0.0002279850732593899,-0.00041251229191285714,1.4673242284746832e-05,0.0001634124348372806,-4.2121504464008705e-05,0.0003961963647380257,-0.0009376996950237265,0.0003427954038516609,-0.0003135809032546256,-0.0004552423059168399,3.546875
0.0003759474785860015,0.0008952579622445923,-6.198241627119794e-05,0.00026284130354849237,-0.00022798507325671712,-0.0004125122919101843,1.4673242287578879e-05,0.0001634124348399387,-4.212150446125663e-05,0.0003961963647407797,-0.000937699695021134,0.00034279540385420633,-0.0003135809032520129,-0.0004552423059144203,3.5546875
0.00037594747858648485,0.0008952579622452466,-6.19824162709679e-05,0.0002628413035488059,-0.0002279850732563568,-0.000412512291909669,1.4673242288275258e-05,0.0001634124348403853,-4.212150446084348e-05,0.0003961963647411587,-0.0009376996950206156,0.00034279540385460683,-0.00031358090325169934,-0.00045524230591390176,3.5625
0.00037594747858443403,0.0008952579622431049,-6.198241627294258e-05,0.00026284130354696153,-0.00022798507325819817,-0.00041251229191153365,1.4673242286218711e-05,0.00016341243483835398,-4.212150446292356e-05,0.0003961963647393851,-0.0009376996950228622,0.0003427954038525762,-0.0003135809032535437,-0.0004552423059158029,3.5703125
0.00037594747858537555,0.0008952579622437237,-6.198241627228807e-05,0.00026284130354761964,-0.00022798507325751179,-0.0004125122919110231,1.4673242286785292e-05,0.0001634124348394395,-4.212150446209516e-05,0.0003961963647396265,-0.0009376996950219117,0.00034279540385323326,-0.0003135809032528856,-0.00045524230591502515,3.578125
0.0003759474785878949,0.0008952579622465792,-6.19824162691415e-05,0.00026284130355040897,-0.00022798507325458075,-0.000412512291908159,1.467324228950954e-05,0.0001634124348426734,-4.212150445955443e-05,0.0003961963647427838,-0.0009376996950189736,0.00034279540385645556,-0.0003135809032500963,-0.0004552423059120871,3.5859375
0.0003759474785869036,0.0008952579622455279,-6.198241627045706e-05,0.0002628413035491279,-0.0002279850732556012,-0.00041251229190982696,1.4673242288253691e-05,0.00016341243484117036,-4.212150446103895e-05,0.00039619636474165374,-0.0009376996950204426,0.00034279540385491133,-0.00031358090325137744,-0.00045524230591372894,3.59375
0.0003759474785841135,0.0008952579622426892,-6.198241627324011e-05,0.00026284130354645716,-0.00022798507325847315,-0.00041251229191211527,1.4673242285908314e-05,0.0001634124348381447,-4.212150446330934e-05,0.00039619636473881725,-0.0009376996950228622,0.0003427954038523545,-0.00031358090325404815,-0.0004552423059158029,3.6015625
0.0003759474785830458,0.0008952579622415966,-6.198241627441798e-05,0.0002628413035454655,-0.0002279850732597173,-0.00041251229191320153,1.4673242284366477e-05,0.00016341243483698552,-4.212150446434386e-05,0.0003961963647375857,-0.0009376996950241153,0.0003427954038512735,-0.00031358090325503976,-0.00045524230591735836,3.609375
0.000375947478584723,0.0008952579622433423,-6.198241627285889e-05,0.00026284130354701927,-0.00022798507325829097,-0.00041251229191152346,1.467324228611625e-05,0.0001634124348383709,-4.212150446285951e-05,0.0003961963647391456,-0.000937699695022657,0.00034279540385299923,-0.000313580903253486,-0.0004552423059157813,3.6171875
0.0003759474785857226,0.0008952579622446338,-6.198241627160893e-05,0.00026284130354806975,-0.00022798507325700725,-0.00041251229191041324,1.4673242287214693e-05,0.00016341243483969375,-4.2121504461639215e-05,0.00039619636474040875,-0.0009376996950215661,0.00034279540385412263,-0.0003135809032524355,-0.0004552423059147659,3.625
0.0003759474785850695,0.0008952579622436839,-6.198241627250313e-05,0.00026284130354715436,-0.00022798507325782455,-0.00041251229191134977,1.4673242286217642e-05,0.00016341243483898577,-4.212150446259003e-05,0.00039619636473985716,-0.000937699695022171,0.0003427954038531774,-0.0003135809032533509,-0.00045524230591545726,3.6328125
0.00037594747858491547,0.0008952579622433565,-6.198241627265754e-05,0.00026284130354743256,-0.0002279850732577632,-0.0004125122919113735,1.4673242286063896e-05,0.0001634124348390036,-4.212150446261423e-05,0.0003961963647395732,-0.000937699695022171,0.0003427954038531958,-0.0003135809032530727,-0.0004552423059156301,3.640625
0.00037594747858380096,0.0008952579622419422,-6.198241627336698e-05,0.0002628413035464521,-0.0002279850732588363,-0.0004125122919125385,1.467324228470361e-05,0.00016341243483735085,-4.212150446406543e-05,0.000396196364738609,-0.0009376996950231647,0.0003427954038522658,-0.00031358090325405314,-0.00045524230591662386,3.6484375
0.00037594747858311596,0.0008952579622413551,-6.198241627413073e-05,0.0002628413035460251,-0.000227985073260027,-0.00041251229191314727,1.4673242284360433e-05,0.00016341243483677015,-4.212150446440733e-05,0.00039619636473862176,-0.0009376996950240721,0.0003427954038515897,-0.00031358090325448015,-0.00045524230591718553,3.65625
0.0003759474785837013,0.0008952579622422527,-6.198241627374047e-05,0.0002628413035458653,-0.00022798507325924838,-0.00041251229191264745,1.4673242285302638e-05,0.00016341243483759154,-4.212150446358406e-05,0.00039619636473826674,-0.0009376996950237265,0.0003427954038518611,-0.00031358090325463996,-0.0004552423059168399,3.6640625
0.0003759474785862321,0.0008952579622446184,-6.19824162710605e-05,0.00026284130354835685,-0.00022798507325649776,-0.0004125122919104307,1.4673242287542807e-05,0.00016341243484023995,-4.212150446147746e-05,0.00039619636474082107,-0.0009376996950210476,0.00034279540385423463,-0.0003135809032521484,-0.0004552423059140746,3.671875
0.0003759474785881014,0.0008952579622468313,-6.198241626904856e-05,0.0002628413035503031,-0.0002279850732543619,-0.0004125122919084637,1.4673242289470362e-05,0.00016341243484215408,-4.212150445945411e-05,0.00039619636474247795,-0.0009376996950189736,0.00034279540385616955,-0.00031358090325020216,-0.0004552423059120871,3.6796875
0.00037594747858624313,0.0008952579622449668,-6.19824162710586e-05,0.00026284130354874196,-0.00022798507325643712,-0.0004125122919098459,1.4673242287812202e-05,0.00016341243484027293,-4.2121504460977337e-05,0.0003961963647410135,-0.0009376996950207884,0.0003427954038544673,-0.0003135809032517633,-0.0004552423059140314,3.6875
0.00037594747858437044,0.00089525796224298,-6.198241627317663e-05,0.0002628413035467103,-0.00022798507325852424,-0.0004125122919117804,1.467324228589472e-05,0.00016341243483821666,-4.212150446316795e-05,0.0003961963647390066,-0.0009376996950230352,0.0003427954038525082,-0.00031358090325379494,-0.00045524230591606214,3.6953125
0.0003759474785839735,0.0008952579622424177,-6.198241627358295e-05,0.00026284130354603416,-0.00022798507325876404,-0.0004125122919123808,1.4673242285178485e-05,0.00016341243483788422,-4.2121504463734524e-05,0.0003961963647382778,-0.0009376996950232836,0.0003427954038521651,-0.0003135809032544711,-0.0004552423059163754,3.703125
0.0003759474785838844,0.0008952579622428403,-6.198241627311479e-05,0.0002628413035462338,-0.0002279850732583276,-0.00041251229191253594,1.4673242285523648e-05,0.00016341243483828887,-4.2121504463202865e-05,0.00039619636473890507,-0.0009376996950230352,0.0003427954038524741,-0.00031358090325427144,-0.00045524230591597573,3.7109375
0.0003759474785851475,0.0008952579622439232,-6.198241627202949e-05,0.0002628413035474977,-0.00022798507325733202,-0.00041251229191100706,1.4673242286875604e-05,0.00016341243483919475,-4.212150446202456e-05,0.0003961963647399048,-0.0009376996950218253,0.00034279540385347216,-0.00031358090325300753,-0.00045524230591511156,3.71875
0.0003759474785847804,0.0008952579622435951,-6.198241627260106e-05,0.0002628413035471575,-0.00022798507325792465,-0.00041251229191146166,1.4673242286286652e-05,0.00016341243483873228,-4.212150446266199e-05,0.0003961963647395113,-0.0009376996950224734,0.0003427954038529385,-0.00031358090325334776,-0.00045524230591552204,3.7265625
0.0003759474785846086,0.0008952579622428891,-6.198241627284095e-05,0.000262841303546745,-0.00022798507325854123,-0.0004125122919118306,1.4673242286213788e-05,0.00016341243483819268,-4.212150446294785e-05,0.00039619636473922523,-0.0009376996950227758,0.00034279540385265847,-0.00031358090325376024,-0.0004552423059158893,3.734375
0.0003759474785828917,0.0008952579622410482,-6.198241627487087e-05,0.0002628413035451379,-0.00022798507326027574,-0.0004125122919137495,1.4673242284307724e-05,0.00016341243483640792,-4.2121504464661246e-05,0.0003961963647374779,-0.0009376996950243313,0.00034279540385082123,-0.00031358090325536736,-0.000455242305917704,3.7421875
0.00037594747858417035,0.0008952579622425491,-6.198241627340094e-05,0.00026284130354643504,-0.00022798507325870706,-0.00041251229191232273,1.467324228555548e-05,0.00016341243483798893,-4.212150446334559e-05,0.0003961963647386639,-0.0009376996950231216,0.00034279540385227266,-0.0003135809032540702,-0.00045524230591619175,3.75
0.00037594747858604645,0.0008952579622446496,-6.198241627137516e-05,0.0002628413035483007,-0.0002279850732567364,-0.00041251229191034716,1.4673242287356837e-05,0.00016341243484000175,-4.2121504461490496e-05,0.0003961963647405819,-0.000937699695021134,0.0003427954038542225,-0.0003135809032522046,-0.00045524230591424745,3.7578125
0.0003759474785861486,0.0008952579622446178,-6.198241627134803e-05,0.0002628413035485377,-0.00022798507325663323,-0.0004125122919104295,1.4673242287474834e-05,0.0001634124348398893,-4.212150446163703e-05,0.00039619636474053874,-0.000937699695021134,0.00034279540385422276,-0.00031358090325196757,-0.000455242305914161,3.765625
0.0003759474785841763,0.0008952579622424336,-6.198241627328867e-05,0.0002628413035465746,-0.00022798507325878323,-0.00041251229191193985,1.4673242285443576e-05,0.00016341243483772435,-4.212150446324535e-05,0.0003961963647388665,-0.0009376996950230135,0.00034279540385251064,-0.0003135809032539307,-0.0004552423059162998,3.7734375
0.0003759474785846438,0.0008952579622429043,-6.198241627316477e-05,0.0002628413035467825,-0.00022798507325839872,-0.0004125122919115616,1.467324228616923e-05,0.00016341243483854238,-4.212150446269218e-05,0.0003961963647391629,-0.0009376996950226463,0.0003427954038526349,-0.0003135809032537228,-0.0004552423059158893,3.78125
0.0003759474785879051,0.0008952579622463557,-6.19824162697983e-05,0.00026284130355012345,-0.00022798507325509174,-0.0004125122919085918,1.4673242289410355e-05,0.00016341243484150898,-4.2121504459789986e-05,0.00039619636474224175,-0.0009376996950193841,0.0003427954038557921,-0.0003135809032503818,-0.00045524230591251913,3.7890625
0.0003759474785880402,0.0008952579622468084,-6.198241626914187e-05,0.0002628413035505642,-0.00022798507325470704,-0.00041251229190853963,1.4673242289684477e-05,0.00016341243484190273,-4.2121504459216545e-05,0.00039619636474253405,-0.0009376996950188008,0.00034279540385644537,-0.0003135809032499411,-0.00045524230591251913,3.796875
0.00037594747858616664,0.000895257962244568,-6.198241627114477e-05,0.0002628413035484817,-0.00022798507325673856,-0.00041251229191035594,1.4673242287357088e-05,0.00016341243484001544,-4.212150446133505e-05,0.00039619636474049505,-0.0009376996950210476,0.0003427954038543057,-0.00031358090325202357,-0.0004552423059140746,3.8046875
0.0003759474785822771,0.0008952579622409393,-6.198241627455792e-05,0.0002628413035449953,-0.000227985073260079,-0.0004125122919136132,1.4673242283985551e-05,0.00016341243483644527,-4.212150446485043e-05,0.00039619636473692336,-0.0009376996950246338,0.00034279540385066224,-0.00031358090325551,-0.0004552423059176176,3.8125
0.00037594747858275487,0.0008952579622415499,-6.19824162743229e-05,0.00026284130354510294,-0.0002279850732595305,-0.0004125122919132008,1.4673242284433366e-05,0.00016341243483704803,-4.2121504464464666e-05,0.00039619636473747967,-0.0009376996950242018,0.00034279540385122407,-0.0003135809032554023,-0.00045524230591727195,3.8203125
0.0003759474785834789,0.0008952579622423998,-6.198241627360125e-05,0.0002628413035459283,-0.00022798507325886804,-0.0004125122919130928,1.4673242284812992e-05,0.0001634124348379537,-4.21215044638406e-05,0.0003961963647382593,-0.0009376996950232944,0.0003427954038523198,-0.00031358090325457697,-0.00045524230591666707,3.828125
0.0003759474785841905,0.0008952579622426564,-6.198241627330824e-05,0.0002628413035460183,-0.00022798507325850846,-0.0004125122919122552,1.4673242285128946e-05,0.00016341243483794786,-4.212150446376724e-05,0.00039619636473836286,-0.0009376996950232944,0.0003427954038519381,-0.000313580903254487,-0.0004552423059164078,3.8359375
0.0003759474785836085,0.0008952579622420474,-6.198241627379666e-05,0.0002628413035459734,-0.00022798507325904967,-0.00041251229191260186,1.4673242285142893e-05,0.0001634124348375806,-4.21215044637611e-05,0.00039619636473831434,-0.00093769969502364,0.00034279540385170117,-0.00031358090325453187,-0.00045524230591666707,3.84375
0.00037594747858404247,0.000895257962242351,-6.198241627333072e-05,0.0002628413035468863,-0.00022798507325879285,-0.00041251229191205217,1.4673242285782271e-05,0.00016341243483826561,-4.212150446292016e-05,0.00039619636473918354,-0.0009376996950226894,0.00034279540385228225,-0.00031358090325361897,-0.00045524230591614855,3.8515625
0.00037594747858619846,0.0008952579622446686,-6.198241627171514e-05,0.00026284130354852024,-0.00022798507325716308,-0.00041251229191113434,1.4673242287409126e-05,0.00016341243483973677,-4.2121504461635413e-05,0.00039619636474066603,-0.0009376996950213068,0.00034279540385390134,-0.000313580903251985,-0.0004552423059146795,3.859375
0.0003759474785869033,0.0008952579622455322,-6.198241627080362e-05,0.00026284130354903946,-0.0002279850732560274,-0.00041251229190958155,1.4673242288161905e-05,0.00016341243484066455,-4.2121504460956215e-05,0.0003961963647416079,-0.0009376996950202698,0.00034279540385499856,-0.0003135809032514658,-0.00045524230591390176,3.8671875
0.00037594747858733416,0.000895257962246146,-6.198241627004913e-05,0.0002628413035494884,-0.00022798507325534517,-0.0004125122919090926,1.4673242288474121e-05,0.0001634124348412745,-4.2121504460489236e-05,0.00039619636474203483,-0.0009376996950199242,0.0003427954038556486,-0.0003135809032510169,-0.00045524230591303765,3.875
0.00037594747858667697,0.0008952579622453374,-6.198241627092256e-05,0.0002628413035488672,-0.00022798507325610351,-0.000412512291909548,1.4673242287838589e-05,0.00016341243484019918,-4.21215044605559e-05,0.00039619636474119734,-0.0009376996950206803,0.00034279540385508475,-0.0003135809032516381,-0.00045524230591398817,3.8828125
0.00037594747858508076,0.0008952579622434969,-6.198241627262405e-05,0.00026284130354725974,-0.00022798507325784642,-0.0004125122919111477,1.4673242286381523e-05,0.00016341243483893332,-4.212150446234738e-05,0.0003961963647397439,-0.0009376996950221925,0.0003427954038529624,-0.0003135809032532455,-0.0004552423059153276,3.890625
0.000375947478582537,0.0008952579622407423,-6.198241627476285e-05,0.00026284130354486544,-0.00022798507326057756,-0.00041251229191423505,1.467324228376218e-05,0.000163412434836474,-4.212150446468409e-05,0.00039619636473687414,-0.0009376996950248498,0.00034279540385093345,-0.0003135809032556398,-0.0004552423059178769,3.8984375
0.0003759474785842621,0.0008952579622428584,-6.19824162731353e-05,0.0002628413035465986,-0.0002279850732581239,-0.00041251229191189393,1.4673242285776316e-05,0.00016341243483860885,-4.212150446319659e-05,0.0003961963647387853,-0.0009376996950229487,0.00034279540385255287,-0.00031358090325390666,-0.0004552423059158029,3.90625
0.00037594747858538097,0.0008952579622435931,-6.198241627217173e-05,0.0002628413035475346,-0.0002279850732575519,-0.0004125122919111368,1.467324228669204e-05,0.00016341243483907007,-4.21215044620115e-05,0.0003961963647398252,-0.0009376996950220845,0.0003427954038533537,-0.00031358090325297067,-0.000455242305915198,3.9140625
0.00037594747858561234,0.0008952579622441487,-6.198241627172421e-05,0.000262841303547946,-0.00022798507325713313,-0.00041251229191093436,1.4673242286901772e-05,0.00016341243483954652,-4.212150446176575e-05,0.00039619636474019353,-0.0009376996950215661,0.00034279540385379406,-0.00031358090325255927,-0.0004552423059147659,3.921875
0.00037594747858466453,0.0008952579622432938,-6.198241627249483e-05,0.0002628413035472135,-0.00022798507325798732,-0.00041251229191171504,1.467324228595184e-05,0.00016341243483886805,-4.212150446280138e-05,0.0003961963647393789,-0.0009376996950223438,0.0003427954038530673,-0.00031358090325329176,-0.0004552423059156301,3.9296875
0.0003759474785825342,0.0008952579622411691,-6.198241627467909e-05,0.0002628413035449769,-0.00022798507326009227,-0.00041251229191357195,1.467324228384842e-05,0.00016341243483658312,-4.212150446514422e-05,0.0003961963647375205,-0.0009376996950245906,0.00034279540385090293,-0.00031358090325552836,-0.000455242305917704,3.9375
0.00037594747858399406,0.0008952579622421554,-6.198241627350605e-05,0.0002628413035458076,-0.00022798507325921124,-0.0004125122919126947,1.4673242284717125e-05,0.00016341243483730176,-4.212150446347357e-05,0.0003961963647380645,-0.0009376996950233808,0.00034279540385210016,-0.00031358090325469764,-0.00045524230591666707,3.9453125
0.00037594747858571333,0.0008952579622441409,-6.19824162719388e-05,0.00026284130354728674,-0.00022798507325737453,-0.0004125122919106124,1.4673242286796003e-05,0.00016341243483927837,-4.21215044618458e-05,0.0003961963647402178,-0.0009376996950216525,0.0003427954038532595,-0.0003135809032532185,-0.0004552423059145931,3.953125
0.0003759474785865681,0.0008952579622454755,-6.198241627092432e-05,0.00026284130354894215,-0.0002279850732558899,-0.00041251229190948256,1.4673242288281182e-05,0.00016341243484080102,-4.212150446064276e-05,0.000396196364741293,-0.0009376996950205507,0.00034279540385481283,-0.0003135809032515631,-0.0004552423059135561,3.9609375
0.00037594747858592687,0.0008952579622455402,-6.198241627040376e-05,0.00026284130354897137,-0.00022798507325615024,-0.0004125122919089078,1.467324228878725e-05,0.00016341243484114244,-4.2121504460115884e-05,0.00039619636474075575,-0.0009376996950202698,0.00034279540385518135,-0.0003135809032515339,-0.00045524230591381535,3.96875
0.00037594747858562665,0.0008952579622447839,-6.198241627129602e-05,0.00026284130354804975,-0.0002279850732568035,-0.0004125122919104637,1.4673242287832521e-05,0.00016341243483969118,-4.212150446157255e-05,0.0003961963647408839,-0.0009376996950212636,0.00034279540385387353,-0.0003135809032524555,-0.0004552423059145067,3.9765625
0.0003759474785845981,0.0008952579622429772,-6.198241627272808e-05,0.00026284130354703076,-0.00022798507325775562,-0.0004125122919113288,1.467324228631438e-05,0.0001634124348387005,-4.212150446266826e-05,0.0003961963647393751,-0.0009376996950224302,0.00034279540385295034,-0.0003135809032534745,-0.0004552423059158029,3.984375
0.00037594747858448363,0.0008952579622428378,-6.198241627317608e-05,0.00026284130354675586,-0.00022798507325833955,-0.00041251229191203553,1.4673242285891396e-05,0.00016341243483841271,-4.212150446301721e-05,0.0003961963647390259,-0.0009376996950228622,0.0003427954038525764,-0.0003135809032537494,-0.00045524230591597573,3.9921875
0.0003759474785846179,0.0008952579622429911,-6.198241627295616e-05,0.00026284130354691236,-0.0002279850732584217,-0.00041251229191172913,1.4673242285830311e-05,0.00016341243483819858,-4.212150446301407e-05,0.0003961963647391438,-0.0009376996950224302,0.0003427954038526445,-0.0003135809032535929,-0.0004552423059157597,4.0
0.00037594747858526203,0.0008952579622439192,-6.198241627210198e-05,0.0002628413035477839,-0.00022798507325759402,-0.00041251229191085917,1.467324228700809e-05,0.00016341243483917531,-4.2121504461998865e-05,0.0003961963647393774,-0.0009376996950218686,0.0003427954038537898,-0.00031358090325272136,-0.00045524230591511156,4.0078125
0.0003759474785852205,0.0008952579622437537,-6.198241627198852e-05,0.0002628413035476913,-0.00022798507325750325,-0.000412512291911255,1.4673242286759405e-05,0.00016341243483929742,-4.21215044621317e-05,0.00039619636474002315,-0.0009376996950219117,0.000342795403853641,-0.00031358090325281395,-0.00045524230591498195,4.015625
0.00037594747858561516,0.0008952579622441565,-6.198241627186931e-05,0.00026284130354783486,-0.00022798507325720582,-0.0004125122919109467,1.467324228686515e-05,0.00016341243483945978,-4.212150446192605e-05,0.0003961963647402584,-0.0009376996950216956,0.00034279540385380615,-0.0003135809032526704,-0.0004552423059146363,4.0234375
0.0003759474785857724,0.0008952579622443764,-6.198241627169912e-05,0.000262841303548089,-0.00022798507325710442,-0.00041251229191052225,1.4673242287075351e-05,0.00016341243483957883,-4.212150446161827e-05,0.0003961963647404175,-0.0009376996950213068,0.00034279540385387944,-0.00031358090325241627,-0.0004552423059145931,4.03125
0.0003759474785837757,0.0008952579622424542,-6.198241627353096e-05,0.000262841303546144,-0.00022798507325884077,-0.00041251229191247235,1.4673242285169034e-05,0.00016341243483778678,-4.212150446359793e-05,0.000396196364738443,-0.0009376996950233808,0.00034279540385201743,-0.00031358090325436127,-0.0004552423059164942,4.0390625
0.00037594747858262645,0.0008952579622406925,-6.19824162749085e-05,0.0002628413035448923,-0.00022798507326039208,-0.0004125122919138574,1.467324228366939e-05,0.0001634124348365586,-4.2121504465059995e-05,0.0003961963647366822,-0.0009376996950245906,0.0003427954038505047,-0.000313580903255613,-0.000455242305917704,4.046875
0.00037594747858343743,0.0008952579622419623,-6.19824162739788e-05,0.00026284130354582036,-0.000227985073259196,-0.0004125122919129741,1.467324228461552e-05,0.00016341243483754568,-4.212150446418771e-05,0.00039619636473781533,-0.0009376996950235536,0.0003427954038517926,-0.0003135809032546849,-0.00045524230591666707,4.0546875
0.00037594747858532785,0.0008952579622439635,-6.198241627191371e-05,0.0002628413035478185,-0.00022798507325717286,-0.00041251229191099985,1.4673242286958637e-05,0.00016341243483939725,-4.2121504461995504e-05,0.00039619636473998813,-0.0009376996950218253,0.0003427954038537068,-0.0003135809032526868,-0.00045524230591485233,4.0625
0.0003759474785853039,0.0008952579622439931,-6.19824162722764e-05,0.00026284130354769256,-0.00022798507325755973,-0.00041251229191088904,1.4673242286888015e-05,0.00016341243483907259,-4.212150446213698e-05,0.00039619636474004196,-0.0009376996950219981,0.0003427954038534461,-0.0003135809032528127,-0.00045524230591511156,4.0703125
0.0003759474785854835,0.0008952579622442306,-6.198241627192866e-05,0.0002628413035479089,-0.00022798507325744557,-0.00041251229191080404,1.4673242286961895e-05,0.00016341243483938535,-4.212150446188385e-05,0.0003961963647401673,-0.0009376996950216525,0.0003427954038536274,-0.00031358090325259635,-0.00045524230591511156,4.078125
0.00037594747858569474,0.000895257962244557,-6.198241627220231e-05,0.0002628413035476609,-0.0002279850732574376,-0.00041251229191094,1.4673242287048373e-05,0.00016341243483907,-4.212150446181338e-05,0.0003961963647402985,-0.000937699695022171,0.0003427954038534242,-0.00031358090325284436,-0.00045524230591485233,4.0859375
0.0003759474785865786,0.000895257962245906,-6.19824162707347e-05,0.00026284130354905957,-0.00022798507325608492,-0.00041251229190961017,1.467324228839651e-05,0.00016341243484061017,-4.212150446080723e-05,0.00039619636474145993,-0.0009376996950206156,0.00034279540385489545,-0.0003135809032514457,-0.00045524230591372894,4.09375
0.0003759474785872519,0.0008952579622459381,-6.198241627008561e-05,0.00026284130354953527,-0.00022798507325533677,-0.00041251229190913507,1.4673242288952298e-05,0.0001634124348412414,-4.212150446014026e-05,0.00039619636474204107,-0.0009376996950199242,0.0003427954038553965,-0.00031358090325097,-0.00045524230591286477,4.1015625
0.0003759474785860347,0.0008952579622446054,-6.198241627120699e-05,0.00026284130354844613,-0.00022798507325658146,-0.0004125122919103648,1.4673242287384717e-05,0.0001634124348400894,-4.212150446136061e-05,0.00039619636474061567,-0.0009376996950210476,0.0003427954038543631,-0.00031358090325205913,-0.00045524230591398817,4.109375
0.00037594747858462154,0.0008952579622428735,-6.198241627270307e-05,0.00026284130354695324,-0.00022798507325810406,-0.000412512291911833,1.4673242285797013e-05,0.00016341243483849712,-4.212150446282531e-05,0.00039619636473906146,-0.000937699695022171,0.0003427954038529036,-0.000313580903253552,-0.00045524230591597573,4.1171875
0.0003759474785825641,0.0008952579622410108,-6.198241627488941e-05,0.00026284130354504797,-0.0002279850732602039,-0.0004125122919136516,1.4673242283739844e-05,0.00016341243483631085,-4.21215044646877e-05,0.00039619636473698007,-0.0009376996950244177,0.00034279540385073786,-0.0003135809032554573,-0.0004552423059177904,4.125
0.0003759474785830003,0.0008952579622414681,-6.198241627464123e-05,0.0002628413035452407,-0.0002279850732598502,-0.0004125122919130822,1.4673242284571793e-05,0.000163412434836943,-4.2121504464477805e-05,0.00039619636473744253,-0.0009376996950243313,0.0003427954038508838,-0.00031358090325526457,-0.00045524230591735836,4.1328125
0.0003759474785851793,0.0008952579622442792,-6.1982416272156e-05,0.00026284130354780076,-0.00022798507325733368,-0.0004125122919109658,1.467324228685698e-05,0.00016341243483949082,-4.212150446196876e-05,0.00039619636473996314,-0.0009376996950219117,0.0003427954038536793,-0.0003135809032527045,-0.00045524230591493874,4.140625
0.0003759474785864131,0.0008952579622448545,-6.198241627118841e-05,0.00026284130354861803,-0.00022798507325638508,-0.000412512291910126,1.4673242287662157e-05,0.0001634124348401611,-4.2121504461135935e-05,0.0003961963647409031,-0.0009376996950207884,0.0003427954038545449,-0.00031358090325188723,-0.0004552423059140746,4.1484375
0.00037594747858679954,0.0008952579622441654,-6.198241627062607e-05,0.0002628413035482119,-0.00022798507325710258,-0.0004125122919098588,1.4673242287182979e-05,0.0001634124348401514,-4.212150446129775e-05,0.00039619636474062954,-0.0009376996950207884,0.0003427954038545173,-0.00031358090325229337,-0.0004552423059144203,4.15625
0.00037594747858408356,0.0008952579622422194,-6.198241627375043e-05,0.00026284130354608246,-0.0002279850732589437,-0.00041251229191220315,1.4673242285189632e-05,0.00016341243483803801,-4.212150446370482e-05,0.0003961963647384374,-0.0009376996950230999,0.0003427954038520162,-0.0003135809032544228,-0.0004552423059164078,4.1640625
0.00037594747858319847,0.0008952579622417161,-6.198241627433784e-05,0.0002628413035455582,-0.00022798507325967826,-0.00041251229191313957,1.467324228456613e-05,0.00016341243483702664,-4.212150446434351e-05,0.000396196364737606,-0.0009376996950240288,0.0003427954038513704,-0.00031358090325494706,-0.00045524230591727195,4.171875
0.00037594747858458137,0.0008952579622429454,-6.198241627310062e-05,0.00026284130354678535,-0.00022798507325842298,-0.00041251229191196565,1.4673242285870679e-05,0.00016341243483834324,-4.212150446296963e-05,0.0003961963647391195,-0.0009376996950227758,0.00034279540385246087,-0.0003135809032537199,-0.0004552423059158893,4.1796875
0.00037594747858714475,0.0008952579622459729,-6.198241627022775e-05,0.00026284130354946994,-0.00022798507325551658,-0.0004125122919092964,1.4673242288711372e-05,0.00016341243484102385,-4.21215044603366e-05,0.00039619636474210384,-0.000937699695020097,0.00034279540385538535,-0.0003135809032510353,-0.00045524230591286477,4.1875
0.00037594747858616203,0.0008952579622450121,-6.19824162713399e-05,0.00026284130354845117,-0.000227985073256571,-0.0004125122919100922,1.4673242287836532e-05,0.00016341243484024325,-4.212150446134822e-05,0.00039619636474118146,-0.0009376996950211772,0.0003427954038543524,-0.0003135809032520541,-0.000455242305914161,4.1953125
0.0003759474785846262,0.000895257962243478,-6.198241627280253e-05,0.00026284130354732805,-0.00022798507325817206,-0.0004125122919117832,1.4673242286458574e-05,0.00016341243483876297,-4.2121504462404336e-05,0.00039619636473926735,-0.0009376996950225166,0.0003427954038527796,-0.0003135809032531772,-0.00045524230591545726,4.203125
0.0003759474785846659,0.0008952579622434026,-6.198241627282515e-05,0.0002628413035471549,-0.00022798507325790503,-0.00041251229191167476,1.4673242286032608e-05,0.00016341243483884444,-4.212150446266066e-05,0.00039619636473916153,-0.0009376996950226894,0.00034279540385262415,-0.00031358090325335036,-0.0004552423059156733,4.2109375
0.00037594747858498524,0.0008952579622436624,-6.198241627231519e-05,0.0002628413035473561,-0.00022798507325770006,-0.00041251229191135037,1.4673242286429435e-05,0.00016341243483900369,-4.21215044624049e-05,0.00039619636473946685,-0.000937699695022171,0.0003427954038531659,-0.0003135809032531492,-0.0004552423059153708,4.21875
0.00037594747858513984,0.0008952579622439617,-6.198241627216487e-05,0.00026284130354754375,-0.00022798507325743375,-0.0004125122919111145,1.4673242286704957e-05,0.00016341243483922394,-4.21215044622057e-05,0.00039619636473985553,-0.0009376996950218253,0.0003427954038535855,-0.0003135809032529615,-0.000455242305915198,4.2265625
0.00037594747858570645,0.00089525796224435,-6.198241627170271e-05,0.0002628413035482826,-0.0002279850732570448,-0.00041251229191062834,1.4673242286988907e-05,0.0001634124348398745,-4.2121504461791525e-05,0.0003961963647404575,-0.0009376996950215661,0.0003427954038538322,-0.0003135809032522227,-0.0004552423059145067,4.234375
0.0003759474785857447,0.000895257962244213,-6.198241627157962e-05,0.00026284130354826355,-0.00022798507325695155,-0.0004125122919107031,1.4673242287028016e-05,0.00016341243483985145,-4.212150446186791e-05,0.000396196364740264,-0.0009376996950214797,0.0003427954038540127,-0.0003135809032522417,-0.00045524230591444185,4.2421875
0.00037594747858556957,0.0008952579622441679,-6.198241627178321e-05,0.0002628413035480643,-0.00022798507325697253,-0.000412512291910898,1.4673242287039886e-05,0.00016341243484001319,-4.2121504461659144e-05,0.00039619636474029566,-0.0009376996950215228,0.00034279540385383315,-0.000313580903252441,-0.00045524230591448506,4.25
0.0003759474785839883,0.000895257962242854,-6.19824162735644e-05,0.0002628413035465902,-0.00022798507325886896,-0.00041251229191232425,1.4673242285693651e-05,0.0001634124348377422,-4.212150446350138e-05,0.00039619636473874043,-0.0009376996950232944,0.0003427954038522041,-0.00031358090325391507,-0.00045524230591619175,4.2578125
0.0003759474785846617,0.0008952579622432375,-6.198241627296542e-05,0.0002628413035469862,-0.00022798507325825118,-0.00041251229191178557,1.4673242286182867e-05,0.0001634124348382923,-4.2121504462993966e-05,0.00039619636473911594,-0.0009376996950226894,0.00034279540385269164,-0.00031358090325351906,-0.0004552423059158029,4.265625
0.0003759474785857483,0.0008952579622439938,-6.198241627196945e-05,0.0002628413035478358,-0.00022798507325725805,-0.0004125122919107798,1.4673242286947461e-05,0.00016341243483932588,-4.212150446203563e-05,0.00039619636474004776,-0.0009376996950214958,0.00034279540385383813,-0.0003135809032526695,-0.00045524230591498195,4.2734375
0.00037594747858510846,0.0008952579622436715,-6.198241627236696e-05,0.0002628413035474319,-0.00022798507325768664,-0.0004125122919112764,1.4673242286318788e-05,0.00016341243483889323,-4.212150446233317e-05,0.00039619636473974587,-0.000937699695022171,0.0003427954038532695,-0.00031358090325307335,-0.000455242305915198,4.28125
0.0003759474785836299,0.0008952579622422155,-6.198241627393309e-05,0.000262841303545886,-0.00022798507325946416,-0.0004125122919127589,1.4673242285075752e-05,0.00016341243483726614,-4.2121504464075986e-05,0.0003961963647383392,-0.0009376996950236832,0.00034279540385192186,-0.00031358090325461926,-0.0004552423059167967,4.2890625
0.00037594747858303996,0.0008952579622414084,-6.198241627475419e-05,0.00026284130354520507,-0.00022798507326018011,-0.00041251229191321346,1.4673242284039724e-05,0.0001634124348366553,-4.212150446458885e-05,0.0003961963647375134,-0.0009376996950244177,0.000342795403850587,-0.0003135809032553002,-0.0004552423059175312,4.296875
0.00037594747858470833,0.0008952579622428672,-6.198241627283671e-05,0.00026284130354703347,-0.00022798507325795254,-0.00041251229191186287,1.4673242285821134e-05,0.0001634124348384585,-4.212150446275151e-05,0.0003961963647390077,-0.0009376996950224302,0.0003427954038531221,-0.0003135809032534718,-0.0004552423059157597,4.3046875
0.0003759474785870401,0.0008952579622455021,-6.198241627043243e-05,0.0002628413035492524,-0.00022798507325570157,-0.0004125122919095268,1.4673242288267942e-05,0.0001634124348411178,-4.2121504460667085e-05,0.00039619636474153675,-0.000937699695020097,0.00034279540385529357,-0.00031358090325125286,-0.00045524230591321047,4.3125
0.00037594747858572645,0.0008952579622445164,-6.198241627165711e-05,0.0002628413035479599,-0.00022798507325692455,-0.0004125122919106712,1.4673242287277004e-05,0.00016341243483985337,-4.2121504461808825e-05,0.0003961963647403764,-0.0009376996950215661,0.00034279540385409097,-0.00031358090325254534,-0.00045524230591437707,4.3203125
0.00037594747858315754,0.0008952579622418908,-6.198241627430705e-05,0.0002628413035455701,-0.0002279850732596861,-0.00041251229191306005,1.4673242284770233e-05,0.00016341243483698018,-4.212150446427869e-05,0.00039619636473777603,-0.0009376996950242449,0.00034279540385126185,-0.00031358090325493514,-0.00045524230591735836,4.328125
0.0003759474785837657,0.0008952579622412986,-6.198241627381498e-05,0.0002628413035458484,-0.0002279850732591058,-0.0004125122919127795,1.46732422851232e-05,0.00016341243483734627,-4.212150446370383e-05,0.0003961963647378085,-0.0009376996950234672,0.0003427954038516086,-0.0003135809032546569,-0.00045524230591666707,4.3359375
0.00037594747858659777,0.0008952579622449539,-6.198241627031179e-05,0.0002628413035482985,-0.00022798507325660265,-0.00041251229191012945,1.4673242287803302e-05,0.00016341243484036168,-4.2121504460577015e-05,0.0003961963647408434,-0.0009376996950202698,0.0003427954038550184,-0.00031358090325220674,-0.00045524230591390176,4.34375
0.00037594747858899467,0.0008952579622474922,-6.198241626835341e-05,0.0002628413035513374,-0.0002279850732537556,-0.0004125122919073495,1.4673242290527495e-05,0.00016341243484310357,-4.212150445853802e-05,0.00039619636474361663,-0.0009376996950181959,0.00034279540385719894,-0.00031358090324916783,-0.0004552423059112661,4.3515625
0.0003759474785868662,0.0008952579622454952,-6.198241627071103e-05,0.0002628413035491968,-0.00022798507325619402,-0.00041251229190935945,1.467324228847046e-05,0.00016341243484077882,-4.2121504460863685e-05,0.0003961963647414196,-0.0009376996950201834,0.00034279540385498316,-0.0003135809032513085,-0.00045524230591368573,4.359375
0.0003759474785840813,0.0008952579622423785,-6.198241627361628e-05,0.0002628413035463167,-0.0002279850732589346,-0.00041251229191225763,1.4673242285248808e-05,0.00016341243483774916,-4.2121504463536494e-05,0.00039619636473846244,-0.0009376996950233808,0.00034279540385217307,-0.00031358090325418856,-0.00045524230591666707,4.3671875
0.00037594747858355436,0.0008952579622420996,-6.198241627404996e-05,0.0002628413035459974,-0.00022798507325929175,-0.0004125122919126353,1.467324228469683e-05,0.0001634124348375118,-4.212150446382089e-05,0.0003961963647381068,-0.0009376996950235536,0.0003427954038516613,-0.00031358090325450785,-0.0004552423059170127,4.375
0.0003759474785840034,0.0008952579622424965,-6.198241627356358e-05,0.00026284130354626016,-0.00022798507325875162,-0.0004125122919122074,1.4673242285451186e-05,0.0001634124348378896,-4.212150446335555e-05,0.00039619636473870937,-0.0009376996950233808,0.00034279540385220435,-0.0003135809032542451,-0.0004552423059164942,4.3828125
0.0003759474785848614,0.0008952579622434115,-6.198241627257945e-05,0.00026284130354720076,-0.00022798507325809216,-0.0004125122919113481,1.4673242286464996e-05,0.00016341243483869973,-4.212150446263489e-05,0.00039619636473960855,-0.0009376996950226894,0.00034279540385301956,-0.0003135809032533045,-0.00045524230591545726,4.390625
0.0003759474785846267,0.0008952579622433912,-6.198241627275944e-05,0.0002628413035471702,-0.00022798507325805736,-0.00041251229191170994,1.4673242285984048e-05,0.00016341243483847403,-4.212150446302298e-05,0.0003961963647392817,-0.0009376996950225166,0.0003427954038528946,-0.00031358090325333507,-0.0004552423059158029,4.3984375
0.00037594747858477235,0.0008952579622436672,-6.198241627238283e-05,0.00026284130354729183,-0.00022798507325767084,-0.00041251229191158407,1.467324228623037e-05,0.00016341243483878403,-4.212150446249334e-05,0.0003961963647394614,-0.000937699695022171,0.00034279540385303604,-0.0003135809032532134,-0.00045524230591545726,4.40625
0.00037594747858496106,0.0008952579622443833,-6.198241627181368e-05,0.0002628413035472875,-0.0002279850732571937,-0.0004125122919107792,1.4673242286617713e-05,0.0001634124348389963,-4.2121504462172215e-05,0.0003961963647398376,-0.0009376996950218253,0.00034279540385371177,-0.00031358090325321776,-0.00045524230591493874,4.4140625
0.0003759474785843841,0.0008952579622428575,-6.198241627293682e-05,0.00026284130354672957,-0.00022798507325847933,-0.00041251229191189534,1.4673242286011371e-05,0.00016341243483832592,-4.2121504463056816e-05,0.0003961963647390791,-0.0009376996950227758,0.0003427954038524832,-0.0003135809032537757,-0.0004552423059157165,4.421875
0.0003759474785846198,0.0008952579622430261,-6.19824162727242e-05,0.0002628413035469007,-0.00022798507325807327,-0.00041251229191187377,1.4673242285945365e-05,0.0001634124348385798,-4.2121504462885424e-05,0.0003961963647393136,-0.0009376996950224302,0.00034279540385284685,-0.00031358090325360455,-0.0004552423059157165,4.4296875
0.0003759474785855018,0.0008952579622441197,-6.198241627160763e-05,0.00026284130354769673,-0.00022798507325689393,-0.00041251229191094444,1.4673242287023306e-05,0.0001634124348398219,-4.212150446172158e-05,0.0003961963647399122,-0.0009376996950216525,0.00034279540385396287,-0.00031358090325280853,-0.0004552423059146795,4.4375
0.0003759474785858191,0.0008952579622444753,-6.198241627129352e-05,0.0002628413035480866,-0.00022798507325678358,-0.0004125122919106517,1.4673242287385408e-05,0.00016341243483990135,-4.212150446169126e-05,0.00039619636474029886,-0.0009376996950213933,0.0003427954038540316,-0.00031358090325241865,-0.00045524230591424745,4.4453125
0.00037594747858421854,0.0008952579622426859,-6.198241627330804e-05,0.00026284130354655507,-0.00022798507325864204,-0.00041251229191195947,1.467324228564621e-05,0.00016341243483819896,-4.212150446324022e-05,0.0003961963647387853,-0.0009376996950230999,0.00034279540385229374,-0.0003135809032539502,-0.0004552423059159433,4.453125
0.00037594747858362624,0.0008952579622420459,-6.198241627367286e-05,0.0002628413035461409,-0.00022798507325937366,-0.0004125122919125095,1.4673242285329046e-05,0.00016341243483744612,-4.2121504463821924e-05,0.000396196364738253,-0.0009376996950235536,0.00034279540385175083,-0.00031358090325436436,-0.00045524230591666707,4.4609375
0.0003759474785848848,0.0008952579622431919,-6.198241627271986e-05,0.0002628413035472199,-0.0002279850732579618,-0.00041251229191121804,1.4673242286221815e-05,0.0001634124348392304,-4.2121504462576806e-05,0.0003961963647394154,-0.0009376996950223438,0.00034279540385288333,-0.00031358090325328536,-0.0004552423059152844,4.46875
0.0003759474785849484,0.0008952579622434915,-6.198241627264293e-05,0.0002628413035471084,-0.0002279850732578328,-0.000412512291911518,1.4673242286451534e-05,0.00016341243483876345,-4.212150446251768e-05,0.0003961963647398357,-0.000937699695022171,0.0003427954038529625,-0.00031358090325339687,-0.0004552423059152844,4.4765625
0.0003759474785842643,0.0008952579622427308,-6.198241627336372e-05,0.0002628413035465817,-0.00022798507325862133,-0.0004125122919121962,1.4673242285461842e-05,0.0001634124348379504,-4.212150446331907e-05,0.00039619636473875377,-0.0009376996950230352,0.00034279540385238677,-0.0003135809032539236,-0.00045524230591632137,4.484375
0.00037594747858541745,0.0008952579622440313,-6.198241627212669e-05,0.0002628413035477569,-0.00022798507325747237,-0.00041251229191099643,1.467324228676748e-05,0.00016341243483935692,-4.212150446203546e-05,0.00039619636473996964,-0.0009376996950218686,0.00034279540385364504,-0.00031358090325274836,-0.00045524230591498195,4.4921875
0.00037594747858606245,0.0008952579622447688,-6.198241627130488e-05,0.0002628413035484876,-0.00022798507325664787,-0.00041251229191027045,1.4673242287669647e-05,0.00016341243484001126,-4.212150446130544e-05,0.00039619636474074756,-0.0009376996950209612,0.00034279540385433784,-0.00031358090325201766,-0.0004552423059140746,4.5
0.00037594747858628194,0.0008952579622450642,-6.198241627116442e-05,0.0002628413035485258,-0.00022798507325660333,-0.00041251229190998877,1.4673242287734243e-05,0.00016341243484000313,-4.212150446118922e-05,0.000396196364740966,-0.0009376996950207884,0.00034279540385431394,-0.00031358090325197944,-0.00045524230591424745,4.5078125
0.00037594747858381197,0.0008952579622425528,-6.198241627358994e-05,0.0002628413035460989,-0.00022798507325911445,-0.0004125122919122875,1.4673242285436505e-05,0.00016341243483762244,-4.2121504463616366e-05,0.00039619636473858344,-0.0009376996950235536,0.0003427954038518454,-0.0003135809032544064,-0.0004552423059164942,4.515625
0.00037594747858601767,0.0008952579622446915,-6.198241627141444e-05,0.00026284130354836,-0.00022798507325685826,-0.0004125122919102865,1.4673242287592479e-05,0.00016341243483987292,-4.212150446147263e-05,0.00039619636474068484,-0.0009376996950213068,0.0003427954038541383,-0.00031358090325214527,-0.0004552423059145067,4.5234375
0.0003759474785888084,0.0008952579622473905,-6.198241626835367e-05,0.000262841303551113,-0.00022798507325425118,-0.0004125122919077981,1.4673242290399471e-05,0.00016341243484289041,-4.2121504458627837e-05,0.00039619636474370776,-0.0009376996950183688,0.0003427954038570208,-0.00031358090324939226,-0.0004552423059113093,4.53125
0.00037594747858707455,0.0008952579622459501,-6.198241627006474e-05,0.00026284130354951933,-0.00022798507325531335,-0.00041251229190927434,1.4673242288740633e-05,0.00016341243484118093,-4.21215044604269e-05,0.00039619636474179127,-0.0009376996950201834,0.0003427954038555152,-0.00031358090325098593,-0.0004552423059132969,4.5390625
0.0003759474785836649,0.0008952579622424804,-6.198241627338485e-05,0.00026284130354611634,-0.00022798507325900584,-0.00041251229191265217,1.46732422848541e-05,0.00016341243483750494,-4.212150446369361e-05,0.00039619636473826176,-0.0009376996950234024,0.0003427954038519291,-0.0003135809032543889,-0.0004552423059165158,4.546875
0.00037594747858132524,0.0008952579622399188,-6.19824162763477e-05,0.0002628413035438859,-0.00022798507326128776,-0.00041251229191503584,1.4673242282653192e-05,0.00016341243483508302,-4.212150446611179e-05,0.00039619636473568905,-0.0009376996950258004,0.00034279540384911627,-0.00031358090325661934,-0.00045524230591951874,4.5546875
0.00037594747858158035,0.0008952579622399858,-6.198241627544022e-05,0.0002628413035442646,-0.00022798507326099852,-0.00041251229191466754,1.4673242282711785e-05,0.00016341243483574772,-4.2121504465701436e-05,0.00039619636473592075,-0.0009376996950254548,0.00034279540384994346,-0.0003135809032562407,-0.0004552423059186546,4.5625
0.00037594747858224687,0.0008952579622401969,-6.198241627509171e-05,0.0002628413035446456,-0.00022798507326028596,-0.00041251229191395153,1.467324228342927e-05,0.00016341243483634912,-4.212150446504415e-05,0.0003961963647366319,-0.0009376996950247634,0.00034279540385066386,-0.00031358090325585964,-0.0004552423059179633,4.5703125
0.0003759474785849591,0.0008952579622433502,-6.198241627234833e-05,0.0002628413035473437,-0.0002279850732577126,-0.00041251229191139596,1.467324228613135e-05,0.00016341243483900084,-4.212150446263033e-05,0.0003961963647393287,-0.0009376996950223438,0.00034279540385330265,-0.00031358090325316155,-0.00045524230591545726,4.578125
0.00037594747858689127,0.0008952579622455393,-6.19824162705077e-05,0.0002628413035491957,-0.00022798507325595102,-0.00041251229190954333,1.4673242288309126e-05,0.000163412434840867,-4.2121504460696454e-05,0.0003961963647414024,-0.0009376996950204426,0.00034279540385508296,-0.00031358090325130957,-0.0004552423059133833,4.5859375
0.00037594747858628617,0.0008952579622450052,-6.198241627113024e-05,0.0002628413035485323,-0.00022798507325666443,-0.0004125122919099668,1.4673242288047606e-05,0.0001634124348401924,-4.212150446105089e-05,0.0003961963647409592,-0.000937699695021134,0.0003427954038543027,-0.00031358090325197293,-0.00045524230591420425,4.59375
0.0003759474785846878,0.0008952579622432334,-6.198241627290183e-05,0.0002628413035466315,-0.00022798507325830664,-0.0004125122919113486,1.4673242286492642e-05,0.00016341243483803145,-4.212150446295159e-05,0.00039619636473940375,-0.0009376996950228622,0.0003427954038529199,-0.00031358090325387376,-0.0004552423059158893,4.6015625
0.0003759474785862821,0.0008952579622447635,-6.198241627123518e-05,0.000262841303548545,-0.00022798507325666375,-0.0004125122919101605,1.4673242287856314e-05,0.00016341243483999622,-4.2121504461302204e-05,0.0003961963647408279,-0.0009376996950210044,0.00034279540385437536,-0.00031358090325196025,-0.00045524230591429066,4.609375
0.0003759474785885051,0.0008952579622474541,-6.198241626893084e-05,0.00026284130355088407,-0.00022798507325408915,-0.0004125122919077652,1.4673242290146613e-05,0.00016341243484249547,-4.212150445895514e-05,0.0003961963647432915,-0.000937699695018628,0.0003427954038568877,-0.0003135809032496212,-0.00045524230591169817,4.6171875
0.00037594747858739997,0.0008952579622462434,-6.19824162702792e-05,0.00026284130354947385,-0.00022798507325542684,-0.00041251229190915074,1.4673242288731101e-05,0.0001634124348411684,-4.212150446032478e-05,0.00039619636474189725,-0.0009376996950200106,0.000342795403855326,-0.0003135809032510314,-0.00045524230591312406,4.625
0.0003759474785839971,0.0008952579622423924,-6.19824162735776e-05,0.0002628413035462552,-0.0002279850732588572,-0.00041251229191237613,1.467324228536237e-05,0.00016341243483803812,-4.212150446353207e-05,0.00039619636473869663,-0.0009376996950233808,0.0003427954038520162,-0.0003135809032542501,-0.00045524230591632137,4.6328125
0.0003759474785828341,0.0008952579622411321,-6.198241627460377e-05,0.0002628413035451702,-0.0002279850732599362,-0.00041251229191351996,1.4673242284001337e-05,0.0001634124348368199,-4.212150446462545e-05,0.00039619636473731644,-0.0009376996950245042,0.000342795403850912,-0.00031358090325533505,-0.0004552423059176176,4.640625
0.0003759474785843433,0.0008952579622427865,-6.198241627301212e-05,0.0002628413035466801,-0.0002279850732584552,-0.0004125122919119838,1.4673242285555737e-05,0.0001634124348384711,-4.212150446313653e-05,0.0003961963647388655,-0.0009376996950227327,0.0003427954038524598,-0.0003135809032538252,-0.00045524230591597573,4.6484375
0.0003759474785838191,0.000895257962242236,-6.198241627365474e-05,0.0002628413035461612,-0.00022798507325909757,-0.00041251229191261666,1.4673242285306762e-05,0.00016341243483754817,-4.212150446358527e-05,0.0003961963647383578,-0.0009376996950234024,0.0003427954038518983,-0.0003135809032543441,-0.00045524230591660223,4.65625
0.0003759474785824703,0.0008952579622409914,-6.198241627499163e-05,0.00026284130354476727,-0.00022798507326034012,-0.0004125122919138947,1.4673242283952099e-05,0.00016341243483618387,-4.212150446493796e-05,0.0003961963647371486,-0.0009376996950248498,0.00034279540385069297,-0.000313580903255738,-0.0004552423059180065,4.6640625
0.00037594747858392646,0.000895257962242653,-6.198241627328337e-05,0.00026284130354639737,-0.00022798507325855018,-0.00041251229191255877,1.4673242285066105e-05,0.0001634124348380987,-4.212150446343627e-05,0.00039619636473868524,-0.0009376996950231216,0.00034279540385227043,-0.0003135809032541079,-0.0004552423059164078,4.671875
0.0003759474785866382,0.0008952579622454512,-6.198241627045638e-05,0.0002628413035492052,-0.0002279850732556752,-0.0004125122919097702,1.467324228806592e-05,0.0001634124348409353,-4.2121504460791714e-05,0.00039619636474126256,-0.000937699695020097,0.0003427954038550878,-0.0003135809032513001,-0.00045524230591321047,4.6796875
0.00037594747858609074,0.000895257962244904,-6.198241627123404e-05,0.00026284130354860963,-0.0002279850732564335,-0.0004125122919100108,1.4673242287633502e-05,0.00016341243484019642,-4.212150446108967e-05,0.0003961963647409553,-0.0009376996950207884,0.00034279540385453105,-0.00031358090325189563,-0.00045524230591398817,4.6875
0.0003759474785835859,0.0008952579622415092,-6.198241627410177e-05,0.0002628413035458196,-0.00022798507325988876,-0.0004125122919130688,1.4673242284532352e-05,0.00016341243483719052,-4.2121504464424124e-05,0.00039619636473780243,-0.0009376996950238993,0.00034279540385177566,-0.00031358090325468566,-0.00045524230591722874,4.6953125
0.0003759474785854546,0.0008952579622440841,-6.198241627222321e-05,0.0002628413035479747,-0.00022798507325725472,-0.0004125122919106371,1.4673242287087437e-05,0.0001634124348391974,-4.2121504462155444e-05,0.0003961963647401402,-0.0009376996950218253,0.0003427954038535406,-0.00031358090325253054,-0.0004552423059147659,4.703125
0.00037594747858798317,0.0008952579622467266,-6.198241626933056e-05,0.000262841303550241,-0.0002279850732547819,-0.0004125122919084787,1.467324228943403e-05,0.00016341243484185535,-4.212150445963296e-05,0.0003961963647425977,-0.0009376996950194057,0.0003427954038560907,-0.0003135809032502643,-0.0004552423059123463,4.7109375
0.00037594747858691127,0.0008952579622454778,-6.198241627040514e-05,0.00026284130354922714,-0.00022798507325582943,-0.00041251229190943187,1.46732422881042e-05,0.00016341243484092126,-4.2121504460588765e-05,0.0003961963647414084,-0.0009376996950202698,0.0003427954038552173,-0.0003135809032512781,-0.0004552423059132969,4.71875
0.00037594747858441755,0.0008952579622427368,-6.198241627293416e-05,0.00026284130354673927,-0.0002279850732584036,-0.00041251229191211614,1.4673242285455321e-05,0.00016341243483840992,-4.212150446315712e-05,0.0003961963647386692,-0.0009376996950228622,0.00034279540385250955,-0.000313580903253766,-0.00045524230591614855,4.7265625
0.00037594747858227246,0.0008952579622407314,-6.198241627530296e-05,0.0002628413035446099,-0.00022798507326042463,-0.0004125122919141573,1.46732422834869e-05,0.00016341243483645578,-4.212150446522764e-05,0.00039619636473674815,-0.000937699695025109,0.0003427954038502979,-0.00031358090325589536,-0.0004552423059178769,4.734375
0.0003759474785841361,0.0008952579622427413,-6.198241627333465e-05,0.00026284130354651007,-0.0002279850732586242,-0.0004125122919122389,1.4673242285611443e-05,0.00016341243483802357,-4.2121504463096444e-05,0.0003961963647385802,-0.0009376996950231432,0.00034279540385218646,-0.0003135809032539952,-0.000455242305916127,4.7421875
0.00037594747858536666,0.000895257962243885,-6.198241627209713e-05,0.00026284130354787996,-0.00022798507325740366,-0.00041251229191099594,1.467324228693578e-05,0.0001634124348391191,-4.212150446182496e-05,0.00039619636474008663,-0.0009376996950219981,0.00034279540385367355,-0.0003135809032526253,-0.00045524230591511156,4.75
0.0003759474785838516,0.0008952579622424028,-6.198241627338865e-05,0.00026284130354608273,-0.00022798507325881977,-0.00041251229191208903,1.4673242285956995e-05,0.00016341243483757842,-4.21215044634722e-05,0.0003961963647390315,-0.0009376996950230352,0.00034279540385257775,-0.00031358090325442253,-0.0004552423059164942,4.7578125
0.0003759474785843411,0.0008952579622429948,-6.19824162732305e-05,0.0002628413035470614,-0.00022798507325823085,-0.00041251229191200734,1.4673242285872299e-05,0.00016341243483809043,-4.212150446337629e-05,0.0003961963647394195,-0.000937699695022603,0.00034279540385253845,-0.00031358090325344387,-0.00045524230591597573,4.765625
0.00037594747858626655,0.0008952579622448895,-6.198241627150197e-05,0.00026284130354839853,-0.00022798507325679564,-0.00041251229191016506,1.4673242287642379e-05,0.00016341243483991287,-4.2121504461212365e-05,0.00039619636474094857,-0.000937699695021134,0.00034279540385430434,-0.0003135809032521067,-0.0004552423059140314,4.7734375
0.0003759474785853573,0.0008952579622444631,-6.198241627181567e-05,0.0002628413035478869,-0.00022798507325723076,-0.0004125122919108747,1.4673242287191425e-05,0.0001634124348393995,-4.212150446188811e-05,0.000396196364740298,-0.0009376996950216525,0.0003427954038537658,-0.00031358090325261836,-0.0004552423059144635,4.78125
0.0003759474785841603,0.0008952579622429588,-6.198241627326072e-05,0.00026284130354658006,-0.00022798507325862515,-0.0004125122919120001,1.4673242285967265e-05,0.00016341243483809895,-4.212150446330484e-05,0.0003961963647390887,-0.0009376996950230352,0.00034279540385221465,-0.0003135809032539252,-0.00045524230591632137,4.7890625
0.00037594747858390754,0.0008952579622427487,-6.198241627351389e-05,0.00026284130354621213,-0.00022798507325863372,-0.00041251229191256923,1.4673242285152981e-05,0.00016341243483794613,-4.21215044636151e-05,0.00039619636473824517,-0.0009376996950232944,0.0003427954038522927,-0.00031358090325429313,-0.0004552423059162998,4.796875
0.0003759474785858933,0.0008952579622446711,-6.198241627141196e-05,0.0002628413035483441,-0.00022798507325685763,-0.00041251229191075276,1.4673242287231902e-05,0.00016341243484021734,-4.2121504461466413e-05,0.00039619636474036375,-0.0009376996950214797,0.00034279540385377303,-0.00031358090325216115,-0.000455242305914161,4.8046875
0.00037594747858751815,0.0008952579622459302,-6.198241626981845e-05,0.0002628413035496664,-0.00022798507325525263,-0.0004125122919089456,1.467324228896964e-05,0.00016341243484132073,-4.2121504459971536e-05,0.0003961963647420218,-0.0009376996950197513,0.00034279540385562056,-0.00031358090325083886,-0.00045524230591286477,4.8125
0.0003759474785865204,0.0008952579622449927,-6.198241627088775e-05,0.00026284130354892356,-0.00022798507325622917,-0.00041251229190981557,1.4673242287975275e-05,0.00016341243484043153,-4.2121504460891414e-05,0.00039619636474109955,-0.0009376996950206156,0.0003427954038547338,-0.0003135809032515817,-0.00045524230591379377,4.8203125
0.0003759474785839892,0.0008952579622425646,-6.198241627337904e-05,0.0002628413035464577,-0.00022798507325872262,-0.00041251229191225606,1.4673242285467249e-05,0.0001634124348381087,-4.212150446346479e-05,0.00039619636473876,-0.000937699695023208,0.0003427954038520907,-0.00031358090325404756,-0.00045524230591623496,4.828125
0.00037594747858374605,0.0008952579622423378,-6.198241627369767e-05,0.0002628413035459751,-0.00022798507325899083,-0.0004125122919126433,1.4673242285261928e-05,0.00016341243483780458,-4.2121504463711505e-05,0.0003961963647383099,-0.0009376996950235968,0.0003427954038518387,-0.00031358090325453013,-0.0004552423059165806,4.8359375
0.00037594747858366706,0.0008952579622423467,-6.198241627396287e-05,0.0002628413035462872,-0.00022798507325930812,-0.000412512291912575,1.4673242285211176e-05,0.00016341243483791046,-4.2121504463786084e-05,0.00039619636473772285,-0.0009376996950235536,0.00034279540385178737,-0.00031358090325421805,-0.0004552423059167535,4.84375
0.00037594747858475647,0.0008952579622434754,-6.198241627277522e-05,0.0002628413035467482,-0.00022798507325806942,-0.0004125122919118468,1.4673242285862637e-05,0.00016341243483796884,-4.212150446270058e-05,0.00039619636473903815,-0.0009376996950225166,0.0003427954038529986,-0.00031358090325375704,-0.0004552423059158029,4.8515625
0.0003759474785852563,0.0008952579622435337,-6.198241627231054e-05,0.0002628413035474843,-0.0002279850732577722,-0.00041251229191096895,1.4673242286704066e-05,0.00016341243483898436,-4.212150446224667e-05,0.00039619636473954475,-0.000937699695022171,0.0003427954038532269,-0.000313580903253021,-0.0004552423059152844,4.859375
0.0003759474785849767,0.0008952579622436151,-6.198241627227752e-05,0.0002628413035473902,-0.00022798507325761717,-0.0004125122919111468,1.4673242286505835e-05,0.000163412434839175,-4.21215044623712e-05,0.0003961963647398065,-0.0009376996950219981,0.00034279540385333366,-0.00031358090325311503,-0.00045524230591506836,4.8671875
0.00037594747858322135,0.0008952579622414596,-6.198241627432838e-05,0.00026284130354549694,-0.00022798507325978582,-0.0004125122919131419,1.4673242284250117e-05,0.00016341243483697495,-4.212150446429451e-05,0.00039619636473766084,-0.0009376996950240721,0.0003427954038511183,-0.0003135809032550084,-0.00045524230591735836,4.875
0.0003759474785842529,0.0008952579622426311,-6.198241627333312e-05,0.0002628413035465849,-0.00022798507325864909,-0.0004125122919120908,1.4673242285321378e-05,0.00016341243483782104,-4.212150446334451e-05,0.00039619636473862616,-0.0009376996950230352,0.0003427954038523164,-0.0003135809032539204,-0.00045524230591632137,4.8828125
0.0003759474785869691,0.000895257962245822,-6.198241627025006e-05,0.00026284130354930476,-0.00022798507325580758,-0.00041251229190918316,1.4673242288642723e-05,0.00016341243484097195,-4.212150446032929e-05,0.00039619636474168046,-0.0009376996950201834,0.0003427954038550609,-0.0003135809032512005,-0.0004552423059135561,4.890625
0.000375947478588731,0.0008952579622479744,-6.198241626810178e-05,0.0002628413035513029,-0.00022798507325358892,-0.0004125122919073244,1.4673242290508452e-05,0.0001634124348431097,-4.212150445835415e-05,0.0003961963647439462,-0.0009376996950183688,0.0003427954038572646,-0.00031358090324920236,-0.0004552423059113093,4.8984375
0.00037594747858681933,0.0008952579622455733,-6.198241627045863e-05,0.0002628413035492152,-0.0002279850732557709,-0.000412512291909575,1.4673242288381947e-05,0.00016341243484091896,-4.212150446073669e-05,0.0003961963647415645,-0.0009376996950204426,0.0003427954038550838,-0.00031358090325129005,-0.0004552423059133833,4.90625
0.00037594747858437115,0.0008952579622429949,-6.198241627279189e-05,0.00026284130354671905,-0.00022798507325825793,-0.0004125122919118885,1.46732422857466e-05,0.00016341243483845099,-4.2121504463064826e-05,0.00039619636473896725,-0.0009376996950227327,0.0003427954038527121,-0.0003135809032537862,-0.0004552423059157813,4.9140625
0.00037594747858548885,0.0008952579622440431,-6.198241627190066e-05,0.00026284130354784933,-0.0002279850732569632,-0.00041251229191071367,1.4673242286966757e-05,0.00016341243483963073,-4.212150446192202e-05,0.0003961963647399575,-0.0009376996950217389,0.0003427954038536772,-0.00031358090325265593,-0.0004552423059147659,4.921875
0.000375947478584494,0.0008952579622430797,-6.198241627280968e-05,0.000262841303546923,-0.00022798507325834068,-0.0004125122919116357,1.4673242286199047e-05,0.00016341243483838965,-4.212150446286626e-05,0.00039619636473894415,-0.0009376996950228622,0.00034279540385261326,-0.00031358090325358227,-0.0004552423059158893,4.9296875
0.00037594747858162974,0.0008952579622402081,-6.198241627603895e-05,0.00026284130354393954,-0.00022798507326139567,-0.00041251229191471893,1.4673242282977237e-05,0.00016341243483533615,-4.212150446583926e-05,0.0003961963647361574,-0.0009376996950258436,0.0003427954038496328,-0.0003135809032565657,-0.0004552423059190002,4.9375
0.0003759474785823546,0.000895257962240802,-6.19824162753725e-05,0.0002628413035446453,-0.00022798507326065288,-0.0004125122919141035,1.4673242283731252e-05,0.00016341243483602563,-4.2121504465325414e-05,0.00039619636473706393,-0.0009376996950249362,0.00034279540385040474,-0.00031358090325585996,-0.0004552423059182225,4.9453125
0.0003759474785848357,0.0008952579622434839,-6.19824162725415e-05,0.00026284130354716173,-0.00022798507325774714,-0.00041251229191151267,1.467324228640474e-05,0.00016341243483870374,-4.2121504462644026e-05,0.0003961963647395414,-0.0009376996950222574,0.0003427954038532436,-0.00031358090325334353,-0.0004552423059153708,4.953125
0.00037594747858617423,0.0008952579622447133,-6.198241627098775e-05,0.000262841303548666,-0.00022798507325642433,-0.0004125122919101443,1.4673242287722046e-05,0.00016341243484031405,-4.212150446114682e-05,0.0003961963647404832,-0.0009376996950209612,0.00034279540385445873,-0.00031358090325183925,-0.00045524230591381535,4.9609375
0.0003759474785859722,0.0008952579622441084,-6.198241627151596e-05,0.00026284130354823027,-0.00022798507325688194,-0.00041251229191048756,1.4673242287078184e-05,0.00016341243483992707,-4.212150446155699e-05,0.00039619636474015336,-0.0009376996950214797,0.00034279540385416426,-0.000313580903252275,-0.0004552423059147659,4.96875
0.0003759474785852482,0.0008952579622437335,-6.198241627234567e-05,0.0002628413035475131,-0.00022798507325741486,-0.0004125122919110922,1.4673242286439448e-05,0.00016341243483915087,-4.212150446235377e-05,0.0003961963647398922,-0.0009376996950219117,0.00034279540385332775,-0.00031358090325299214,-0.00045524230591511156,4.9765625
0.00037594747858615244,0.0008952579622447036,-6.198241627114728e-05,0.0002628413035483368,-0.00022798507325655864,-0.0004125122919102976,1.4673242287555738e-05,0.00016341243484011857,-4.212150446126496e-05,0.00039619636474082096,-0.0009376996950210583,0.000342795403854261,-0.00031358090325216847,-0.000455242305914161,4.984375
0.00037594747858485047,0.0008952579622434706,-6.198241627245912e-05,0.0002628413035472516,-0.00022798507325774925,-0.0004125122919115449,1.4673242286083222e-05,0.00016341243483891952,-4.212150446247899e-05,0.00039619636473926686,-0.000937699695022171,0.0003427954038532076,-0.00031358090325325365,-0.00045524230591545726,4.9921875
0.0003759474785848777,0.0008952579622434733,-6.198241627246262e-05,0.0002628413035473776,-0.00022798507325793164,-0.0004125122919111167,1.4673242286233807e-05,0.00016341243483881747,-4.212150446259997e-05,0.00039619636473953493,-0.000937699695022171,0.00034279540385314864,-0.00031358090325312766,-0.0004552423059156301,5.0
